148,12
149,13
176,161
286,240
287,241
32,243
33,244
207,247
484,250
262,278
477,302
362,328
315,366
202,372
315,381
316,382
203,404
462,404
465,434
269,448
226,480
96,506
97,507
98,508
226,545
97,555
309,648
398,648
157,826
158,827
31,856
21,891
22,892
33,941
315,970
323,1002
311,1029
400,1029
213,1045
214,1046
148,1056
124,1088
227,1113
411,1128
390,1131
414,1132
329,1140
376,1175
377,1176
315,1224
397,1300
309,1301
398,1301
213,1302
214,1303
465,1314
466,1315
418,1316
467,1316
108,1372
68,1380
261,1381
93,1460
94,1461
64,1541
418,1592
467,1592
267,1636
275,1672
203,1715
462,1715
315,1725
316,1726
375,1741
225,1755
289,1802
290,1803
291,1804
22,1806
193,1828
82,1852
315,1875
120,2001
328,2003
329,2004
183,2057
184,2058
93,2069
94,2070
456,2082
32,2173
33,2174
311,2271
400,2271
325,2290
193,2344
174,2368
30,2369
175,2369
31,2370
145,2406
146,2407
289,2434
323,2438
310,2474
399,2474
465,2536
376,2594
377,2595
65,2673
310,2772
399,2772
329,2796
275,2800
397,2824
309,2825
398,2825
202,2828
358,2857
176,2889
174,2914
315,2960
329,2985
327,3023
203,3044
462,3044
275,3052
466,3058
418,3059
467,3059
146,3066
466,3076
418,3077
467,3077
419,3078
214,3143
227,3168
275,3175
466,3178
418,3179
467,3179
468,3180
466,3190
418,3191
467,3191
376,3196
377,3197
195,3314
377,3315
457,3317
210,3329
211,3330
212,3331
310,3332
399,3332
457,3351
325,3392
326,3393
323,3404
348,3434
316,3478
93,3560
377,3565
98,3607
32,3634
93,3635
325,3641
226,3644
158,3648
202,3658
464,3667
268,3678
193,3705
329,3795
316,3835
317,3836
310,3843
399,3843
202,3844
203,3845
462,3845
463,3846
389,3849
82,3867
417,3885
418,3886
467,3886
148,3920
323,3995
362,4002
325,4079
326,4080
327,4081
315,4192
389,4205
307,4301
308,4302
193,4336
397,4348
309,4349
398,4349
309,4357
398,4357
315,4440
316,4441
365,4467
329,4509
62,4518
40,4678
468,4755
127,4767
314,4767
128,4768
192,4867
384,4893
466,4948
418,4949
467,4949
193,5019
477,5046
31,5158
193,5202
308,5223
315,5228
316,5229
317,5230
109,5252
392,5254
176,5271
478,5310
128,5362
93,5429
309,5497
398,5497
310,5498
399,5498
202,5499
33,5552
30,5611
175,5611
176,5612
193,5682
392,5779
326,5797
80,5823
321,5823
81,5824
82,5825
195,5897
377,5898
310,5933
399,5933
128,5985
174,5992
275,6030
492,6055
493,6056
323,6106
65,6255
195,6314
377,6315
329,6336
315,6345
202,6366
418,6386
467,6386
275,6406
310,6410
399,6410
176,6448
465,6460
30,6468
175,6468
146,6473
326,6483
323,6586
465,6619
348,6650
455,6705
456,6706
155,6715
80,6811
321,6811
311,6828
400,6828
310,6916
399,6916
323,7175
145,7287
210,7337
455,7447
269,7481
310,7520
399,7520
30,7524
175,7524
176,7525
155,7531
348,7541
313,7608
127,7609
314,7609
315,7610
330,7627
331,7628
210,7655
307,7694
328,7733
329,7734
418,7750
467,7750
310,7752
399,7752
329,7776
416,7792
275,7801
325,7806
397,7842
323,7844
65,7848
329,7890
418,7910
467,7910
267,7926
268,7927
193,7958
267,7979
329,8034
509,8061
79,8088
316,8110
309,8126
398,8126
310,8127
399,8127
327,8185
30,8192
175,8192
176,8193
323,8201
176,8218
455,8298
174,8324
31,8366
32,8367
82,8377
331,8378
332,8379
261,8380
329,8393
456,8484
456,8509
348,8513
93,8546
94,8547
348,8558
195,8566
377,8567
408,8626
315,8674
63,8743
377,8791
319,8804
330,8829
202,8844
155,8870
226,9146
174,9167
65,9345
226,9365
227,9366
193,9373
418,9465
467,9465
97,9486
408,9500
226,9638
499,9708
500,9709
193,9722
194,9723
408,9761
408,9867
128,9916
362,9995
155,10120
329,10146
492,10173
493,10174
455,10320
456,10321
329,10323
330,10324
365,10327
225,10366
226,10367
227,10368
315,10440
94,10488
418,10583
467,10583
32,10585
327,10606
70,10623
495,10715
261,10722
315,10755
307,10855
308,10856
309,10857
398,10857
310,10858
399,10858
192,10892
93,10898
94,10899
418,10913
467,10913
329,10932
203,10975
462,10975
463,10976
464,11083
329,11271
62,11373
98,11514
327,11533
176,11551
150,11747
148,11772
32,11823
193,11847
30,11849
175,11849
176,11850
477,11936
376,11938
377,11939
325,11951
415,11988
416,11989
310,12059
399,12059
456,12184
457,12185
307,12194
453,12195
454,12196
455,12197
310,12205
399,12205
202,12206
176,12213
319,12236
454,12332
455,12333
455,12377
174,12436
176,12573
315,12598
311,12600
400,12600
212,12936
310,12937
399,12937
218,12971
226,13050
315,13120
174,13129
316,13198
317,13199
267,13218
455,13393
294,13400
146,13407
267,13412
268,13413
199,13434
316,13534
275,13683
282,13694
145,13711
218,13796
329,13838
401,13900
93,13972
327,14037
313,14055
127,14056
314,14056
82,14067
93,14119
94,14120
362,14127
348,14157
316,14182
83,14198
290,14266
408,14374
364,14390
327,14439
328,14440
329,14441
323,14484
309,14543
398,14543
310,14544
399,14544
329,14672
289,14727
176,14742
177,14743
456,14859
327,14862
328,14863
329,14864
456,14878
294,14893
267,14936
268,14937
408,14953
499,15045
177,15157
127,15163
314,15163
315,15164
313,15202
377,15225
492,15300
493,15301
302,15308
178,15398
312,15398
179,15399
180,15400
30,15424
175,15424
176,15425
96,15435
97,15436
362,15448
65,15506
386,15537
348,15547
82,15756
128,15822
315,15901
323,15952
278,16094
40,16106
492,16141
475,16179
316,16240
509,16417
207,16532
408,16549
492,16566
275,16614
397,16656
309,16657
398,16657
212,16698
310,16699
399,16699
202,16700
310,16716
399,16716
30,16866
175,16866
401,16900
227,16992
30,17008
175,17008
176,17009
189,17021
190,17022
455,17045
193,17109
365,17151
328,17173
329,17174
329,17261
226,17279
176,17336
329,17351
315,17355
176,17384
63,17465
226,17501
464,17519
465,17520
315,17571
327,17577
176,17588
203,17590
462,17590
487,17618
267,17633
268,17634
316,17750
290,17752
291,17753
128,17883
215,17912
408,17914
310,18017
399,18017
509,18026
464,18039
465,18040
323,18268
143,18292
144,18293
145,18294
193,18306
328,18409
329,18410
65,18419
202,18513
315,18573
97,18577
98,18578
455,18607
456,18608
315,18620
465,18633
493,18664
146,18848
176,18885
203,18887
462,18887
263,18909
210,18916
177,18947
376,19015
196,19016
319,19108
418,19126
467,19126
310,19128
399,19128
311,19129
400,19129
401,19130
202,19247
329,19328
203,19336
462,19336
491,19388
176,19392
193,19415
30,19417
175,19417
176,19418
93,19474
329,19577
329,19661
315,19672
93,19675
454,19717
455,19718
456,19719
329,19721
328,19729
329,19730
465,19747
348,19768
174,19809
465,19824
326,19850
65,19859
193,19911
128,19953
494,19957
495,19958
329,19985
456,19995
329,19997
310,20021
399,20021
32,20052
93,20053
94,20054
83,20109
313,20119
127,20120
314,20120
315,20121
317,20125
318,20126
319,20127
455,20159
456,20160
329,20162
478,20174
311,20260
400,20260
178,20261
312,20261
179,20262
180,20263
148,20309
176,20406
177,20407
418,20413
467,20413
69,20424
333,20424
329,20513
213,20593
491,20626
174,20673
30,20674
175,20674
176,20675
309,20709
398,20709
310,20710
399,20710
148,20733
193,20806
179,20829
397,20849
309,20882
398,20882
364,20924
31,20927
51,20942
30,20947
175,20947
509,20981
510,20982
146,20996
65,21017
210,21037
309,21092
398,21092
21,21132
22,21133
176,21245
128,21261
317,21350
29,21360
261,21376
465,21443
466,21444
418,21445
467,21445
456,21516
327,21519
35,21579
319,21677
320,21678
30,21687
175,21687
225,21704
226,21705
329,21795
408,21815
397,21844
309,21845
398,21845
329,21901
348,21917
454,22008
455,22009
174,22094
315,22106
214,22130
457,22155
210,22187
120,22232
456,22298
457,22299
227,22368
464,22399
465,22400
120,22410
80,22455
321,22455
81,22456
267,22470
414,22484
477,22517
108,22518
65,22548
290,22624
267,22630
401,22649
315,22774
455,22890
94,22896
466,22952
418,22953
467,22953
315,22969
315,23083
308,23142
82,23144
376,23156
196,23157
193,23173
158,23183
478,23244
326,23262
325,23315
326,23316
267,23438
268,23439
269,23440
213,23513
193,23524
31,23562
65,23682
210,23717
69,23727
333,23727
70,23728
155,23773
205,23827
159,23860
210,24011
418,24014
467,24014
80,24031
321,24031
176,24045
174,24080
31,24195
31,24228
313,24284
127,24285
314,24285
397,24310
283,24327
174,24333
193,24349
319,24512
320,24513
455,24516
213,24521
315,24526
456,24543
329,24545
309,24607
398,24607
456,24676
213,24693
491,24749
492,24750
192,24759
261,24783
290,24813
418,24833
467,24833
32,24835
213,24879
68,24892
310,24950
399,24950
267,24974
177,24989
178,24990
312,24990
313,24991
225,24999
365,25067
310,25103
399,25103
194,25271
195,25272
377,25273
329,25326
397,25403
309,25404
398,25404
261,25412
313,25417
127,25418
314,25418
148,25462
30,25465
175,25465
204,25593
310,25613
399,25613
327,25643
174,25690
30,25691
175,25691
323,25693
315,25763
316,25764
392,25878
203,25906
462,25906
377,25950
315,25974
30,26044
175,26044
31,26045
327,26097
328,26098
329,26099
468,26111
456,26151
30,26257
175,26257
289,26259
65,26332
347,26437
362,26448
218,26475
108,26529
418,26550
467,26550
174,26568
261,26596
317,26644
365,26680
318,26734
329,26787
226,26852
323,26862
267,26948
233,27043
316,27062
31,27082
330,27107
145,27119
64,27331
397,27333
318,27336
319,27337
313,27351
127,27352
314,27352
468,27359
464,27392
177,27395
401,27396
310,27453
399,27453
307,27483
308,27484
323,27486
323,27512
68,27590
418,27660
467,27660
315,27892
202,27945
97,27959
329,27988
323,28038
218,28042
267,28048
268,28049
211,28063
315,28079
225,28100
226,28101
283,28157
93,28176
94,28177
224,28228
267,28292
363,28426
418,28533
467,28533
31,28547
275,28572
82,28576
323,28610
263,28626
62,28641
63,28642
360,28664
315,28675
174,28684
323,28777
316,28799
309,28853
398,28853
226,28857
205,28909
309,29013
398,29013
315,29026
316,29027
323,29038
323,29153
381,29193
30,29214
175,29214
310,29216
399,29216
148,29246
183,29264
192,29337
465,29387
466,29391
418,29392
467,29392
176,29552
190,29669
30,29729
175,29729
323,29731
267,29748
176,29751
323,29794
492,29836
317,29860
323,29947
465,30074
408,30102
310,30195
399,30195
202,30196
290,30219
455,30279
176,30283
143,30300
144,30301
457,30303
316,30343
466,30347
418,30348
467,30348
310,30350
399,30350
83,30352
323,30387
268,30457
226,30469
227,30470
214,30494
29,30512
329,30518
203,30520
462,30520
418,30551
467,30551
32,30553
33,30554
418,30586
467,30586
468,30587
315,30603
316,30604
362,30643
389,30710
323,30767
327,30806
327,30809
484,30856
485,30857
279,30883
283,30893
362,30916
363,30917
203,30968
462,30968
397,30970
285,31004
323,31018
146,31050
31,31085
492,31094
493,31095
477,31170
367,31173
22,31174
93,31194
94,31195
302,31202
31,31247
199,31266
93,31269
95,31283
96,31284
263,31290
193,31299
313,31310
176,31358
323,31364
324,31365
93,31369
329,31419
330,31420
195,31457
377,31458
315,31468
315,31550
308,31586
461,31682
226,31733
65,31768
310,31788
399,31788
329,31824
31,31831
40,31869
146,31876
309,31900
398,31900
213,31901
98,31907
267,32024
176,32062
177,32110
178,32111
312,32111
313,32112
127,32113
314,32113
315,32114
30,32225
175,32225
176,32226
31,32279
468,32302
94,32351
176,32374
98,32407
82,32539
267,32584
128,32595
282,32667
283,32674
82,32710
475,32820
476,32821
477,32822
108,32823
278,32829
80,32880
321,32880
322,32881
323,32882
324,32883
330,32886
310,32926
399,32926
275,32981
315,32993
183,33015
461,33035
190,33038
383,33044
29,33056
177,33125
308,33195
227,33249
65,33311
376,33323
196,33324
316,33347
418,33357
467,33357
226,33362
30,33364
175,33364
310,33380
399,33380
465,33394
466,33395
336,33457
302,33482
413,33498
30,33690
175,33690
275,33718
466,33721
418,33722
467,33722
32,33724
455,33760
31,33764
315,33785
212,33790
310,33791
399,33791
150,33830
94,33860
95,33861
96,33862
97,33863
98,33864
315,33899
96,33946
97,33947
108,34018
309,34069
398,34069
310,34070
399,34070
202,34071
291,34096
32,34131
33,34132
176,34136
39,34141
80,34174
321,34174
81,34175
202,34193
316,34232
309,34254
398,34254
212,34292
483,34345
455,34369
174,34507
120,34554
65,34587
203,34648
462,34648
397,34650
420,34652
421,34653
323,34684
324,34685
176,34703
128,34717
267,34746
174,34795
327,34839
261,34849
174,34935
146,35012
83,35044
417,35055
315,35069
315,35081
203,35100
462,35100
204,35101
181,35102
267,35118
268,35119
177,35171
178,35172
312,35172
316,35179
176,35213
82,35214
83,35215
310,35238
399,35238
267,35251
509,35280
275,35296
178,35334
312,35334
313,35335
127,35336
314,35336
456,35345
377,35381
290,35423
291,35424
195,35464
377,35465
108,35583
146,35597
32,35653
315,35694
329,35738
329,35811
177,35837
94,35865
149,35933
65,36080
61,36188
173,36194
311,36203
400,36203
82,36213
64,36223
456,36267
327,36270
380,36285
310,36350
399,36350
456,36356
310,36428
399,36428
193,36528
491,36684
148,36788
227,36790
120,36797
121,36798
32,36805
33,36806
313,36862
282,36970
324,37008
495,37011
310,37129
399,37129
376,37275
377,37276
329,37300
364,37317
417,37352
418,37353
467,37353
330,37370
364,37374
418,37431
467,37431
151,37439
108,37467
275,37474
466,37477
418,37478
467,37478
392,37500
348,37540
193,37549
484,37577
485,37578
315,37589
217,37672
80,37674
321,37674
397,37724
509,37787
327,37794
121,37830
178,37838
312,37838
313,37839
127,37840
314,37840
315,37841
408,37855
30,37905
175,37905
315,37959
120,38018
331,38082
332,38083
261,38084
455,38088
176,38092
464,38112
465,38113
310,38149
399,38149
311,38150
400,38150
177,38189
327,38239
376,38249
377,38250
80,38272
321,38272
322,38273
310,38326
399,38326
177,38434
29,38522
30,38538
175,38538
176,38539
310,38585
399,38585
123,38592
267,38608
66,38641
323,38658
415,38697
416,38698
65,38760
455,38815
80,38836
321,38836
81,38837
192,38952
348,38973
31,39000
418,39064
467,39064
82,39066
65,39079
177,39105
178,39106
312,39106
313,39107
315,39200
268,39215
323,39240
302,39376
477,39424
148,39498
309,39544
398,39544
367,39670
22,39671
492,39685
120,39765
218,39780
416,39818
192,39864
330,39868
193,39964
30,39966
175,39966
176,39967
509,40078
323,40110
315,40185
202,40187
310,40280
399,40280
315,40485
174,40526
455,40539
311,40578
400,40578
178,40579
312,40579
418,40777
467,40777
323,40779
214,40787
65,40798
226,40879
267,40891
128,41102
290,41112
193,41186
419,41232
315,41317
33,41382
367,41464
22,41465
31,41538
329,41570
97,41616
193,41641
148,41655
31,41665
193,41674
315,41683
33,41686
309,41742
398,41742
310,41743
399,41743
83,41745
315,41789
325,41838
326,41839
32,41849
121,41896
310,41903
399,41903
176,41925
267,41965
455,41977
94,41983
176,42017
302,42031
308,42068
309,42069
398,42069
176,42109
128,42113
193,42217
360,42246
361,42247
263,42265
177,42297
178,42298
312,42298
313,42299
127,42300
314,42300
124,42324
176,42349
173,42367
315,42437
416,42497
31,42518
31,42529
31,42562
397,42636
93,42670
94,42671
323,42678
93,42717
94,42718
315,42726
329,42758
218,42777
315,42791
193,42796
30,42798
175,42798
176,42799
492,42878
493,42879
193,42884
456,42920
32,42970
33,42971
376,43002
377,43003
174,43016
94,43045
509,43060
123,43066
275,43070
176,43177
329,43226
330,43227
83,43228
492,43279
176,43383
82,43384
83,43385
493,43452
328,43458
329,43459
96,43471
97,43472
486,43512
315,43529
31,43538
33,43584
174,43623
30,43624
175,43624
310,43626
399,43626
275,43719
380,43846
329,43858
308,43873
477,43962
478,43963
327,43990
329,43997
323,44007
65,44031
66,44032
174,44044
127,44064
314,44064
128,44065
317,44105
500,44138
80,44140
321,44140
81,44141
193,44149
146,44304
384,44327
341,44383
342,44384
179,44393
180,44394
33,44413
207,44416
323,44460
32,44523
93,44524
329,44645
193,44659
40,44690
455,44743
325,44759
326,44760
327,44875
376,44888
377,44889
278,44900
365,44902
157,44938
158,44939
327,44975
329,45012
465,45039
310,45044
399,45044
226,45055
82,45099
310,45107
399,45107
202,45108
389,45143
327,45151
389,45175
315,45319
376,45330
377,45331
302,45413
93,45478
212,45538
310,45539
399,45539
193,45589
492,45596
315,45697
195,45716
377,45717
120,45723
329,45734
193,45746
330,45879
127,45891
314,45891
492,45919
68,45944
261,45945
310,45983
399,45983
310,46061
399,46061
97,46064
98,46065
98,46116
80,46153
321,46153
81,46154
344,46299
345,46300
128,46364
360,46371
361,46372
362,46373
456,46382
329,46384
365,46395
151,46454
146,46475
331,46506
332,46507
267,46514
192,46592
193,46593
279,46674
280,46675
364,46716
278,46739
176,46747
408,46843
183,46896
32,46903
376,46911
196,46912
267,46977
124,47142
316,47162
93,47180
176,47182
327,47388
328,47389
329,47390
31,47403
463,47435
389,47438
267,47520
268,47521
226,47568
30,47570
175,47570
509,47599
157,47613
158,47614
22,47650
108,47732
500,47745
364,47763
365,47764
128,47800
323,47817
310,47843
399,47843
455,47902
456,47903
457,47904
397,47917
309,47918
398,47918
310,47919
399,47919
329,47978
330,47979
31,48064
323,48092
310,48116
399,48116
176,48138
309,48149
398,48149
317,48151
315,48209
195,48221
377,48222
275,48228
291,48230
365,48271
310,48314
399,48314
317,48344
510,48376
176,48387
325,48397
365,48472
174,48511
274,48577
40,48595
364,48597
32,48613
190,48678
465,48706
120,48739
31,48743
263,48751
212,48769
176,48783
174,48792
456,48811
457,48812
65,48888
128,48949
193,49005
362,49028
66,49047
67,49048
68,49049
193,49188
455,49208
148,49214
376,49241
377,49242
330,49283
315,49347
120,49391
415,49413
176,49430
145,49464
294,49468
455,49525
309,49551
398,49551
310,49552
399,49552
178,49560
312,49560
313,49561
176,49619
146,49676
69,49682
333,49682
509,49710
315,49762
377,49783
455,49808
315,49815
323,49826
367,49851
22,49852
146,49868
323,49910
509,49960
510,49961
331,49968
367,50004
22,50005
310,50080
399,50080
315,50091
316,50092
317,50093
37,50122
32,50137
33,50138
315,50261
203,50374
462,50374
192,50411
176,50432
177,50433
210,50452
69,50480
333,50480
70,50481
367,50556
22,50557
69,50570
333,50570
364,50585
454,50603
455,50604
456,50605
148,50627
311,50647
400,50647
302,50660
225,50783
226,50784
227,50785
329,50838
309,50886
398,50886
310,50887
399,50887
82,50897
146,50909
174,50935
267,51039
31,51086
132,51148
227,51227
174,51231
124,51254
327,51271
193,51310
456,51327
457,51366
315,51384
267,51459
268,51460
82,51476
98,51489
509,51498
93,51511
174,51538
392,51544
192,51551
193,51552
30,51554
175,51554
176,51555
325,51576
226,51579
267,51609
302,51636
325,51652
326,51653
367,51684
22,51685
455,51735
456,51736
329,51738
203,51740
462,51740
463,51741
464,51742
509,51780
456,51836
176,51879
417,51981
418,51986
467,51986
310,51988
399,51988
417,52075
158,52132
65,52142
202,52165
148,52243
146,52265
456,52315
329,52317
465,52379
466,52380
418,52381
467,52381
225,52390
315,52405
267,52408
323,52412
177,52427
65,52460
463,52535
307,52597
308,52598
465,52629
466,52630
309,52647
398,52647
174,52744
417,52756
178,52770
312,52770
313,52771
176,52801
323,52813
177,52871
214,52976
146,53081
179,53119
180,53120
65,53187
313,53252
127,53253
314,53253
157,53325
158,53326
199,53329
329,53472
307,53602
308,53603
309,53604
398,53604
33,53609
66,53631
329,53732
193,53736
302,53819
29,53885
282,53890
31,54105
32,54106
93,54107
32,54181
367,54237
22,54238
124,54248
120,54342
80,54394
321,54394
81,54395
367,54417
22,54418
31,54459
32,54460
158,54470
456,54519
408,54535
408,54587
37,54609
146,54626
491,54699
176,54703
315,54800
310,54861
399,54861
392,54889
309,54956
398,54956
146,54972
310,55064
399,55064
120,55076
93,55100
367,55152
22,55153
328,55231
329,55232
456,55249
486,55401
310,55457
399,55457
202,55473
364,55521
176,55549
193,55713
310,55730
399,55730
193,55764
456,55813
392,55822
227,55828
309,56055
398,56055
310,56056
399,56056
202,56057
176,56153
360,56490
361,56491
30,56506
175,56506
327,56567
327,56582
174,56601
418,56631
467,56631
468,56632
174,56670
192,56698
193,56699
455,56703
456,56704
329,56706
261,56729
315,56758
278,56775
226,56874
30,56876
175,56876
176,56877
176,57093
418,57100
467,57100
327,57105
367,57219
22,57220
417,57315
418,57316
467,57316
316,57332
31,57400
309,57503
398,57503
310,57504
399,57504
69,57566
333,57566
70,57567
310,57581
399,57581
158,57635
267,57712
268,57713
205,57840
206,57841
417,57940
176,58041
315,58089
413,58096
417,58187
148,58205
478,58219
310,58349
399,58349
69,58466
333,58466
261,58559
397,58578
267,58634
31,58637
195,58680
377,58681
329,58694
309,58710
398,58710
317,58713
418,58741
467,58741
32,58743
32,58777
386,58842
193,58869
477,58879
376,58881
377,58882
457,58884
320,58893
80,58894
321,58894
418,58926
467,58926
408,58933
456,58971
176,58988
31,59027
32,59028
267,59121
268,59122
159,59133
466,59171
418,59172
467,59172
323,59174
151,59204
315,59210
148,59258
315,59297
329,59324
323,59352
158,59371
68,59383
69,59384
333,59384
310,59437
399,59437
455,59491
222,59496
330,59548
267,59582
268,59583
455,59631
193,59646
210,59667
30,59702
175,59702
31,59703
455,59762
376,59765
377,59766
