309,17
310,18
457,191
47,244
214,253
230,254
195,266
196,267
79,270
250,270
193,368
194,368
193,369
194,369
193,370
194,370
242,383
146,399
116,401
237,404
381,519
243,533
359,637
360,638
240,648
241,649
360,701
224,733
214,736
362,796
363,797
193,798
194,798
195,799
242,800
153,815
146,864
315,917
193,937
194,937
193,938
194,938
364,939
47,941
48,942
152,961
311,1010
308,1025
309,1026
273,1043
231,1044
193,1065
194,1065
213,1129
289,1139
382,1256
239,1300
240,1301
252,1339
311,1362
322,1398
381,1416
382,1435
309,1578
195,1581
381,1590
309,1614
214,1629
216,1675
237,1715
65,1742
330,1759
214,1799
230,1800
273,1814
155,1828
309,1917
166,2057
310,2067
244,2130
381,2149
382,2150
381,2154
228,2156
229,2157
230,2158
231,2159
47,2174
309,2197
193,2200
194,2200
396,2245
230,2267
231,2268
363,2269
193,2278
194,2278
193,2279
194,2279
382,2288
297,2294
155,2344
388,2355
215,2402
230,2415
273,2472
231,2473
193,2489
194,2489
193,2490
194,2490
193,2491
194,2491
193,2492
194,2492
193,2493
194,2493
269,2494
363,2523
276,2561
75,2614
358,2621
117,2636
118,2637
383,2644
198,2645
230,2652
235,2739
232,2756
381,2790
236,2797
239,2824
240,2825
363,2826
381,2847
309,2951
365,2962
236,2986
382,3009
309,3041
237,3044
238,3045
381,3084
282,3133
261,3180
227,3187
309,3200
330,3269
382,3323
382,3390
273,3412
156,3443
151,3459
193,3465
194,3465
193,3466
194,3466
193,3467
194,3467
196,3479
273,3668
155,3705
367,3726
297,3742
237,3845
343,3849
344,3850
363,3888
282,3916
214,3951
230,3952
118,3954
381,3969
146,4097
147,4098
230,4103
234,4124
235,4125
363,4138
193,4139
194,4139
273,4174
343,4205
228,4214
229,4215
230,4216
252,4245
260,4279
363,4281
195,4282
196,4283
155,4336
239,4348
240,4349
240,4357
232,4358
309,4365
309,4378
356,4388
231,4389
363,4390
357,4411
358,4412
196,4442
363,4498
193,4499
194,4499
364,4500
243,4590
309,4637
157,4676
261,4755
358,4756
73,4763
74,4764
273,4848
231,4849
363,4850
364,4851
233,4852
234,4853
235,4854
153,4866
154,4867
324,4883
368,4917
363,4951
216,4957
155,5019
156,5020
83,5057
362,5149
241,5150
242,5151
128,5177
310,5194
155,5202
282,5267
407,5419
408,5420
234,5438
235,5439
231,5448
276,5451
240,5497
48,5513
47,5552
230,5603
280,5634
281,5635
279,5657
280,5658
347,5678
155,5682
156,5683
157,5684
151,5772
273,5787
147,5866
316,5913
317,5914
396,5949
288,5975
359,5987
133,6070
230,6119
235,6156
230,6203
231,6204
241,6205
196,6206
198,6225
48,6286
309,6318
359,6321
193,6364
194,6364
231,6409
128,6422
324,6425
252,6575
191,6604
142,6620
232,6813
146,6831
191,6894
192,6895
195,6896
196,6897
362,6915
388,6933
381,7073
297,7150
297,7168
65,7284
66,7285
67,7286
73,7334
74,7335
75,7336
153,7354
73,7431
347,7490
359,7512
153,7565
282,7597
283,7598
74,7653
75,7654
356,7671
156,7699
128,7706
239,7842
153,7954
155,7958
235,8004
362,8013
244,8085
240,8126
236,8394
146,8406
116,8408
116,8530
358,8572
151,8655
156,8778
157,8779
230,8840
231,8841
363,8842
116,9029
347,9063
118,9233
348,9286
48,9321
252,9341
155,9373
153,9520
319,9643
316,9644
317,9645
318,9646
368,9662
155,9722
381,9786
273,9822
52,9935
241,9943
242,9944
274,9968
275,9969
362,10090
236,10135
382,10142
74,10281
75,10282
312,10443
313,10444
382,10612
310,10699
391,10726
282,10817
283,10818
309,10835
49,10844
240,10857
154,10892
310,10896
73,10906
74,10907
311,10919
236,10974
237,10975
275,10982
276,10983
232,10992
309,11047
273,11084
75,11113
76,11114
153,11122
309,11236
310,11237
234,11239
235,11240
83,11261
347,11364
363,11379
193,11380
194,11380
288,11403
73,11424
309,11441
310,11496
309,11526
364,11529
233,11530
80,11558
309,11721
309,11795
79,11812
250,11812
155,11847
365,12028
280,12044
281,12045
231,12058
282,12086
283,12087
224,12142
225,12143
360,12156
361,12157
381,12200
231,12204
309,12263
284,12289
363,12324
195,12325
196,12326
115,12330
215,12375
83,12380
317,12382
216,12419
318,12422
382,12486
193,12550
194,12550
126,12551
252,12771
230,12788
231,12789
363,12790
193,12791
194,12791
364,12792
365,12793
309,12833
422,12840
423,12841
74,12951
145,12953
146,12954
364,12978
365,12979
280,13033
364,13037
157,13052
49,13070
149,13095
116,13103
382,13178
156,13202
127,13217
157,13439
242,13535
442,13599
215,13611
313,13628
274,13686
275,13687
276,13688
297,13738
252,13792
382,13811
236,13839
273,13865
348,13899
216,13915
142,13937
309,13942
310,14117
74,14145
151,14172
242,14183
409,14224
79,14226
250,14226
229,14267
230,14268
231,14269
409,14312
83,14341
141,14426
240,14543
252,14638
231,14730
436,14788
325,14815
236,14829
457,14883
75,14898
156,15136
116,15155
241,15186
142,15266
310,15467
156,15541
311,15578
198,15649
297,15791
153,15816
83,15834
84,15835
79,15848
250,15848
251,15849
252,15850
233,15903
234,15904
235,15905
252,15926
309,15931
127,15944
128,15945
197,15953
252,16034
252,16042
364,16062
347,16112
252,16156
236,16223
309,16238
196,16241
457,16323
363,16429
364,16430
365,16431
76,16442
358,16639
359,16640
239,16656
240,16657
266,16731
267,16732
268,16733
282,16743
153,16771
363,16819
193,16820
194,16820
364,16821
368,16829
273,16837
235,16850
362,16867
232,16868
235,16898
147,17041
116,17057
309,17073
155,17109
156,17110
355,17186
356,17187
361,17335
236,17352
310,17400
311,17401
87,17428
381,17533
237,17590
347,17603
146,17615
347,17678
383,17701
273,17722
231,17723
232,17724
309,17748
359,17885
116,17937
368,17973
309,18002
142,18041
116,18061
153,18149
198,18183
407,18275
381,18296
382,18297
155,18306
156,18307
356,18309
231,18310
363,18311
364,18312
231,18329
241,18330
314,18384
309,18437
216,18500
49,18630
142,18634
322,18641
236,18666
382,18698
87,18713
104,18738
310,18785
237,18887
320,18910
235,18935
215,18966
147,18987
92,18999
63,19013
64,19014
82,19014
236,19068
249,19097
79,19098
250,19098
458,19151
459,19152
191,19245
151,19258
237,19336
361,19391
155,19415
311,19510
347,19534
157,19543
142,19625
236,19662
362,19677
232,19678
236,19731
142,19748
277,19755
381,19781
310,19789
364,19819
365,19820
142,19825
309,19840
310,19841
216,19885
155,19911
281,20091
282,20092
283,20093
193,20123
194,20123
195,20124
214,20156
215,20157
232,20210
312,20222
328,20230
126,20234
127,20235
360,20285
315,20372
320,20373
289,20512
309,20525
358,20632
240,20709
230,20723
235,20747
157,20799
155,20806
156,20807
239,20849
240,20882
310,20894
340,20898
142,21080
240,21092
363,21093
309,21143
309,21180
361,21244
316,21276
153,21319
193,21348
194,21348
195,21349
297,21381
364,21419
153,21432
277,21508
278,21509
288,21537
288,21571
243,21621
324,21808
51,21835
239,21844
240,21845
363,21846
74,21939
145,21941
277,22001
278,22002
83,22012
381,22062
115,22117
116,22118
117,22119
363,22128
235,22200
75,22255
142,22401
275,22451
309,22466
127,22469
214,22487
215,22488
216,22489
280,22525
127,22529
309,22539
229,22625
230,22626
231,22627
127,22629
364,22767
233,22768
234,22769
235,22770
236,22771
309,22793
283,22800
309,22864
363,22929
282,22942
363,22955
127,22971
382,22979
383,22980
381,23007
152,23041
381,23103
320,23134
85,23135
155,23173
128,23291
288,23311
155,23524
382,23588
214,23662
230,23663
232,23732
325,23738
311,23767
330,23914
146,23940
116,23942
363,24000
74,24009
75,24010
382,24052
235,24084
249,24128
79,24129
250,24129
83,24214
84,24215
132,24249
133,24250
239,24310
313,24337
155,24349
156,24350
309,24393
460,24445
288,24508
362,24520
382,24552
382,24572
409,24573
240,24607
396,24661
231,24692
153,24706
157,24722
153,24758
154,24759
347,24807
230,24877
231,24878
363,25005
193,25006
194,25006
193,25007
194,25007
273,25101
231,25102
312,25133
326,25156
309,25167
360,25179
382,25225
236,25327
231,25356
363,25357
126,25358
127,25359
239,25403
240,25404
282,25501
317,25519
87,25531
216,25589
242,25765
347,25811
457,25848
310,25901
234,25903
235,25904
236,25905
237,25906
279,25913
280,25914
310,25942
311,25943
415,25976
382,26015
157,26025
383,26104
198,26105
261,26111
358,26112
359,26113
380,26146
380,26160
347,26180
236,26226
310,26267
382,26471
309,26500
381,26548
133,26627
280,26640
316,26742
157,26797
382,26909
383,26910
230,26922
273,27016
231,27017
127,27019
361,27081
436,27156
239,27333
261,27359
358,27360
359,27361
273,27393
364,27464
79,27489
250,27489
356,27510
236,27540
133,27576
134,27577
388,27641
363,27662
223,27668
134,27725
142,27745
49,27784
381,27847
288,27899
153,28026
230,28045
319,28074
316,28075
236,28112
310,28174
309,28242
84,28324
321,28325
269,28359
236,28366
409,28456
309,28508
325,28539
382,28543
193,28677
194,28677
195,28678
196,28679
458,28703
87,28706
273,28775
231,28792
223,28849
224,28850
225,28851
240,28853
232,28854
381,28865
382,28866
363,28878
195,28879
234,28913
235,28914
156,28953
356,28960
357,28961
278,28987
278,28990
143,28996
116,29012
240,29013
196,29028
116,29036
115,29048
328,29104
231,29119
363,29120
196,29137
87,29169
133,29188
80,29191
157,29196
157,29204
362,29215
87,29228
198,29263
166,29264
310,29271
316,29286
116,29294
117,29295
118,29296
117,29310
118,29311
154,29337
236,29398
243,29403
79,29411
250,29411
357,29430
358,29431
359,29432
83,29468
236,29506
382,29522
388,29527
389,29528
390,29529
422,29557
363,29698
197,29732
362,29740
232,29741
363,29774
193,29775
194,29775
195,29776
242,29777
363,29858
195,29859
116,29945
282,30014
142,30075
348,30117
146,30120
116,30122
356,30176
231,30177
232,30178
150,30222
198,30274
157,30287
158,30288
309,30317
193,30320
194,30320
193,30321
194,30321
126,30322
309,30425
289,30483
309,30491
83,30498
236,30519
237,30520
63,30547
381,30549
47,30554
381,30584
261,30587
358,30588
359,30589
196,30605
156,30627
348,30654
316,30694
343,30710
362,30755
241,30756
196,30757
361,30779
249,30801
79,30802
250,30802
87,30813
382,30825
358,30875
359,30876
193,30911
194,30911
193,30912
194,30912
381,30948
236,30967
237,30968
238,30969
239,30970
355,30976
356,30977
363,30982
195,30983
196,30984
356,31043
231,31044
363,31045
363,31165
193,31166
194,31166
88,31172
64,31183
82,31183
83,31212
84,31213
155,31299
356,31328
231,31329
363,31330
193,31331
194,31331
364,31332
312,31334
282,31396
362,31490
232,31491
309,31545
127,31552
169,31557
347,31575
359,31599
360,31600
195,31665
156,31713
146,31739
116,31741
366,31744
367,31745
152,31818
147,31890
214,31892
240,31900
127,32023
193,32116
194,32116
381,32129
147,32215
148,32216
328,32297
261,32302
356,32451
347,32505
359,32597
383,32704
198,32705
235,32762
236,32763
87,32919
356,32921
347,32975
229,32983
230,32984
357,32985
198,33014
166,33015
234,33051
281,33090
282,33091
283,33092
241,33121
383,33147
198,33148
87,33159
282,33166
241,33203
196,33204
197,33205
198,33206
241,33232
242,33348
243,33349
232,33359
356,33378
231,33379
134,33488
344,33492
273,33503
231,33504
232,33505
309,33541
359,33544
360,33545
83,33651
317,33653
275,33692
340,33768
236,33813
142,33974
143,34025
240,34069
228,34095
230,34098
231,34099
363,34100
195,34101
196,34102
147,34127
273,34129
47,34132
277,34152
278,34153
193,34191
194,34191
362,34216
240,34254
232,34255
151,34262
230,34285
231,34286
363,34287
241,34293
196,34294
158,34318
159,34319
363,34337
364,34338
457,34372
128,34405
381,34445
276,34496
277,34497
156,34573
327,34629
328,34630
309,34639
236,34647
237,34648
238,34649
239,34650
235,34758
236,34759
216,34821
382,34872
383,34873
198,34874
309,34950
356,34970
231,34971
241,34972
365,35071
366,35072
367,35073
193,35083
194,35083
195,35084
237,35100
117,35116
328,35137
152,35221
153,35222
362,35237
415,35239
216,35299
309,35319
147,35365
148,35366
149,35367
327,35403
328,35404
230,35426
357,35494
358,35495
198,35525
236,35739
214,35773
230,35774
236,35812
49,35831
309,35905
288,35918
146,35940
310,36096
74,36113
52,36178
356,36197
231,36198
363,36199
193,36200
194,36200
193,36201
194,36201
358,36410
359,36411
358,36469
152,36472
316,36505
155,36528
309,36553
409,36559
309,36617
230,36701
152,36718
309,36748
273,36768
47,36806
48,36807
198,36817
309,36834
146,36848
147,36849
387,36871
151,36907
328,36933
283,36936
362,37128
273,37229
363,37253
126,37254
127,37255
83,37279
363,37355
230,37417
381,37429
157,37460
126,37490
127,37491
309,37525
155,37549
156,37550
325,37560
193,37591
194,37591
309,37682
230,37718
239,37724
115,37737
116,37738
389,37763
390,37764
74,37877
75,37878
117,37925
282,38004
309,38027
213,38065
230,38069
231,38148
193,38165
194,38165
359,38263
227,38322
231,38325
193,38392
194,38392
193,38393
194,38393
193,38394
194,38394
364,38395
362,38584
117,38606
74,38778
156,38927
157,38928
154,38952
267,38958
340,38963
384,38992
381,39062
152,39210
151,39233
73,39264
74,39265
273,39396
436,39476
236,39478
116,39543
240,39544
396,39624
322,39715
282,39731
368,39735
153,39863
154,39864
309,39926
92,39938
155,39964
388,40010
330,40054
74,40098
75,40099
388,40177
389,40178
390,40179
309,40205
282,40241
283,40242
156,40250
157,40251
362,40279
347,40304
147,40471
415,40487
382,40528
309,40542
362,40737
232,40738
381,40826
382,40827
409,40828
282,40839
52,40955
236,41107
155,41186
156,41187
78,41202
79,41203
250,41203
231,41291
363,41292
326,41334
381,41337
382,41338
117,41366
75,41374
47,41382
310,41401
361,41537
234,41540
235,41541
310,41635
155,41641
454,41661
155,41674
47,41686
310,41692
251,41725
252,41726
116,41741
240,41742
236,41960
243,42001
240,42069
232,42070
359,42115
235,42126
236,42127
381,42158
155,42217
151,42238
320,42266
321,42267
322,42268
78,42320
382,42475
409,42499
282,42589
239,42636
232,42668
156,42686
310,42715
155,42796
309,42805
310,42806
310,42853
155,42884
156,42885
157,42886
47,42971
382,43090
158,43094
407,43122
408,43123
381,43152
358,43548
282,43554
47,43584
362,43625
87,43677
348,43740
383,43781
384,43782
236,43822
288,43856
289,43857
236,43859
87,43918
356,43920
357,43921
382,43978
297,44022
232,44089
87,44100
356,44102
231,44103
241,44104
155,44149
87,44255
92,44291
381,44381
358,44408
47,44413
197,44461
362,44526
133,44584
236,44646
155,44659
157,44688
214,44780
230,44781
79,44829
250,44829
251,44830
252,44831
74,44841
157,44856
458,44973
236,44994
236,45013
231,45043
280,45059
146,45075
147,45076
273,45078
384,45090
343,45143
343,45175
359,45214
309,45334
310,45394
415,45442
309,45475
310,45476
155,45589
279,45664
280,45665
117,45707
155,45746
74,45888
146,45970
362,45982
415,45984
388,46050
146,46056
147,46057
273,46059
231,46060
309,46193
232,46219
157,46233
115,46258
361,46378
310,46479
83,46527
288,46583
289,46584
128,46587
154,46592
155,46593
147,46722
148,46723
230,46733
388,46800
367,46873
368,46874
198,46895
166,46896
198,47000
280,47098
146,47145
147,47146
196,47163
65,47242
416,47261
364,47349
343,47438
289,47517
276,47610
360,47659
147,47667
231,47687
241,47688
196,47689
388,47693
389,47694
390,47695
153,47758
230,47792
147,47839
273,47841
231,47842
458,47865
381,47869
382,47870
309,47882
239,47917
240,47918
313,48009
381,48023
309,48044
310,48045
388,48077
240,48149
241,48150
116,48182
275,48184
276,48185
142,48233
361,48386
416,48479
236,48494
230,48608
363,48632
415,48634
147,48666
148,48667
149,48668
382,48672
147,48696
273,48698
275,48729
320,48752
127,48771
147,48867
273,48869
230,48990
231,48991
155,49005
356,49089
231,49090
283,49131
155,49188
152,49256
282,49400
283,49401
151,49477
240,49551
347,49558
348,49559
364,49613
267,49723
268,49724
233,49764
234,49765
235,49766
358,49793
359,49794
197,49802
198,49803
87,49822
356,49824
279,49844
309,49965
273,49990
115,50013
116,50014
273,50024
231,50025
146,50036
156,50073
230,50126
47,50138
78,50165
273,50175
357,50176
358,50177
359,50178
145,50296
146,50297
236,50373
237,50374
52,50377
157,50390
236,50407
154,50411
151,50447
152,50448
153,50449
456,50465
117,50499
363,50645
280,50710
406,50793
454,50835
48,50844
157,50861
240,50886
382,50928
407,50946
282,50983
153,51079
79,51107
250,51107
214,51131
230,51132
74,51168
142,51179
214,51195
215,51196
155,51310
156,51311
354,51340
158,51342
159,51343
173,51395
362,51482
232,51483
154,51551
155,51552
236,51560
381,51625
407,51649
408,51650
458,51667
459,51668
236,51739
237,51740
282,51927
409,51935
368,51938
74,51947
156,52012
236,52068
157,52157
216,52238
236,52318
127,52407
149,52577
240,52647
127,52649
146,52809
116,52811
282,52819
311,52912
273,53021
230,53105
357,53106
358,53107
133,53296
152,53367
309,53406
382,53417
360,53465
361,53466
310,53516
73,53539
74,53540
75,53541
240,53604
363,53605
193,53606
194,53606
364,53607
47,53609
269,53657
270,53658
358,53684
359,53685
360,53686
155,53736
83,53775
118,53798
360,54103
361,54104
367,54111
273,54128
214,54214
230,54215
78,54220
79,54221
250,54221
127,54311
309,54328
354,54415
359,54456
360,54457
361,54458
309,54487
310,54562
146,54641
361,54702
83,54750
152,54769
153,54770
230,54859
231,54860
234,54883
235,54884
240,54956
232,54957
314,54968
310,54978
311,54979
328,54985
318,55024
231,55063
310,55098
357,55105
356,55131
312,55164
309,55215
152,55332
309,55338
87,55574
277,55666
214,55704
230,55705
155,55713
156,55714
248,55734
155,55764
156,55765
356,55791
231,55792
241,55793
309,55809
436,55927
309,55974
146,56052
116,56054
240,56055
266,56063
157,56069
157,56084
87,56353
381,56512
382,56513
381,56530
288,56564
381,56629
261,56632
358,56633
359,56634
154,56698
155,56699
193,56760
194,56760
364,56761
230,56768
274,56769
275,56770
276,56771
361,56784
382,56921
157,56951
282,56960
115,57009
116,57010
193,57296
194,57296
242,57333
242,57342
157,57467
143,57477
146,57500
116,57502
240,57503
310,57539
362,57580
415,57582
63,57599
116,57613
243,57616
362,57709
127,57711
232,57884
195,57892
416,57932
381,57976
136,57990
224,58184
225,58185
226,58186
152,58232
273,58303
357,58304
358,58305
297,58483
239,58578
381,58684
288,58692
289,58693
312,58704
240,58710
363,58711
195,58712
313,58764
273,58775
155,58869
156,58870
396,58890
157,58913
363,58946
193,58947
194,58947
364,58948
197,58961
273,59067
309,59118
79,59177
250,59177
325,59271
380,59315
267,59336
387,59398
407,59422
408,59423
362,59436
382,59468
283,59486
309,59513
275,59528
64,59556
82,59556
155,59646
360,59653
74,59665
75,59666
357,59738
216,59753
