387,16
388,17
94,48
419,216
393,266
364,289
167,366
390,367
414,367
391,368
392,368
415,368
416,368
391,369
392,369
415,369
416,369
391,370
392,370
415,370
416,370
167,381
287,403
288,404
432,426
236,528
237,529
238,530
299,572
125,668
330,688
450,688
317,765
391,798
392,798
415,798
416,798
393,799
300,855
282,892
283,915
390,936
414,936
391,937
392,937
415,937
416,937
391,938
392,938
415,938
416,938
427,939
167,970
168,971
116,972
474,975
298,977
299,978
388,1026
389,1027
263,1029
362,1036
261,1044
330,1048
450,1048
391,1065
392,1065
415,1065
416,1065
432,1122
253,1137
452,1140
158,1194
167,1224
290,1300
330,1305
450,1305
170,1319
240,1348
203,1364
119,1373
168,1458
389,1480
390,1481
414,1481
239,1569
317,1572
388,1578
389,1579
390,1580
414,1580
393,1581
287,1594
388,1614
302,1635
359,1676
288,1715
167,1725
150,1728
300,1770
301,1771
302,1772
282,1806
350,1815
170,1817
285,1850
286,1851
167,1875
390,1876
414,1876
317,1887
93,1889
214,1905
388,1917
149,1919
452,2004
317,2073
261,2159
388,2197
389,2198
390,2199
414,2199
391,2200
392,2200
415,2200
416,2200
203,2212
298,2228
94,2230
389,2233
261,2268
263,2271
390,2277
414,2277
391,2278
392,2278
415,2278
416,2278
391,2279
392,2279
415,2279
416,2279
253,2301
449,2385
261,2473
262,2474
391,2489
392,2489
415,2489
416,2489
391,2490
392,2490
415,2490
416,2490
391,2491
392,2491
415,2491
416,2491
391,2492
392,2492
415,2492
416,2492
391,2493
392,2493
415,2493
416,2493
317,2513
432,2526
284,2540
102,2555
300,2583
350,2653
259,2724
262,2772
452,2796
290,2824
93,2882
285,2922
286,2923
388,2951
239,2952
167,2960
168,2961
449,2982
330,2983
450,2983
451,2984
452,2985
388,3041
239,3042
288,3044
289,3045
359,3048
389,3141
92,3194
117,3194
388,3200
239,3201
300,3279
359,3299
262,3332
158,3386
201,3393
391,3465
392,3465
415,3465
416,3465
391,3466
392,3466
415,3466
416,3466
391,3467
392,3467
415,3467
416,3467
389,3477
300,3516
301,3517
302,3518
259,3631
260,3632
350,3633
297,3661
239,3759
451,3794
452,3795
389,3834
394,3836
262,3843
288,3845
270,3849
253,3961
432,3975
249,4049
335,4061
201,4080
287,4105
219,4124
429,4124
317,4128
391,4139
392,4139
415,4139
416,4139
119,4148
167,4192
241,4195
270,4205
364,4212
350,4217
183,4249
184,4250
393,4282
287,4304
170,4313
290,4348
388,4365
149,4367
388,4378
389,4379
261,4389
167,4440
168,4482
391,4499
392,4499
415,4499
416,4499
427,4500
452,4509
462,4548
388,4637
125,4711
399,4765
92,4799
117,4799
261,4849
427,4851
428,4852
219,4853
429,4853
432,4908
364,4947
186,4958
187,4959
449,5054
150,5064
151,5065
424,5066
317,5070
317,5145
300,5148
300,5157
303,5177
287,5225
167,5228
394,5230
287,5272
432,5321
300,5324
219,5438
429,5438
317,5442
261,5448
387,5482
262,5498
299,5503
235,5533
168,5550
94,5728
201,5797
255,5819
256,5820
257,5821
258,5838
259,5839
317,5919
262,5933
261,6204
149,6303
388,6318
452,6336
167,6345
389,6362
390,6363
414,6363
391,6364
392,6364
415,6364
416,6364
302,6388
261,6409
262,6410
302,6421
303,6422
299,6446
300,6447
287,6449
432,6471
201,6483
432,6528
365,6620
284,6677
232,6683
263,6828
393,6896
327,6909
328,6910
329,6911
300,6914
262,6916
387,7030
346,7051
346,7108
119,7214
389,7236
283,7316
299,7347
93,7460
94,7461
94,7486
262,7520
283,7534
317,7548
167,7610
432,7665
366,7697
367,7698
396,7698
303,7706
452,7734
317,7740
262,7752
451,7775
452,7776
118,7826
290,7842
452,7890
418,7913
419,7914
362,7947
253,7950
317,7998
432,8016
433,8017
452,8034
389,8109
262,8127
287,8194
317,8211
300,8217
432,8253
298,8330
452,8393
287,8532
168,8544
300,8570
346,8614
167,8674
418,8676
253,8809
470,8823
261,8841
283,8890
253,8995
286,9013
255,9108
94,9226
239,9268
240,9269
239,9324
240,9325
93,9416
449,9583
474,9687
258,9710
389,10049
300,10089
452,10146
299,10249
432,10278
452,10323
317,10391
167,10440
168,10441
116,10442
317,10491
283,10645
236,10741
167,10755
168,10756
116,10824
388,10835
239,10836
95,10844
262,10858
287,10915
452,10932
317,10935
239,10953
317,10956
288,10975
388,11047
389,11048
168,11049
169,11050
253,11203
388,11236
219,11239
429,11239
452,11271
317,11330
149,11354
150,11355
391,11380
392,11380
415,11380
416,11380
388,11441
462,11508
388,11526
389,11527
390,11528
414,11528
427,11529
428,11530
300,11550
317,11554
388,11721
239,11722
240,11723
187,11741
388,11795
239,11796
317,11799
287,11851
389,11899
418,11906
419,11907
389,12026
168,12027
261,12058
262,12059
236,12078
255,12082
432,12183
261,12204
262,12205
300,12212
285,12228
330,12232
450,12232
158,12242
388,12263
462,12273
423,12274
424,12275
393,12325
402,12367
359,12420
235,12458
449,12525
93,12544
391,12550
392,12550
415,12550
416,12550
417,12551
239,12567
158,12569
287,12574
447,12584
167,12598
263,12600
395,12657
367,12658
396,12658
94,12721
297,12745
261,12789
391,12791
392,12791
415,12791
416,12791
427,12792
388,12833
284,12866
94,12898
262,12937
329,12941
427,12978
299,12989
427,13037
169,13038
170,13039
95,13070
238,13082
239,13083
240,13084
253,13096
254,13097
255,13098
256,13099
284,13115
167,13120
317,13151
93,13153
346,13171
389,13197
394,13199
395,13200
367,13201
396,13201
194,13220
317,13237
419,13265
94,13327
366,13424
362,13438
423,13441
424,13442
389,13533
284,13588
218,13758
410,13784
452,13838
93,13889
327,13901
365,13937
366,13938
388,13942
239,13943
240,13944
218,14094
93,14134
94,14135
389,14181
119,14188
389,14195
261,14269
118,14332
119,14333
93,14363
452,14441
317,14492
93,14494
262,14544
216,14671
452,14672
261,14730
300,14741
300,14855
432,14858
452,14864
367,15135
396,15135
167,15164
365,15266
316,15368
317,15369
93,15371
253,15376
287,15426
389,15482
297,15498
298,15499
232,15502
449,15522
359,15641
317,15644
93,15724
186,15858
167,15901
168,15902
428,15903
219,15904
429,15904
387,15930
388,15931
303,15945
239,15968
389,16060
390,16061
414,16061
427,16062
255,16089
321,16173
149,16201
150,16202
388,16238
389,16239
427,16430
93,16479
220,16586
236,16634
290,16656
262,16699
262,16716
432,16736
391,16820
392,16820
415,16820
416,16820
427,16821
350,16838
453,16899
327,16901
287,17010
388,17073
346,17088
157,17097
253,17154
452,17174
452,17261
451,17350
452,17351
167,17355
300,17383
317,17387
395,17485
167,17571
287,17589
288,17590
317,17666
261,17723
297,17745
388,17748
389,17749
187,17812
389,17842
287,17939
388,18002
389,18003
168,18004
262,18017
365,18041
92,18064
117,18064
317,18119
363,18308
261,18310
427,18312
261,18329
125,18356
239,18374
317,18377
118,18379
452,18410
388,18437
259,18498
389,18511
92,18531
117,18531
93,18532
167,18573
157,18575
329,18581
184,18605
167,18620
95,18630
365,18634
451,18733
217,18734
258,18795
283,18843
158,18853
287,18886
288,18887
317,18902
182,19013
283,19044
151,19065
424,19066
253,19113
262,19128
263,19129
389,19189
168,19190
116,19191
330,19236
450,19236
452,19328
287,19335
288,19336
92,19511
117,19511
93,19512
94,19558
330,19575
450,19575
451,19576
452,19577
365,19625
451,19660
452,19661
167,19672
168,19673
452,19721
317,19727
452,19730
365,19748
389,19817
390,19818
414,19818
427,19819
365,19825
388,19840
201,19850
470,19853
187,19875
359,19886
452,19985
432,19994
452,19997
449,20015
262,20021
241,20023
284,20095
167,20121
390,20122
414,20122
391,20123
392,20123
415,20123
416,20123
393,20124
394,20125
452,20162
317,20168
389,20203
116,20211
168,20220
116,20221
417,20234
263,20260
300,20405
99,20450
452,20513
388,20525
308,20688
262,20710
290,20849
291,20850
432,20852
432,20885
298,20937
301,20948
158,20971
365,21080
94,21114
282,21133
388,21143
389,21144
287,21164
388,21180
389,21181
389,21346
390,21347
414,21347
391,21348
392,21348
415,21348
416,21348
393,21349
394,21350
198,21377
449,21386
330,21387
450,21387
390,21418
414,21418
427,21419
169,21420
351,21486
432,21515
123,21639
301,21688
302,21689
360,21774
361,21775
362,21776
452,21795
290,21844
390,21863
414,21863
452,21901
158,21946
239,21981
167,22106
203,22191
183,22192
432,22297
449,22301
330,22302
450,22302
253,22348
365,22401
240,22417
388,22466
389,22467
388,22539
94,22562
261,22627
410,22631
453,22648
317,22693
427,22767
428,22768
219,22769
429,22769
167,22774
419,22786
388,22793
350,22808
239,22836
388,22864
389,22865
168,22866
364,22951
167,22969
317,23004
317,23064
167,23083
239,23205
285,23217
286,23218
201,23262
303,23291
299,23303
184,23304
201,23316
317,23346
317,23400
118,23402
119,23403
301,23436
302,23437
351,23563
284,23591
283,23620
284,23621
299,23654
350,23664
474,23673
317,23721
92,23768
117,23768
93,23769
283,23797
284,23798
285,23799
286,23800
158,23802
291,23896
157,24002
470,24090
351,24229
432,24288
290,24310
388,24393
194,24498
99,24500
300,24519
167,24526
168,24527
452,24545
470,24630
389,24648
291,24673
432,24675
261,24692
362,24721
257,24873
258,24874
261,24878
449,24918
317,24939
262,24950
194,24976
286,24988
321,25001
391,25006
392,25006
415,25006
416,25006
391,25007
392,25007
415,25007
416,25007
239,25014
418,25030
481,25034
239,25044
317,25047
261,25102
262,25103
168,25131
116,25132
388,25167
351,25172
367,25270
396,25270
330,25324
450,25324
451,25325
452,25326
366,25343
367,25344
396,25344
261,25356
417,25358
290,25403
149,25420
150,25421
300,25432
351,25440
389,25443
359,25451
149,25559
359,25590
262,25613
470,25679
389,25735
168,25736
169,25737
167,25763
366,25797
283,25819
94,25857
255,25865
219,25903
429,25903
288,25906
99,25924
92,25944
117,25944
167,25974
93,25990
317,26060
452,26099
300,26147
432,26150
151,26223
424,26224
92,26354
117,26354
93,26355
125,26371
286,26387
287,26388
302,26430
285,26434
388,26500
198,26597
394,26644
470,26719
389,26753
168,26754
116,26755
94,26779
452,26787
367,26906
396,26906
258,26919
150,26941
186,27004
261,27017
389,27061
218,27158
298,27176
238,27232
389,27233
390,27234
414,27234
217,27284
203,27314
290,27333
360,27374
453,27378
262,27453
427,27464
424,27538
298,27586
245,27624
365,27745
94,27783
95,27784
299,27846
167,27892
462,27922
452,27988
302,28047
286,28064
167,28079
317,28234
388,28242
410,28293
236,28295
279,28406
388,28508
239,28509
362,28520
167,28675
390,28676
414,28676
391,28677
392,28677
415,28677
416,28677
393,28678
261,28792
238,28797
389,28798
393,28879
218,28912
219,28913
429,28913
366,28951
367,28952
396,28952
253,28956
366,28981
367,28982
396,28982
418,29015
167,29026
121,29068
261,29119
360,29131
284,29140
262,29216
170,29273
166,29419
214,29478
391,29775
392,29775
415,29775
416,29775
393,29776
393,29859
394,29860
214,29939
365,30075
185,30135
359,30136
94,30160
125,30174
261,30177
262,30195
237,30215
238,30216
300,30282
362,30286
388,30317
389,30318
390,30319
414,30319
391,30320
392,30320
415,30320
416,30320
391,30321
392,30321
415,30321
416,30321
417,30322
418,30323
419,30324
236,30339
237,30340
238,30341
389,30342
262,30350
184,30391
388,30425
402,30462
388,30491
389,30492
330,30516
450,30516
451,30517
452,30518
288,30520
239,30533
182,30547
183,30548
149,30596
167,30603
367,30626
396,30626
270,30710
253,30712
93,30724
300,30754
238,30908
389,30909
390,30910
414,30910
391,30911
392,30911
415,30911
416,30911
391,30912
392,30912
415,30912
416,30912
432,30936
300,30939
299,30947
288,30968
289,30969
290,30970
291,30971
292,30972
393,30983
363,31042
261,31044
432,31048
474,31073
321,31112
391,31166
392,31166
415,31166
416,31166
282,31174
261,31329
391,31331
392,31331
415,31331
416,31331
427,31332
116,31333
300,31357
349,31362
366,31372
239,31392
240,31393
452,31419
300,31461
301,31462
302,31463
167,31468
388,31545
239,31546
167,31550
393,31665
150,31667
285,31695
286,31696
395,31711
367,31712
396,31712
351,31743
352,31744
262,31788
452,31824
317,31827
300,31830
299,31856
389,31861
157,31863
158,31864
349,31956
300,32061
317,32077
167,32114
390,32115
414,32115
391,32116
392,32116
415,32116
416,32116
299,32128
287,32227
330,32251
450,32251
359,32267
93,32328
317,32377
249,32440
362,32449
363,32450
239,32479
302,32583
185,32590
359,32591
286,32709
359,32848
360,32849
125,32853
262,32926
317,32929
167,32993
168,32994
219,33051
429,33051
402,33192
403,33193
302,33342
389,33346
261,33379
262,33380
261,33504
388,33541
253,33575
94,33578
255,33583
256,33584
257,33585
258,33586
259,33587
92,33665
117,33665
93,33666
94,33711
239,33714
300,33763
167,33785
262,33791
93,33885
167,33899
432,33919
351,33935
365,33974
255,34047
256,34048
257,34049
262,34070
261,34099
393,34101
321,34106
350,34130
389,34189
390,34190
414,34190
391,34191
392,34191
415,34191
416,34191
300,34215
432,34219
389,34231
236,34261
261,34286
427,34338
303,34405
330,34434
450,34434
389,34458
236,34481
237,34482
283,34524
284,34525
367,34572
396,34572
388,34639
288,34648
289,34649
290,34650
291,34651
300,34682
300,34702
388,34950
261,34971
389,35004
167,35069
168,35070
352,35072
167,35081
390,35082
414,35082
391,35083
392,35083
415,35083
416,35083
393,35084
288,35100
302,35117
238,35177
389,35178
300,35212
300,35236
262,35238
410,35252
359,35300
388,35319
389,35320
168,35321
116,35322
253,35368
300,35395
286,35431
287,35432
299,35436
300,35437
102,35519
449,35554
389,35616
390,35617
414,35617
350,35652
167,35694
452,35738
395,35744
367,35745
396,35745
287,35776
474,35801
298,35803
452,35811
94,35830
95,35831
330,35879
450,35879
388,35905
239,35906
283,35929
470,35990
300,36003
301,36004
93,36023
299,36043
94,36093
432,36110
283,36127
284,36128
285,36129
363,36196
261,36198
391,36200
392,36200
415,36200
416,36200
391,36201
392,36201
415,36201
416,36201
263,36203
286,36212
262,36350
262,36428
329,36432
330,36433
450,36433
317,36444
418,36489
388,36553
285,36611
432,36614
388,36617
389,36618
449,36629
330,36630
450,36630
350,36702
102,36737
388,36748
389,36749
388,36834
184,36857
185,36858
359,36859
239,36886
236,36906
419,36957
410,36982
255,37002
249,37023
237,37068
238,37069
203,37083
183,37084
287,37113
262,37129
410,37150
417,37254
452,37300
418,37481
417,37490
388,37525
366,37583
167,37589
390,37590
414,37590
391,37591
392,37591
415,37591
416,37591
360,37595
388,37682
389,37683
321,37702
290,37724
291,37725
167,37841
168,37842
301,37906
302,37907
302,37926
167,37959
432,37997
387,38026
388,38027
300,38091
287,38093
389,38124
261,38148
262,38149
263,38150
389,38163
390,38164
414,38164
391,38165
392,38165
415,38165
416,38165
284,38210
261,38325
262,38326
157,38327
390,38391
414,38391
391,38392
392,38392
415,38392
416,38392
391,38393
392,38393
415,38393
416,38393
391,38394
392,38394
415,38394
416,38394
427,38395
116,38396
283,38430
284,38431
285,38432
286,38433
259,38566
260,38567
262,38585
302,38607
410,38609
93,38671
157,38712
360,38769
399,38779
300,38818
301,38819
293,38832
302,38847
285,38851
302,38853
395,38925
367,38926
396,38926
283,38966
300,38999
351,39001
296,39114
239,39155
167,39200
419,39280
239,39319
119,39357
350,39397
284,39420
297,39449
284,39534
330,39558
450,39558
286,39597
240,39603
239,39613
125,39668
126,39669
282,39671
214,39675
286,39826
240,39893
149,39906
387,39925
388,39926
239,39927
346,39986
317,40095
284,40113
448,40149
449,40150
167,40185
388,40205
389,40206
432,40209
367,40249
396,40249
262,40280
102,40296
316,40338
317,40339
389,40420
167,40485
449,40498
388,40542
239,40543
263,40578
253,40733
299,40735
300,40736
216,40888
410,40892
449,41258
261,41291
167,41317
238,41400
282,41465
120,41476
121,41477
395,41499
367,41500
396,41500
283,41529
219,41540
429,41540
102,41562
452,41570
359,41598
183,41663
300,41664
203,41668
183,41669
167,41683
168,41684
170,41694
262,41743
253,41762
167,41789
201,41839
262,41903
300,41924
199,41957
184,41975
300,41998
351,42026
214,42047
237,42053
238,42054
402,42065
403,42066
287,42110
151,42161
253,42186
236,42229
237,42230
292,42255
285,42295
286,42296
238,42360
297,42384
167,42437
300,42517
300,42528
203,42532
290,42636
238,42663
367,42685
396,42685
167,42726
236,42751
452,42758
167,42791
317,42802
388,42805
93,42924
350,42969
287,43074
253,43173
299,43175
300,43176
287,43178
239,43191
317,43194
216,43225
452,43226
124,43275
300,43382
149,43410
124,43424
284,43443
317,43456
452,43459
167,43529
157,43531
158,43532
262,43626
317,43629
120,43729
240,43761
452,43858
240,43869
93,43911
452,43997
232,44027
185,44046
359,44047
261,44103
394,44105
158,44143
99,44162
158,44184
253,44267
299,44380
102,44391
284,44397
93,44433
449,44499
93,44564
452,44645
149,44650
150,44651
184,44741
359,44754
201,44760
350,44782
285,44809
423,44858
239,44984
452,45012
261,45043
262,45044
262,45107
270,45143
270,45175
296,45225
238,45228
120,45238
121,45239
122,45240
123,45241
167,45319
388,45334
94,45391
389,45440
388,45475
291,45516
262,45539
418,45657
167,45697
418,45699
184,45726
185,45727
452,45734
253,45809
399,45889
262,45983
334,45986
335,45987
93,45993
449,45999
261,46060
262,46061
157,46062
473,46070
474,46071
388,46193
389,46194
116,46220
93,46247
94,46248
239,46251
92,46346
117,46346
93,46347
423,46357
432,46381
452,46384
94,46476
449,46483
303,46587
93,46613
367,46623
396,46623
474,46706
300,46746
362,46750
253,46777
94,46780
213,46943
187,47102
330,47124
450,47124
236,47130
237,47131
238,47132
389,47133
362,47137
93,47276
102,47325
390,47348
414,47348
427,47349
292,47365
452,47390
300,47402
270,47438
301,47484
302,47485
418,47621
102,47627
282,47650
299,47655
261,47687
149,47702
255,47723
119,47733
258,47746
253,47750
261,47842
262,47843
93,47851
94,47852
387,47881
388,47882
239,47883
290,47917
262,47919
451,47977
452,47978
184,48017
388,48044
198,48060
262,48116
300,48137
394,48151
167,48209
365,48233
286,48304
262,48314
360,48324
394,48344
123,48435
423,48475
424,48476
300,48742
350,48870
351,48871
279,48902
261,48991
432,49071
362,49087
363,49088
261,49090
298,49172
94,49174
158,49221
120,49230
102,49322
167,49347
239,49380
158,49417
300,49429
236,49476
262,49552
389,49611
390,49612
414,49612
427,49613
239,49719
167,49762
168,49763
428,49764
219,49765
429,49765
167,49815
157,49817
185,49836
359,49837
282,49852
283,49863
390,49937
414,49937
388,49965
239,49966
449,49980
350,49991
282,50005
283,50006
261,50025
102,50033
395,50071
367,50072
396,50072
262,50080
167,50091
394,50093
350,50127
239,50232
240,50243
283,50248
284,50249
167,50261
168,50262
288,50374
300,50431
158,50543
268,50555
282,50557
170,50575
321,50629
351,50633
239,50636
317,50639
263,50647
151,50803
424,50804
452,50838
317,50855
262,50887
157,50888
102,50903
366,50948
410,51040
238,51071
239,51072
240,51073
317,51165
365,51179
474,51338
329,51352
330,51353
450,51353
167,51384
93,51415
285,51606
302,51608
287,51642
201,51653
268,51683
282,51685
283,51700
284,51701
183,51709
184,51710
452,51738
288,51740
119,51773
125,51778
423,51848
317,51944
399,51948
262,51988
367,52011
396,52011
287,52031
249,52134
186,52239
102,52253
452,52317
167,52405
433,52501
125,52564
287,52600
94,52615
359,52633
351,52678
395,52685
367,52686
396,52686
300,52800
287,52802
213,52925
283,53289
388,53406
330,53470
450,53470
451,53471
452,53472
283,53482
449,53520
391,53606
392,53606
415,53606
416,53606
427,53607
389,53655
390,53656
414,53656
300,53682
419,53718
330,53730
450,53730
451,53731
452,53732
369,53828
93,53915
94,53916
432,54018
350,54129
93,54141
253,54160
447,54204
282,54238
362,54319
388,54328
282,54418
388,54487
389,54488
317,54492
287,54512
102,54551
94,54559
325,54752
167,54800
261,54860
262,54861
92,54873
117,54873
350,54881
219,54883
429,54883
389,54905
92,54980
117,54980
360,54994
361,54995
358,55021
359,55022
239,55047
261,55063
262,55064
150,55113
282,55153
283,55154
388,55215
452,55232
410,55288
388,55338
102,55451
262,55457
183,55547
300,55548
262,55730
389,55737
418,55739
261,55792
388,55809
432,55812
253,55971
388,55974
449,56022
262,56056
423,56086
424,56087
453,56120
291,56147
432,56149
300,56152
449,56175
473,56203
92,56211
117,56211
448,56309
283,56393
283,56482
284,56483
432,56509
367,56571
396,56571
236,56637
237,56638
238,56639
389,56640
390,56641
414,56641
452,56706
167,56758
390,56759
414,56759
391,56760
392,56760
415,56760
416,56760
427,56761
395,56787
367,56788
396,56788
183,56858
149,56965
102,56975
194,56994
300,57092
284,57191
282,57220
391,57296
392,57296
415,57296
416,57296
389,57331
300,57399
321,57428
362,57466
257,57473
449,57489
262,57504
300,57579
262,57581
203,57588
182,57599
367,57647
396,57647
184,57665
317,57692
283,57716
284,57717
286,57774
287,57775
389,57817
168,57818
317,57831
169,57885
170,57886
389,57890
390,57891
414,57891
393,57892
330,58034
450,58034
300,58040
167,58089
317,58157
389,58175
214,58217
262,58349
286,58411
389,58454
419,58533
334,58541
335,58542
290,58578
291,58579
432,58581
449,58594
452,58694
116,58703
393,58712
394,58713
350,58776
287,58928
391,58947
392,58947
415,58947
416,58947
427,58948
432,58970
232,58994
409,59082
388,59118
167,59210
285,59251
286,59252
167,59297
168,59298
452,59324
300,59350
170,59389
317,59404
262,59437
284,59488
388,59513
124,59593
287,59623
