422,0
232,11
429,17
326,43
400,69
180,74
148,81
258,127
151,161
293,163
211,220
476,244
477,245
103,250
302,254
321,266
240,271
76,274
59,308
291,371
458,371
344,376
422,400
149,413
390,433
286,434
243,491
256,503
257,504
242,519
243,520
241,572
276,573
76,583
77,584
454,646
455,647
456,648
278,656
180,680
204,718
316,723
317,724
318,725
363,738
460,761
290,797
320,797
457,797
463,797
473,797
321,799
177,827
178,828
293,842
422,865
504,892
505,915
474,939
475,940
476,941
431,971
241,978
276,979
365,1004
243,1016
429,1026
430,1027
391,1043
392,1044
291,1066
458,1066
292,1067
459,1067
481,1067
176,1136
460,1142
292,1226
459,1226
481,1226
178,1247
179,1248
243,1260
148,1291
456,1301
286,1314
287,1315
288,1316
452,1344
180,1359
291,1391
458,1391
256,1406
257,1407
242,1416
364,1436
285,1440
431,1458
475,1459
70,1471
427,1471
430,1480
429,1578
430,1579
321,1581
322,1582
242,1590
288,1592
360,1598
233,1609
429,1614
276,1653
302,1800
281,1805
504,1806
389,1812
390,1813
391,1814
277,1831
429,1917
408,1980
60,2080
293,2094
234,2098
251,2134
60,2145
242,2149
364,2151
242,2154
302,2158
392,2159
397,2167
476,2174
429,2197
430,2198
291,2201
458,2201
345,2214
430,2233
302,2267
392,2268
290,2269
320,2269
457,2269
463,2269
473,2269
291,2270
458,2270
291,2280
458,2280
148,2324
302,2415
318,2432
364,2463
452,2467
390,2471
391,2472
392,2473
393,2474
291,2510
458,2510
317,2520
318,2521
289,2522
319,2522
290,2523
320,2523
457,2523
463,2523
473,2523
464,2524
285,2535
286,2536
363,2537
461,2574
276,2598
148,2611
134,2634
302,2652
460,2680
232,2696
363,2709
478,2749
393,2772
292,2773
459,2773
481,2773
242,2790
168,2797
360,2819
456,2825
290,2826
320,2826
457,2826
463,2826
473,2826
291,2827
458,2827
242,2847
291,2861
458,2861
213,2886
150,2888
151,2889
400,2904
277,2916
429,2951
431,2961
168,2986
429,3041
287,3058
288,3059
149,3068
287,3076
288,3077
242,3084
211,3091
317,3115
318,3116
430,3141
275,3146
276,3147
287,3178
288,3179
287,3190
288,3191
429,3200
460,3209
310,3216
311,3217
293,3242
506,3326
462,3331
393,3332
292,3333
459,3333
481,3333
460,3334
180,3356
181,3357
391,3412
291,3468
458,3468
430,3477
277,3562
177,3648
391,3668
211,3709
148,3754
430,3834
317,3840
318,3841
289,3842
319,3842
393,3843
454,3883
288,3886
289,3887
319,3887
290,3888
320,3888
457,3888
463,3888
473,3888
464,3889
465,3890
466,3891
317,3910
318,3911
60,3923
316,3931
317,3932
302,3952
176,3960
242,3969
265,3991
276,4074
302,4103
496,4124
472,4137
290,4138
320,4138
457,4138
463,4138
473,4138
291,4140
458,4140
74,4154
122,4154
391,4174
278,4181
284,4202
302,4216
257,4230
289,4280
319,4280
290,4281
320,4281
457,4281
463,4281
473,4281
321,4282
456,4349
456,4357
429,4365
429,4378
430,4379
392,4389
290,4390
320,4390
457,4390
463,4390
473,4390
291,4391
458,4391
123,4402
180,4446
181,4447
182,4448
431,4482
475,4483
181,4489
182,4490
290,4498
320,4498
457,4498
463,4498
473,4498
474,4500
475,4501
344,4562
429,4637
317,4753
318,4754
185,4766
418,4769
454,4795
455,4796
391,4848
392,4849
290,4850
320,4850
457,4850
463,4850
473,4850
474,4851
495,4852
496,4853
460,4901
345,4911
287,4948
288,4949
289,4950
319,4950
290,4951
320,4951
457,4951
463,4951
473,4951
291,4952
458,4952
292,4953
459,4953
481,4953
293,4954
470,4965
471,4966
167,5067
181,5082
316,5100
317,5101
318,5102
109,5169
110,5180
150,5270
151,5271
418,5363
344,5399
496,5438
392,5448
456,5497
393,5498
241,5503
254,5543
431,5550
475,5551
476,5552
302,5603
151,5612
240,5618
181,5643
182,5644
291,5662
458,5662
461,5736
391,5787
316,5804
108,5879
109,5880
393,5933
258,5953
408,5980
148,6051
293,6059
167,6075
454,6103
455,6104
301,6118
302,6119
278,6163
302,6203
392,6204
181,6259
182,6260
429,6318
430,6362
291,6365
458,6365
288,6386
392,6409
393,6410
292,6411
459,6411
481,6411
460,6412
241,6446
151,6448
285,6459
286,6460
363,6461
289,6525
319,6525
292,6606
459,6606
481,6606
285,6618
286,6619
253,6622
255,6634
276,6711
292,6874
459,6874
481,6874
321,6896
258,6907
275,6913
393,6916
207,6948
233,7040
111,7053
317,7060
318,7061
275,7072
242,7073
111,7110
112,7111
240,7121
233,7166
339,7206
430,7236
292,7238
459,7238
481,7238
505,7316
241,7347
258,7365
292,7407
459,7407
481,7407
211,7480
393,7520
151,7525
505,7534
291,7581
458,7581
258,7606
478,7625
460,7736
288,7750
289,7751
319,7751
393,7752
292,7753
459,7753
481,7753
399,7793
316,7800
363,7804
454,7858
460,7892
288,7910
289,7911
319,7911
167,7944
276,8001
460,8006
181,8026
182,8027
211,8059
430,8109
456,8126
393,8127
292,8128
459,8128
481,8128
344,8149
345,8150
151,8193
454,8206
455,8207
151,8218
285,8302
255,8353
168,8394
422,8407
285,8438
422,8529
431,8544
475,8545
258,8580
460,8699
277,8704
395,8732
277,8788
176,8808
302,8840
392,8841
290,8842
320,8842
457,8842
463,8842
473,8842
291,8843
458,8843
505,8890
276,8928
276,8937
277,8938
211,8992
422,9028
255,9053
316,9096
317,9097
292,9183
459,9183
481,9183
460,9184
148,9250
288,9465
277,9475
167,9483
49,9629
275,9664
276,9665
275,9731
275,9776
276,9777
242,9786
391,9822
180,9833
395,9879
418,9917
317,9940
318,9941
289,9942
319,9942
303,9968
447,10021
448,10022
430,10049
292,10051
459,10051
481,10051
168,10135
169,10136
364,10143
317,10189
316,10212
317,10213
318,10214
241,10249
276,10250
470,10317
400,10380
112,10408
431,10441
360,10472
112,10477
216,10517
217,10518
218,10519
219,10520
288,10583
329,10625
330,10626
505,10645
506,10646
240,10744
431,10756
163,10776
429,10835
456,10857
393,10858
255,10890
288,10913
257,10945
168,10974
111,11005
429,11047
430,11048
431,11049
391,11084
70,11116
427,11116
375,11124
257,11216
429,11236
496,11239
211,11320
257,11327
204,11340
148,11358
460,11369
290,11379
320,11379
457,11379
463,11379
473,11379
291,11381
458,11381
292,11382
459,11382
481,11382
257,11430
268,11435
429,11441
428,11525
429,11526
430,11527
474,11529
495,11530
151,11551
425,11592
429,11721
429,11795
276,11802
277,11803
278,11804
240,11813
151,11850
59,11881
430,11899
108,11943
109,11944
104,11960
454,11965
455,11966
152,11968
430,12026
431,12027
148,12052
149,12053
392,12058
393,12059
190,12071
242,12200
392,12204
393,12205
169,12207
275,12211
151,12213
331,12255
429,12263
293,12271
365,12283
450,12289
290,12324
320,12324
457,12324
463,12324
473,12324
321,12325
257,12353
448,12466
449,12467
460,12515
190,12558
151,12573
49,12626
74,12668
122,12668
75,12669
447,12739
302,12788
392,12789
290,12790
320,12790
457,12790
463,12790
473,12790
474,12792
429,12833
240,12896
454,12922
180,12930
460,12934
461,12935
462,12936
393,12937
422,12955
474,12978
241,12989
276,12990
277,12991
474,13037
120,13077
422,13102
430,13197
277,13225
454,13279
166,13363
167,13364
216,13384
478,13409
167,13443
430,13533
118,13569
318,13618
60,13634
316,13682
303,13686
498,13758
256,13764
109,13802
168,13839
317,13842
318,13843
460,13846
391,13865
478,13891
429,13942
478,14014
276,14042
277,14043
460,14059
471,14065
498,14094
430,14181
430,14195
180,14248
181,14249
182,14250
302,14268
392,14269
180,14275
181,14276
441,14414
362,14426
460,14443
318,14482
359,14532
397,14541
456,14543
393,14544
277,14627
278,14628
460,14674
422,14685
399,14687
120,14702
73,14703
121,14703
74,14704
122,14704
216,14706
397,14724
392,14730
151,14742
478,14827
168,14829
460,14887
278,14890
471,15007
422,15154
185,15162
289,15185
319,15185
257,15196
258,15200
151,15425
202,15479
430,15482
193,15530
345,15559
460,15568
216,15592
400,15613
218,15625
400,15654
148,15659
149,15660
329,15687
333,15728
334,15729
454,15773
455,15774
60,15787
418,15823
419,15824
420,15825
454,15855
315,15899
431,15902
495,15903
496,15904
429,15931
460,15988
331,16049
430,16060
474,16062
475,16063
167,16070
499,16178
166,16221
167,16222
168,16223
429,16238
430,16239
178,16267
254,16333
478,16396
472,16428
290,16429
320,16429
457,16429
463,16429
473,16429
474,16430
506,16439
70,16444
427,16444
276,16526
277,16527
278,16528
497,16586
456,16657
462,16698
393,16699
74,16704
122,16704
317,16713
318,16714
289,16715
319,16715
393,16716
464,16734
134,16764
257,16802
290,16819
320,16819
457,16819
463,16819
473,16819
474,16821
390,16836
391,16837
276,16895
151,17009
276,17048
277,17049
422,17056
429,17073
256,17142
257,17143
425,17145
181,17198
182,17199
257,17222
460,17274
461,17275
216,17296
151,17336
168,17352
275,17382
151,17384
425,17505
286,17520
363,17521
242,17533
243,17534
148,17585
149,17586
150,17587
151,17588
293,17605
454,17625
180,17648
181,17649
182,17650
391,17722
392,17723
429,17748
430,17749
205,17773
206,17774
207,17775
430,17842
254,17863
315,17908
418,17932
419,17933
420,17934
421,17935
422,17936
429,18002
430,18003
431,18004
393,18017
292,18018
459,18018
481,18018
213,18023
286,18040
422,18060
460,18075
317,18141
180,18215
181,18216
182,18217
345,18254
242,18296
392,18310
290,18311
320,18311
457,18311
463,18311
473,18311
474,18312
475,18313
392,18329
72,18389
73,18390
121,18390
429,18437
430,18511
454,18527
455,18528
284,18631
285,18632
286,18633
168,18666
192,18669
347,18719
66,18739
257,18827
505,18843
478,18850
76,18879
151,18885
460,18937
317,18944
318,18945
276,19031
277,19032
505,19044
506,19045
425,19052
193,19064
167,19067
168,19068
240,19099
176,19112
181,19119
182,19120
288,19126
289,19127
319,19127
393,19128
460,19171
430,19189
431,19190
169,19248
478,19276
460,19279
278,19282
148,19291
331,19304
78,19313
180,19351
151,19392
460,19410
151,19418
249,19422
180,19438
73,19479
121,19479
74,19480
122,19480
123,19481
395,19579
168,19662
190,19670
431,19673
475,19674
108,19711
454,19715
460,19723
168,19731
285,19746
286,19747
402,19776
275,19780
242,19781
430,19817
474,19819
285,19823
286,19824
429,19840
478,19866
390,19883
460,19987
460,19999
393,20021
422,20061
360,20101
258,20117
321,20124
460,20164
430,20203
431,20220
291,20245
458,20245
255,20340
256,20341
257,20342
397,20391
151,20406
288,20413
425,20483
429,20525
345,20548
506,20578
293,20620
452,20643
213,20668
151,20675
456,20709
393,20710
302,20723
460,20749
454,20766
216,20804
112,20871
454,20880
455,20881
456,20882
276,20990
339,21023
454,21090
455,21091
456,21092
290,21093
320,21093
457,21093
463,21093
473,21093
464,21094
504,21133
429,21143
430,21144
454,21161
455,21162
429,21180
430,21181
213,21227
151,21245
258,21272
257,21281
430,21346
321,21349
60,21366
474,21419
286,21443
287,21444
288,21445
258,21497
190,21511
217,21765
218,21766
460,21821
456,21845
290,21846
320,21846
457,21846
463,21846
473,21846
291,21847
458,21847
364,21897
149,21950
150,21951
454,21997
454,22006
460,22022
242,22062
218,22069
213,22076
292,22108
459,22108
481,22108
460,22109
290,22128
320,22128
457,22128
463,22128
473,22128
180,22161
181,22162
182,22163
276,22193
276,22235
181,22389
182,22390
286,22400
193,22426
429,22466
430,22467
429,22539
447,22556
277,22573
302,22626
392,22627
167,22647
75,22656
76,22657
292,22701
459,22701
481,22701
257,22760
258,22761
474,22767
495,22768
496,22769
168,22771
429,22793
265,22805
167,22815
207,22819
429,22864
430,22865
431,22866
276,22893
277,22894
207,22903
472,22928
290,22929
320,22929
457,22929
463,22929
473,22929
291,22930
458,22930
287,22952
288,22953
289,22954
319,22954
290,22955
320,22955
457,22955
463,22955
473,22955
291,22956
458,22956
292,22957
459,22957
481,22957
242,23007
292,23085
459,23085
481,23085
460,23086
242,23103
177,23183
75,23283
241,23303
277,23335
277,23338
291,23414
458,23414
471,23511
472,23512
216,23522
276,23556
212,23602
213,23603
425,23615
505,23620
347,23633
241,23654
276,23655
302,23663
60,23669
505,23797
222,23827
258,23843
454,23884
422,23941
277,23950
290,24000
320,24000
457,24000
463,24000
473,24000
291,24001
458,24001
288,24014
151,24045
69,24087
426,24087
70,24088
427,24088
454,24116
150,24194
108,24292
453,24316
454,24317
455,24318
60,24323
429,24393
295,24452
431,24527
258,24590
258,24594
456,24607
430,24648
292,24650
459,24650
481,24650
392,24692
256,24731
425,24739
77,24761
124,24803
288,24833
302,24877
392,24878
216,24922
478,24935
393,24950
186,24992
290,25005
320,25005
457,25005
463,25005
473,25005
464,25008
465,25009
268,25076
60,25082
329,25089
390,25100
391,25101
392,25102
393,25103
431,25131
429,25167
181,25188
182,25189
364,25226
120,25261
72,25276
376,25287
168,25327
317,25330
392,25356
290,25357
320,25357
457,25357
463,25357
473,25357
456,25404
258,25415
275,25431
430,25443
343,25524
390,25587
234,25599
472,25612
393,25613
73,25683
121,25683
430,25735
431,25736
291,25782
458,25782
505,25819
120,25830
73,25831
121,25831
496,25903
168,25905
276,25946
277,25947
339,25964
506,26018
332,26067
460,26101
317,26109
318,26110
216,26116
460,26182
167,26225
168,26226
102,26337
233,26401
207,26482
370,26484
429,26500
242,26548
288,26550
258,26662
430,26753
431,26754
364,26771
243,26819
302,26922
460,26925
478,26945
391,27016
392,27017
76,27051
430,27061
118,27095
166,27105
167,27106
213,27122
276,27151
277,27152
498,27158
70,27167
427,27167
190,27194
430,27233
291,27235
458,27235
292,27236
459,27236
481,27236
258,27245
258,27305
317,27357
318,27358
391,27393
149,27433
393,27453
292,27454
459,27454
481,27454
474,27464
167,27539
168,27540
49,27566
288,27660
289,27661
319,27661
290,27662
320,27662
457,27662
463,27662
473,27662
464,27663
213,27793
241,27846
242,27847
243,27848
302,28045
258,28060
112,28085
168,28112
460,28119
258,28150
191,28204
317,28205
400,28208
475,28218
429,28242
311,28261
448,28262
449,28263
293,28277
452,28287
276,28320
277,28321
213,28342
168,28366
470,28396
429,28508
288,28533
150,28546
460,28590
365,28617
422,28648
321,28678
453,28772
391,28775
392,28792
430,28798
456,28853
242,28865
290,28878
320,28878
457,28878
463,28878
473,28878
321,28879
292,28896
459,28896
481,28896
293,28897
213,28903
222,28909
498,28912
496,28913
419,28963
420,28964
422,29011
456,29013
422,29035
243,29095
311,29110
469,29115
392,29119
290,29120
320,29120
457,29120
463,29120
473,29120
393,29216
292,29217
459,29217
481,29217
291,29237
458,29237
422,29293
190,29365
125,29382
390,29386
286,29387
287,29391
288,29392
167,29397
168,29398
265,29427
168,29506
169,29507
364,29523
150,29551
151,29552
445,29558
425,29684
290,29698
320,29698
457,29698
463,29698
473,29698
464,29699
151,29751
290,29774
320,29774
457,29774
463,29774
473,29774
321,29776
472,29857
290,29858
320,29858
457,29858
463,29858
473,29858
321,29859
125,29866
422,29944
506,29950
249,30012
250,30013
377,30022
90,30025
91,30026
196,30026
285,30073
286,30074
422,30121
392,30177
393,30195
329,30213
176,30221
285,30225
239,30249
240,30250
215,30254
151,30283
429,30317
430,30318
430,30342
287,30347
288,30348
289,30349
319,30349
393,30350
211,30400
212,30401
213,30402
429,30425
276,30435
291,30441
458,30441
148,30449
429,30491
430,30492
168,30519
242,30549
288,30551
476,30554
477,30555
242,30584
288,30586
233,30592
112,30658
452,30670
176,30711
213,30815
111,30844
112,30845
103,30856
430,30909
464,30913
241,30947
242,30948
243,30949
168,30967
289,30981
319,30981
290,30982
320,30982
457,30982
463,30982
473,30982
321,30983
213,31027
392,31044
290,31045
320,31045
457,31045
463,31045
473,31045
464,31046
277,31105
477,31107
49,31154
471,31163
472,31164
290,31165
320,31165
457,31165
463,31165
473,31165
291,31167
458,31167
504,31174
278,31258
277,31271
278,31272
275,31281
258,31308
240,31319
392,31329
290,31330
320,31330
457,31330
463,31330
473,31330
474,31332
471,31338
151,31358
293,31360
465,31470
429,31545
321,31665
422,31740
393,31788
292,31789
459,31789
481,31789
460,31790
211,31809
212,31810
241,31856
276,31857
430,31861
478,31878
456,31900
293,31954
293,31968
258,31979
363,32002
317,32034
151,32062
150,32067
291,32117
458,32117
241,32128
242,32129
400,32131
460,32147
192,32187
421,32214
151,32226
179,32231
211,32258
212,32259
171,32313
276,32348
277,32349
213,32371
150,32373
151,32374
258,32551
84,32568
317,32580
318,32581
328,32620
292,32650
459,32650
481,32650
460,32651
168,32763
460,32816
318,32834
292,32910
459,32910
481,32910
293,32911
289,32925
319,32925
393,32926
302,32984
431,32994
475,32995
251,33025
496,33051
329,33070
330,33071
180,33095
318,33119
289,33120
319,33120
322,33122
454,33144
430,33346
288,33357
289,33358
319,33358
392,33379
393,33380
329,33384
330,33385
331,33386
387,33390
388,33391
389,33392
390,33393
286,33394
287,33395
390,33502
391,33503
392,33504
218,33533
219,33534
429,33541
211,33572
339,33658
149,33670
150,33671
287,33721
288,33722
292,33787
459,33787
481,33787
460,33788
461,33789
462,33790
393,33791
292,33792
459,33792
481,33792
166,33811
167,33812
168,33813
169,33814
170,33815
292,33901
459,33901
481,33901
293,33902
258,33910
70,33928
427,33928
258,33954
293,33993
456,34069
393,34070
454,34086
455,34087
302,34098
392,34099
290,34100
320,34100
457,34100
463,34100
473,34100
321,34101
364,34110
420,34125
421,34126
391,34129
476,34132
149,34134
150,34135
151,34136
460,34177
430,34189
291,34192
458,34192
430,34231
456,34254
302,34285
392,34286
290,34287
320,34287
457,34287
463,34287
473,34287
291,34288
458,34288
292,34289
459,34289
481,34289
460,34290
461,34291
462,34292
277,34315
278,34316
317,34334
318,34335
289,34336
319,34336
290,34337
320,34337
457,34337
463,34337
473,34337
474,34338
475,34339
149,34385
275,34444
242,34445
243,34446
430,34458
146,34517
505,34524
181,34581
429,34639
168,34647
213,34671
151,34703
168,34759
181,34773
182,34774
204,34793
257,34892
112,34906
425,34938
429,34950
422,34956
392,34971
322,34973
430,35004
149,35014
150,35015
123,35048
431,35070
321,35084
322,35085
454,35114
455,35115
276,35159
277,35160
430,35178
258,35202
151,35213
275,35235
393,35238
180,35310
429,35319
430,35320
431,35321
72,35415
73,35416
121,35416
74,35417
122,35417
302,35426
460,35429
461,35430
241,35436
213,35469
291,35591
458,35591
430,35616
291,35618
458,35618
292,35619
459,35619
481,35619
148,35643
149,35644
257,35663
255,35729
168,35739
302,35774
168,35812
277,35863
422,35895
399,35897
429,35905
505,35929
454,35963
60,35999
241,36043
316,36050
329,36122
330,36123
505,36127
425,36154
131,36169
392,36198
290,36199
320,36199
457,36199
463,36199
473,36199
291,36202
458,36202
216,36250
393,36350
316,36367
190,36376
76,36399
454,36407
455,36408
110,36420
393,36428
230,36509
217,36536
218,36537
429,36553
363,36558
429,36617
430,36618
302,36701
276,36724
277,36725
429,36748
430,36749
391,36768
258,36779
181,36783
471,36803
476,36806
60,36830
429,36834
186,36863
460,36888
207,36893
471,36918
207,36977
178,37022
316,37054
393,37129
52,37174
315,37192
278,37207
453,37226
391,37229
470,37250
471,37251
472,37252
290,37253
320,37253
457,37253
463,37253
473,37253
180,37286
288,37353
289,37354
319,37354
290,37355
320,37355
457,37355
463,37355
473,37355
464,37356
465,37357
302,37417
242,37429
288,37431
88,37439
287,37477
288,37478
289,37479
319,37479
429,37525
112,37567
180,37572
181,37573
182,37574
103,37577
464,37592
68,37618
180,37637
181,37638
182,37639
429,37682
430,37683
302,37718
452,37817
453,37818
454,37819
431,37842
400,37851
278,37870
180,37911
460,37915
453,37922
454,37923
455,37924
213,37931
419,37962
420,37963
429,38027
302,38069
151,38092
286,38113
400,38115
430,38124
292,38126
459,38126
481,38126
293,38127
392,38148
393,38149
425,38155
430,38163
291,38166
458,38166
292,38167
459,38167
481,38167
460,38168
422,38320
392,38325
393,38326
233,38352
171,38355
422,38360
474,38395
454,38414
455,38415
505,38430
182,38455
460,38512
151,38539
76,38573
393,38585
256,38594
454,38604
455,38605
402,38612
329,38860
330,38861
181,38935
182,38936
255,38950
505,38966
347,39021
293,39036
242,39062
288,39064
186,39108
334,39163
293,39288
460,39321
76,39367
391,39396
168,39478
422,39542
456,39544
460,39615
211,39635
258,39651
504,39671
211,39800
461,39825
460,39828
60,39846
429,39926
77,39950
151,39967
293,40035
211,40076
257,40092
429,40205
430,40206
251,40233
180,40245
181,40246
182,40247
393,40280
400,40355
275,40359
430,40420
292,40422
459,40422
481,40422
293,40423
447,40507
470,40536
429,40542
182,40612
148,40630
149,40631
150,40632
292,40644
459,40644
481,40644
471,40698
211,40730
241,40735
360,40748
288,40777
242,40826
60,40855
192,40925
191,41054
192,41055
168,41107
190,41143
181,41170
182,41171
318,41231
392,41291
290,41292
320,41292
457,41292
463,41292
473,41292
291,41293
458,41293
242,41337
49,41349
476,41382
364,41433
504,41465
505,41529
496,41540
331,41547
332,41548
475,41556
460,41572
180,41583
181,41584
182,41585
254,41621
216,41639
431,41684
475,41685
476,41686
422,41740
456,41742
393,41743
454,41823
455,41824
152,41826
393,41903
292,41904
459,41904
481,41904
460,41905
151,41925
460,41927
364,41952
168,41960
276,41980
277,41981
180,41989
275,41997
149,42015
150,42016
151,42017
454,42034
456,42069
151,42109
168,42127
206,42137
242,42158
243,42159
216,42260
112,42311
425,42318
151,42349
460,42351
49,42387
74,42465
122,42465
275,42527
243,42552
213,42628
316,42641
192,42642
193,42643
289,42667
319,42667
475,42669
251,42683
292,42728
459,42728
481,42728
460,42760
292,42793
459,42793
481,42793
151,42799
429,42805
425,42849
360,42861
181,42892
182,42893
476,42971
377,42978
60,43034
316,43069
277,43108
277,43144
278,43145
242,43152
243,43153
176,43172
241,43175
151,43177
402,43217
345,43263
453,43296
454,43297
151,43383
256,43468
257,43469
402,43480
292,43496
459,43496
481,43496
460,43497
149,43536
150,43537
476,43584
181,43602
393,43626
345,43632
346,43633
216,43667
454,43778
425,43803
168,43822
168,43859
419,43923
420,43924
275,43943
293,43999
454,44004
455,44005
185,44063
108,44070
109,44071
318,44087
289,44088
319,44088
475,44090
347,44097
392,44103
216,44147
344,44210
110,44331
241,44380
242,44381
243,44382
476,44413
477,44414
460,44457
461,44458
146,44602
277,44605
278,44606
168,44646
275,44740
302,44781
49,44892
344,44930
177,44939
276,44980
207,44988
168,44994
168,45013
286,45039
392,45043
393,45044
391,45078
253,45082
254,45083
393,45107
169,45109
180,45117
176,45144
108,45243
460,45249
181,45259
292,45321
459,45321
481,45321
460,45322
429,45334
430,45440
429,45475
277,45480
216,45483
180,45501
181,45502
182,45503
462,45538
393,45539
255,45543
360,45563
249,45632
250,45633
109,45680
134,45705
176,45808
185,45890
171,45933
316,45977
150,45981
393,45983
275,46001
391,46059
392,46060
393,46061
276,46121
277,46122
217,46139
218,46140
258,46165
429,46193
430,46194
258,46206
472,46218
345,46242
346,46243
347,46244
364,46261
150,46310
251,46329
211,46354
146,46394
88,46454
213,46541
213,46547
166,46562
167,46563
243,46596
425,46633
258,46658
460,46689
421,46721
302,46733
293,46736
151,46747
213,46752
148,46791
213,46794
216,46882
448,46893
471,46901
102,46938
448,46998
148,47059
215,47061
430,47133
151,47182
76,47187
167,47259
229,47284
474,47349
475,47350
293,47392
347,47410
256,47431
257,47432
229,47557
399,47589
177,47614
504,47650
241,47655
277,47661
421,47666
392,47687
176,47749
302,47792
460,47795
418,47801
391,47841
392,47842
393,47843
292,47844
459,47844
481,47844
242,47869
364,47871
429,47882
456,47918
393,47919
193,47959
242,48023
429,48044
291,48051
458,48051
292,48052
459,48052
481,48052
460,48053
150,48063
393,48116
180,48125
151,48138
456,48149
454,48170
422,48181
234,48194
292,48211
459,48211
481,48211
316,48227
339,48235
453,48276
454,48277
393,48314
292,48315
459,48315
481,48315
364,48349
151,48387
78,48411
377,48418
72,48447
73,48448
121,48448
74,48449
122,48449
137,48464
146,48471
167,48477
163,48489
164,48490
165,48491
166,48492
167,48493
168,48494
169,48495
170,48496
171,48497
358,48503
448,48517
449,48518
234,48565
253,48580
254,48581
255,48582
181,48588
182,48589
302,48608
454,48619
316,48628
317,48629
318,48630
289,48631
319,48631
290,48632
320,48632
457,48632
463,48632
473,48632
291,48633
458,48633
346,48658
347,48659
421,48695
391,48698
286,48706
422,48733
460,48767
461,48768
462,48769
149,48781
150,48782
151,48783
60,48809
391,48869
171,48941
302,48990
392,48991
465,48993
216,49003
257,49012
392,49090
256,49233
390,49274
166,49281
167,49282
180,49298
397,49326
253,49335
254,49336
360,49339
329,49373
460,49382
151,49430
311,49439
292,49508
459,49508
481,49508
456,49551
393,49552
186,49562
258,49589
430,49611
474,49613
151,49619
216,49626
183,49654
291,49725
458,49725
394,49726
431,49763
495,49764
496,49765
329,49847
330,49848
504,49852
505,49863
454,49907
455,49908
207,49925
291,49938
458,49938
292,49939
459,49939
481,49939
293,49940
429,49965
390,49989
391,49990
504,50005
505,50006
391,50024
392,50025
422,50037
460,50058
454,50067
455,50068
393,50080
257,50111
302,50126
454,50134
455,50135
476,50138
149,50140
390,50174
391,50175
346,50181
181,50195
182,50196
505,50248
315,50259
431,50262
422,50298
453,50324
181,50346
182,50347
167,50372
168,50373
167,50406
168,50407
151,50432
329,50445
504,50557
422,50601
472,50644
290,50645
320,50645
457,50645
463,50645
473,50645
291,50646
458,50646
244,50671
276,50729
277,50730
167,50805
425,50821
460,50840
456,50886
393,50887
178,51006
240,51108
302,51132
277,51138
256,51156
258,51216
216,51308
475,51484
243,51513
76,51525
151,51555
168,51560
310,51613
311,51614
253,51617
242,51625
504,51685
505,51700
276,51723
168,51739
216,51748
257,51856
151,51879
422,51909
275,51940
181,51975
182,51976
288,51986
289,51987
319,51987
393,51988
292,51989
459,51989
481,51989
169,52003
168,52068
170,52101
171,52102
177,52132
178,52133
258,52175
215,52195
422,52205
316,52228
168,52318
181,52367
182,52368
286,52379
287,52380
288,52381
258,52431
181,52464
182,52465
364,52528
453,52551
454,52552
453,52574
286,52629
287,52630
454,52645
455,52646
456,52647
471,52676
186,52772
151,52801
422,52810
360,52829
207,52848
258,52889
391,53021
258,53036
302,53105
49,53111
258,53117
460,53198
360,53215
148,53259
505,53289
506,53290
177,53326
429,53406
505,53482
456,53604
290,53605
320,53605
457,53605
463,53605
473,53605
474,53607
475,53608
476,53609
215,53612
430,53655
447,53747
276,53790
147,53813
425,54055
391,54128
148,54156
471,54179
302,54215
504,54238
76,54269
429,54328
293,54336
454,54407
504,54418
177,54470
429,54487
430,54488
293,54505
345,54524
466,54543
425,54580
363,54613
215,54629
422,54642
292,54660
459,54660
481,54660
181,54683
182,54684
151,54703
211,54730
76,54764
329,54825
360,54832
302,54859
392,54860
393,54861
292,54862
459,54862
481,54862
496,54883
430,54905
292,54907
459,54907
481,54907
345,54941
456,54956
460,55019
181,55035
182,55036
392,55063
393,55064
202,55095
504,55153
505,55154
293,55190
429,55215
206,55318
207,55319
429,55338
78,55358
109,55361
393,55457
292,55458
459,55458
481,55458
293,55459
460,55466
151,55549
234,55598
213,55620
302,55705
393,55730
292,55731
459,55731
481,55731
293,55732
430,55737
317,55748
318,55749
392,55792
429,55809
344,55849
345,55850
317,55876
60,55889
51,55907
176,55970
429,55974
254,55987
447,56044
422,56053
456,56055
393,56056
453,56075
454,56076
167,56088
293,56090
178,56111
167,56119
151,56153
316,56191
317,56192
278,56260
276,56300
277,56301
278,56302
471,56314
471,56343
329,56348
505,56393
505,56482
242,56512
242,56530
242,56629
288,56631
430,56640
291,56642
458,56642
292,56643
459,56643
481,56643
293,56644
255,56696
460,56708
474,56761
302,56768
303,56769
254,56831
151,56877
111,56883
453,57062
454,57063
455,57064
276,57078
275,57091
151,57093
288,57100
216,57151
447,57187
448,57188
449,57189
265,57209
504,57220
291,57297
458,57297
422,57313
288,57316
460,57319
430,57331
275,57398
334,57414
453,57480
454,57481
455,57482
422,57501
456,57503
393,57504
292,57505
459,57505
481,57505
76,57551
393,57581
422,57612
177,57635
212,57714
505,57716
276,57761
277,57762
278,57763
430,57817
431,57818
222,57840
472,57883
430,57890
321,57892
213,57918
214,57919
454,57938
242,57976
180,58010
151,58041
408,58063
181,58108
182,58109
430,58175
398,58186
372,58268
391,58303
363,58322
318,58347
289,58348
319,58348
393,58349
292,58350
459,58350
481,58350
402,58447
430,58454
460,58471
233,58481
275,58486
460,58519
179,58573
275,58610
276,58611
181,58650
182,58651
254,58676
242,58684
397,58708
456,58710
290,58711
320,58711
457,58711
463,58711
473,58711
321,58712
288,58741
391,58775
213,58844
288,58926
169,58929
472,58945
290,58946
320,58946
457,58946
463,58946
473,58946
474,58948
475,58949
150,58987
151,58988
285,59066
391,59067
429,59118
287,59171
288,59172
88,59204
375,59230
253,59292
254,59293
431,59298
243,59309
460,59326
177,59371
393,59437
243,59457
429,59513
418,59515
471,59526
167,59577
418,59601
329,59608
330,59609
258,59658
461,59681
285,59759
322,59784
