172,75
438,160
27,244
360,272
412,273
502,285
503,286
71,367
72,371
337,371
338,372
503,392
204,442
134,490
134,537
237,539
47,547
377,547
360,581
412,582
369,598
379,656
172,681
113,688
239,788
502,792
503,793
190,815
412,924
71,936
25,939
26,940
27,941
28,942
174,971
142,973
359,977
70,1027
113,1048
72,1066
337,1066
401,1067
144,1125
519,1131
115,1140
279,1190
401,1226
392,1244
199,1285
211,1299
113,1305
360,1329
172,1346
172,1360
454,1364
412,1369
72,1391
337,1391
317,1392
135,1417
144,1439
174,1458
26,1459
70,1480
71,1481
68,1527
70,1579
71,1580
503,1639
262,1672
246,1801
254,1804
264,1804
255,1805
46,1829
133,1829
47,1830
377,1830
378,1831
147,1846
361,1861
71,1876
399,1975
115,2004
80,2111
423,2170
426,2170
424,2171
27,2174
70,2198
71,2199
72,2201
337,2201
454,2212
359,2228
70,2233
72,2270
337,2270
71,2277
72,2280
337,2280
134,2287
271,2323
46,2345
133,2345
47,2346
377,2346
497,2359
198,2369
112,2385
425,2433
246,2437
72,2510
337,2510
144,2534
422,2575
271,2610
439,2620
368,2634
401,2773
135,2778
278,2779
115,2796
262,2800
172,2812
72,2827
337,2827
338,2828
72,2861
337,2861
279,2867
280,2868
47,2915
377,2915
378,2916
174,2961
175,2962
189,2964
112,2982
113,2983
114,2984
115,2985
134,3008
262,3052
135,3085
189,3106
141,3121
70,3141
262,3175
134,3322
401,3333
391,3399
246,3403
403,3428
132,3442
72,3468
337,3468
70,3477
141,3526
378,3562
249,3623
237,3638
338,3658
295,3682
271,3753
114,3794
115,3795
215,3827
70,3834
279,3838
338,3844
265,3849
281,3874
360,3963
246,3994
346,4035
64,4101
326,4115
72,4140
337,4140
379,4181
317,4194
265,4205
410,4209
69,4255
242,4308
70,4379
72,4391
337,4391
317,4392
398,4419
174,4482
26,4483
25,4500
26,4501
115,4509
116,4510
117,4511
279,4586
391,4588
381,4612
246,4642
466,4714
411,4763
390,4767
398,4829
25,4851
190,4866
191,4867
192,4868
330,4887
72,4952
337,4952
401,4953
112,5054
456,5057
360,5355
412,5356
126,5417
127,5418
128,5419
280,5456
502,5470
503,5471
47,5478
377,5478
48,5479
338,5499
28,5513
504,5532
505,5533
506,5534
174,5550
26,5551
27,5552
198,5611
72,5662
337,5662
47,5698
377,5698
188,5700
189,5701
197,5754
246,5788
192,5848
262,6030
397,6044
271,6050
301,6055
246,6120
379,6163
380,6164
116,6172
28,6286
115,6336
117,6348
70,6362
71,6363
72,6365
337,6365
338,6366
262,6406
401,6411
391,6417
424,6419
198,6468
424,6524
401,6606
144,6617
277,6620
247,6861
248,6862
401,6874
425,7062
423,7063
426,7063
404,7111
360,7122
70,7236
401,7238
402,7239
350,7277
351,7278
411,7334
190,7354
401,7407
411,7431
412,7432
198,7524
236,7553
190,7565
72,7581
337,7581
390,7609
360,7678
115,7734
401,7753
402,7754
114,7775
115,7776
213,7793
262,7801
50,7826
147,7877
115,7890
116,7945
190,7954
115,8034
503,8068
381,8103
70,8109
401,8128
506,8166
198,8192
402,8264
144,8301
47,8325
377,8325
359,8330
143,8387
115,8393
247,8466
147,8516
174,8544
26,8545
439,8571
360,8594
378,8704
204,8741
132,8777
378,8788
62,8806
206,8813
72,8843
337,8843
338,8844
274,8891
378,8938
503,8988
360,8997
132,9045
46,9046
133,9046
47,9047
377,9047
492,9149
134,9168
400,9182
401,9183
192,9290
28,9321
46,9374
133,9374
47,9375
377,9375
380,9404
294,9449
236,9464
425,9466
393,9468
378,9475
135,9478
190,9520
112,9583
246,9790
246,9823
247,9824
70,10049
401,10051
402,10052
278,10065
502,10131
115,10146
301,10173
200,10216
69,10275
115,10323
132,10330
46,10331
133,10331
143,10393
470,10395
404,10408
174,10441
404,10477
117,10508
399,10545
400,10546
239,10576
236,10582
192,10648
470,10665
197,10709
381,10749
174,10756
350,10840
29,10844
188,10874
191,10892
68,10894
69,10895
411,10906
235,10911
236,10912
115,10932
69,10952
70,11048
174,11049
308,11054
190,11122
456,11261
115,11271
381,11322
72,11381
337,11381
401,11382
411,11424
412,11425
69,11495
70,11527
71,11528
25,11529
80,11642
308,11659
141,11695
502,11781
378,11803
379,11804
116,11837
46,11848
133,11848
198,11849
69,11898
70,11899
399,11904
391,11977
383,11983
70,12026
174,12027
175,12028
271,12051
317,12060
391,12073
206,12081
338,12206
200,12230
113,12232
126,12247
506,12254
507,12255
392,12265
211,12315
456,12380
501,12395
403,12423
504,12457
505,12458
506,12459
274,12469
134,12485
112,12525
360,12531
361,12532
188,12605
516,12630
395,12650
46,12659
133,12659
47,12660
377,12660
143,12766
470,12768
62,12786
25,12792
175,12793
172,12931
25,12978
175,12979
189,12981
378,12991
25,13037
47,13047
377,13047
381,13053
508,13058
29,13070
134,13177
69,13196
70,13197
378,13225
245,13298
391,13388
135,13423
116,13436
381,13440
70,13533
172,13557
380,13561
204,13570
64,13609
502,13677
262,13683
412,13713
279,13752
115,13838
246,13866
247,13867
360,13873
188,13922
277,13937
378,14043
346,14053
347,14054
390,14056
188,14084
69,14116
360,14144
311,14146
68,14179
69,14180
70,14181
70,14195
68,14303
50,14332
456,14341
279,14347
276,14426
115,14441
425,14483
398,14488
47,14626
377,14626
378,14627
379,14628
115,14672
213,14687
116,14790
117,14791
435,14845
115,14864
379,14890
97,14906
317,14964
412,14979
280,14992
279,15060
247,15089
390,15163
277,15266
301,15300
117,15330
360,15378
274,15403
198,15424
391,15429
69,15466
462,15471
70,15482
359,15499
360,15500
112,15522
412,15525
68,15527
132,15540
147,15544
172,15576
192,15594
193,15595
194,15596
247,15635
135,15662
278,15663
279,15664
280,15665
360,15743
361,15744
398,15782
412,15795
190,15816
249,15830
456,15834
502,15879
99,15899
174,15902
117,15910
507,16049
508,16050
70,16060
71,16061
25,16062
26,16063
64,16103
301,16141
69,16182
391,16200
70,16239
503,16340
360,16359
25,16430
175,16431
189,16433
378,16527
379,16528
147,16537
48,16556
503,16562
301,16566
262,16614
215,16625
211,16655
338,16700
279,16711
368,16764
117,16768
190,16771
25,16821
197,16865
198,16866
249,16891
198,17008
378,17049
115,17174
246,17188
423,17189
426,17189
399,17226
400,17227
117,17229
115,17261
502,17281
506,17333
114,17350
115,17351
117,17374
412,17390
46,17392
133,17392
69,17399
350,17419
47,17498
377,17498
70,17749
254,17753
264,17753
64,17754
317,17787
461,17809
70,17842
99,17908
69,17930
48,17989
70,18003
174,18004
401,18018
277,18041
278,18042
190,18149
482,18176
237,18191
279,18219
246,18267
128,18275
25,18312
26,18313
47,18344
377,18344
48,18345
50,18379
461,18400
115,18410
69,18510
70,18511
338,18513
249,18540
279,18571
29,18630
277,18634
134,18697
360,18704
114,18733
412,18816
398,18866
438,18884
278,18919
47,18932
377,18932
455,19014
378,19032
400,19074
399,19078
360,19100
62,19110
360,19142
70,19189
174,19190
113,19236
338,19247
379,19282
271,19290
507,19304
115,19328
116,19383
46,19416
133,19416
198,19417
117,19426
172,19439
48,19467
381,19544
437,19546
470,19554
113,19575
114,19576
115,19577
69,19614
277,19625
147,19639
114,19660
115,19661
174,19673
26,19674
115,19721
115,19730
400,19737
144,19745
277,19748
214,19783
47,19810
377,19810
69,19816
70,19817
71,19818
25,19819
175,19820
277,19825
295,19897
46,19912
133,19912
334,19956
115,19985
115,19997
112,20015
317,20022
360,20041
412,20042
424,20050
390,20120
71,20122
363,20128
115,20162
412,20171
391,20187
69,20202
70,20203
174,20220
399,20243
72,20245
337,20245
235,20297
236,20298
237,20299
235,20411
236,20412
412,20498
412,20506
115,20513
172,20534
200,20544
188,20612
172,20645
198,20674
172,20700
317,20711
117,20740
381,20800
347,20828
404,20871
69,20893
403,20916
438,20926
359,20937
360,20938
198,20947
381,21002
350,21045
249,21067
277,21080
70,21144
380,21154
70,21181
317,21183
233,21196
219,21300
220,21301
402,21313
190,21319
70,21346
71,21347
47,21361
377,21361
112,21386
113,21387
71,21418
25,21419
190,21432
412,21667
198,21687
147,21740
115,21795
31,21835
211,21843
72,21847
337,21847
172,21861
173,21862
71,21863
134,21893
237,21895
115,21901
116,21902
147,21932
199,21952
412,21988
456,22012
424,22019
69,22029
135,22047
135,22063
278,22064
134,22095
246,22099
423,22100
426,22100
401,22108
402,22151
454,22191
112,22301
113,22302
360,22350
412,22351
277,22401
70,22467
400,22514
210,22547
378,22573
69,22593
506,22633
381,22636
401,22701
399,22765
25,22767
142,22810
116,22816
69,22835
70,22865
174,22866
378,22894
72,22930
337,22930
72,22956
337,22956
401,22957
401,23085
506,23121
46,23174
133,23174
492,23176
378,23335
378,23338
46,23342
133,23342
97,23373
50,23402
72,23414
337,23414
461,23471
134,23587
378,23950
69,23978
72,24001
337,24001
47,24081
377,24081
503,24124
391,24160
248,24162
143,24190
456,24214
347,24283
390,24285
247,24312
47,24334
377,24334
48,24335
238,24397
172,24419
394,24430
395,24431
492,24474
174,24527
115,24545
116,24546
391,24613
68,24646
69,24647
70,24648
401,24650
391,24688
190,24706
116,24719
301,24750
190,24758
191,24759
266,24815
62,24875
112,24918
472,24962
261,24992
69,25013
294,25022
69,25043
174,25131
279,25139
424,25170
189,25174
188,25182
437,25223
361,25285
360,25305
113,25324
114,25325
115,25326
46,25345
133,25345
390,25418
391,25419
439,25433
70,25443
198,25465
199,25466
69,25557
198,25691
70,25735
174,25736
72,25782
337,25782
206,25864
69,25900
69,25941
378,25947
134,26014
381,26026
308,26033
198,26044
273,26075
172,26091
115,26099
46,26172
133,26172
47,26173
377,26173
48,26174
333,26192
351,26242
198,26257
39,26352
503,26382
392,26502
506,26531
425,26551
470,26704
39,26749
70,26753
174,26754
142,26756
115,26787
143,26808
134,26818
46,26907
133,26907
134,26908
62,26920
360,27049
412,27050
117,27058
69,27060
70,27061
506,27079
378,27152
359,27176
70,27233
71,27234
72,27235
337,27235
401,27236
454,27314
211,27332
247,27335
147,27341
197,27347
390,27352
214,27436
394,27437
410,27439
401,27454
25,27464
246,27511
492,27574
359,27586
360,27587
69,27626
392,27672
64,27742
277,27745
248,27751
29,27784
360,27825
412,27826
391,27866
338,27945
308,27966
502,27968
503,27969
115,27988
188,28024
189,28025
190,28026
399,28031
400,28032
317,28033
62,28043
404,28085
47,28103
377,28103
117,28171
69,28173
360,28182
238,28207
26,28218
172,28289
378,28321
317,28354
391,28369
501,28440
502,28441
245,28451
246,28452
423,28453
426,28453
116,28504
134,28531
425,28534
134,28542
279,28570
262,28572
116,28582
71,28676
134,28685
135,28686
246,28776
391,28788
70,28798
506,28870
401,28896
279,28943
136,28996
137,29113
246,29152
141,29158
205,29190
198,29214
401,29217
399,29235
72,29237
337,29237
69,29249
203,29268
191,29337
501,29362
391,29367
200,29394
391,29401
95,29449
199,29463
200,29464
456,29468
334,29504
134,29521
135,29538
326,29592
279,29614
231,29630
246,29710
247,29711
330,29718
198,29729
219,29737
220,29738
424,29792
425,29793
301,29836
248,29861
172,29955
209,30025
380,30063
381,30064
277,30075
147,30105
142,30125
338,30196
70,30318
71,30319
70,30342
273,30405
72,30441
337,30441
70,30492
456,30498
113,30516
114,30517
115,30518
27,30554
333,30577
391,30595
492,30618
360,30648
404,30658
172,30672
144,30707
265,30710
360,30714
506,30774
506,30777
199,30780
197,30823
134,30824
404,30845
470,30858
506,30862
70,30909
71,30910
199,30940
246,30978
423,30979
426,30979
424,30980
147,31031
301,31094
378,31105
72,31167
337,31167
455,31183
247,31201
456,31212
438,31246
379,31258
378,31271
379,31272
132,31275
46,31276
133,31276
46,31300
133,31300
360,31320
25,31332
246,31363
135,31371
68,31390
69,31391
69,31402
115,31419
461,31510
472,31563
242,31651
243,31652
244,31653
245,31654
401,31789
115,31824
70,31861
246,31957
247,31958
246,31990
247,31991
439,32068
390,32113
71,32115
72,32117
337,32117
462,32206
198,32225
47,32242
377,32242
113,32251
391,32271
142,32281
424,32301
378,32349
247,32397
246,32452
247,32453
47,32470
377,32470
69,32478
399,32527
503,32587
401,32650
64,32752
506,32768
401,32910
246,32922
423,32923
426,32923
424,32924
262,32981
263,32982
174,32994
26,32995
380,32997
39,33049
47,33057
377,33057
48,33058
506,33074
67,33115
68,33116
424,33123
247,33197
393,33234
215,33235
506,33251
424,33340
70,33346
198,33364
199,33365
317,33381
507,33386
506,33429
135,33547
278,33548
279,33549
456,33651
199,33672
200,33673
198,33690
262,33718
308,33752
401,33787
401,33792
472,33809
47,33840
377,33840
247,33873
401,33901
277,33974
172,33990
461,34005
136,34025
338,34071
254,34096
264,34096
506,34114
506,34117
503,34120
27,34132
504,34158
69,34188
70,34189
71,34190
72,34192
337,34192
338,34193
95,34196
70,34231
126,34275
144,34281
72,34288
337,34288
401,34289
378,34315
379,34316
380,34317
220,34321
172,34327
25,34338
26,34339
113,34434
69,34457
70,34458
506,34520
489,34600
116,34688
492,34692
69,34730
503,34749
134,34796
135,34797
278,34798
279,34799
197,34870
134,34871
404,34906
424,34974
70,35004
237,35056
174,35070
175,35071
71,35082
84,35122
412,35134
378,35160
506,35163
70,35178
190,35222
262,35296
70,35320
174,35321
172,35331
390,35336
391,35337
391,35421
254,35424
264,35424
199,35438
112,35554
72,35591
337,35591
70,35616
71,35617
72,35618
337,35618
401,35619
279,35692
115,35738
391,35742
143,35770
144,35771
359,35803
115,35811
29,35831
469,35832
172,35850
47,35862
377,35862
378,35863
113,35879
213,35897
502,35924
503,35925
142,35988
399,36117
400,36118
317,36119
72,36202
337,36202
317,36351
506,36414
113,36433
188,36476
189,36477
70,36618
112,36629
113,36630
378,36725
70,36749
246,36769
423,36770
426,36770
424,36771
27,36806
28,36807
261,36863
205,37000
206,37001
391,37006
279,37043
346,37058
454,37083
391,37116
506,37152
472,37156
354,37184
99,37192
379,37207
246,37230
456,37279
115,37300
506,37333
212,37351
293,37405
294,37406
381,37461
262,37474
404,37567
71,37590
293,37632
294,37633
147,37651
70,37683
64,37716
278,37822
172,37835
390,37840
174,37842
379,37870
380,37871
198,37905
172,37912
412,37938
197,37954
391,38061
392,38062
64,38067
211,38103
68,38122
69,38123
70,38124
401,38126
70,38163
71,38164
72,38166
337,38166
401,38167
508,38265
247,38274
159,38309
172,38330
506,38371
71,38391
25,38395
247,38417
423,38423
426,38423
435,38488
198,38538
462,38647
400,38711
280,38766
381,38896
191,38952
274,38967
147,38970
189,39003
261,39108
142,39144
279,39198
411,39264
311,39266
172,39277
69,39318
391,39346
247,39375
172,39379
134,39486
237,39488
113,39558
69,39612
301,39685
402,39723
403,39724
172,39757
381,39859
190,39863
191,39864
350,39898
391,39905
46,39965
133,39965
198,39966
147,40038
412,40130
112,40150
330,40168
338,40187
242,40194
70,40206
233,40270
506,40351
68,40418
69,40419
70,40420
401,40422
112,40498
134,40527
399,40576
400,40577
333,40597
199,40633
200,40634
412,40638
401,40644
172,40656
446,40657
294,40676
233,40681
425,40778
361,40791
410,40810
271,41002
248,41076
334,41105
391,41110
266,41114
206,41204
68,41228
112,41258
72,41293
337,41293
188,41313
27,41382
506,41407
502,41460
503,41461
247,41498
46,41501
133,41501
489,41535
490,41536
507,41547
26,41556
115,41570
69,41634
454,41668
174,41684
26,41685
27,41686
141,41719
401,41904
378,41981
172,41990
360,42188
412,42189
462,42232
390,42300
391,42301
248,42303
249,42304
404,42311
500,42472
134,42474
147,42513
454,42532
294,42597
503,42625
424,42666
26,42669
245,42676
246,42677
197,42707
47,42708
377,42708
69,42714
401,42728
115,42758
62,42778
401,42793
46,42797
133,42797
198,42798
233,42810
132,42814
46,42815
133,42815
301,42878
502,42903
504,42941
27,42971
262,43070
46,43088
133,43088
134,43089
378,43108
128,43122
378,43144
379,43145
410,43150
47,43185
377,43185
143,43196
412,43222
115,43226
48,43240
301,43279
412,43304
274,43328
391,43409
373,43428
115,43459
172,43493
173,43494
401,43496
502,43560
503,43561
27,43584
198,43624
279,43717
262,43719
135,43786
115,43858
423,43875
426,43875
424,43876
116,43960
134,43977
115,43997
390,44064
504,44075
26,44090
248,44106
502,44151
503,44152
172,44181
506,44215
491,44217
249,44276
334,44410
27,44413
422,44459
112,44499
378,44605
379,44606
123,44621
115,44645
391,44649
46,44660
133,44660
172,44820
381,44857
279,44952
115,45012
246,45079
247,45080
338,45108
172,45118
197,45125
144,45140
265,45143
265,45175
266,45176
506,45235
117,45295
401,45321
245,45410
246,45411
247,45412
70,45440
502,45465
378,45480
116,45510
294,45546
398,45580
502,45591
503,45592
301,45596
172,45654
173,45655
368,45705
115,45734
116,45735
46,45747
133,45747
47,45748
377,45748
501,45755
468,45776
62,45806
172,45868
390,45891
391,45892
301,45919
112,45999
497,46054
503,46075
378,46122
70,46194
334,46343
381,46356
489,46376
490,46377
115,46384
116,46385
112,46483
398,46503
172,46511
456,46527
350,46537
506,46544
472,46560
191,46592
46,46594
133,46594
134,46595
189,46605
46,46624
133,46624
47,46625
377,46625
502,46652
267,46725
172,46848
470,47051
271,47058
113,47124
70,47133
172,47160
173,47161
249,47273
188,47315
71,47348
25,47349
26,47350
245,47363
115,47390
147,47395
265,47438
266,47439
361,47445
126,47524
116,47561
198,47570
199,47571
200,47572
330,47580
213,47589
503,47634
378,47661
391,47701
205,47721
206,47722
412,47729
62,47747
190,47758
246,47816
401,47844
211,47916
114,47977
115,47978
147,48013
237,48025
72,48051
337,48051
401,48052
116,48121
172,48126
278,48173
401,48211
262,48228
263,48229
254,48230
264,48230
277,48233
402,48306
401,48315
172,48330
446,48331
399,48342
381,48474
246,48609
423,48610
426,48610
424,48611
72,48633
337,48633
424,48835
412,48853
413,48854
509,48854
506,48969
502,49007
360,49017
116,49085
506,49116
359,49172
247,49329
117,49350
69,49352
69,49379
135,49387
401,49508
117,49554
261,49562
135,49571
278,49572
279,49573
69,49610
70,49611
71,49612
25,49613
69,49718
72,49725
337,49725
174,49763
246,49825
360,49900
412,49901
71,49937
72,49938
337,49938
401,49939
112,49980
247,50070
317,50081
27,50138
278,50160
350,50163
69,50231
279,50240
99,50259
174,50262
247,50283
279,50285
279,50349
191,50411
188,50441
190,50449
72,50646
337,50646
68,50686
69,50687
378,50730
506,50787
115,50838
28,50844
381,50862
398,50879
134,50927
134,50936
128,50946
190,51079
144,51129
47,51137
377,51137
378,51138
277,51179
278,51180
506,51186
245,51320
113,51353
147,51412
26,51484
412,51524
191,51551
46,51553
133,51553
198,51554
391,51634
128,51649
412,51656
413,51657
509,51657
115,51738
502,51797
503,51798
188,51830
413,51963
509,51963
212,51980
237,51982
237,51984
401,51989
410,52017
237,52076
412,52095
46,52097
133,52097
338,52165
115,52317
97,52394
132,52507
46,52508
133,52508
247,52541
391,52603
413,52641
509,52641
414,52642
46,52687
133,52687
47,52688
377,52688
346,52712
47,52745
377,52745
237,52757
261,52772
346,52776
279,52895
391,52897
172,52910
172,53014
246,53022
247,53023
64,53103
506,53151
390,53253
132,53265
69,53393
220,53415
47,53454
377,53454
199,53467
200,53468
113,53470
114,53471
115,53472
69,53515
112,53520
411,53539
90,53587
25,53607
26,53608
27,53609
398,53649
117,53652
69,53654
70,53655
71,53656
278,53662
439,53683
113,53730
114,53731
115,53732
172,53754
456,53775
172,53822
173,53823
492,53862
47,53886
377,53886
48,53887
197,54052
206,54222
412,54268
360,54379
412,54380
373,54464
70,54488
401,54660
117,54705
456,54750
412,54763
190,54770
147,54808
64,54856
64,54857
401,54862
412,54875
398,54900
70,54905
401,54907
412,54982
69,55046
381,55119
500,55145
126,55170
115,55232
188,55261
242,55264
401,55458
400,55472
338,55473
242,55477
243,55478
244,55479
401,55731
70,55737
172,55772
394,55837
112,56022
338,56057
381,56085
172,56124
112,56175
379,56260
378,56301
379,56302
144,56390
412,56429
46,56431
133,56431
188,56486
198,56506
135,56531
278,56532
279,56533
97,56598
95,56618
70,56640
71,56641
72,56642
337,56642
401,56643
47,56684
377,56684
191,56698
46,56700
133,56700
115,56706
85,56718
95,56720
273,56738
71,56759
25,56761
247,56786
46,56789
133,56789
47,56790
377,56790
48,56791
134,56804
188,56864
198,56876
472,56917
381,56952
502,57215
503,57216
72,57297
337,57297
70,57331
397,57436
136,57477
112,57489
401,57505
412,57550
454,57588
46,57648
133,57648
378,57762
379,57763
500,57802
70,57817
174,57818
70,57890
71,57891
472,57910
147,57970
172,58011
113,58034
360,58085
70,58175
143,58249
502,58295
401,58350
402,58351
68,58363
504,58444
70,58454
317,58456
197,58498
47,58499
377,58499
172,58508
172,58530
112,58594
279,58630
215,58661
135,58685
115,58694
116,58695
117,58696
399,58701
172,58719
47,58761
377,58761
48,58762
506,58847
188,58851
172,58875
391,58903
392,58904
393,58905
25,58948
26,58949
126,58953
144,59065
412,59153
425,59173
174,59298
134,59308
115,59324
128,59422
489,59465
490,59466
69,59519
455,59556
424,59621
502,59648
132,59700
46,59701
133,59701
198,59702
424,59785
