341,83
120,95
153,122
279,131
280,132
439,137
417,259
349,263
350,264
243,314
488,367
489,368
489,369
489,370
68,371
274,372
439,419
417,423
418,424
168,426
169,427
404,434
233,455
270,482
486,530
406,539
365,561
318,574
236,606
234,638
235,639
236,640
234,701
390,740
391,741
489,798
312,922
488,936
489,937
489,938
249,994
204,1027
487,1027
70,1035
479,1058
350,1063
489,1065
68,1066
285,1078
308,1113
168,1122
169,1123
464,1132
474,1136
475,1137
222,1148
314,1175
285,1289
404,1314
405,1315
68,1391
440,1408
103,1473
204,1480
487,1480
488,1481
223,1498
204,1579
487,1579
488,1580
192,1585
275,1595
279,1645
318,1654
229,1661
285,1689
78,1811
312,1859
488,1876
208,2027
170,2048
278,2051
279,2052
267,2077
321,2081
322,2082
321,2146
321,2194
169,2195
204,2198
487,2198
488,2199
489,2200
68,2201
69,2202
200,2202
204,2233
487,2233
69,2235
200,2235
70,2236
70,2251
68,2270
488,2277
489,2278
489,2279
68,2280
268,2285
475,2301
435,2385
129,2419
69,2475
200,2475
70,2476
489,2489
489,2490
489,2491
489,2492
489,2493
350,2508
68,2510
167,2525
168,2526
404,2536
366,2542
319,2543
208,2546
439,2571
314,2594
223,2625
365,2681
152,2736
318,2737
367,2738
368,2739
68,2827
274,2828
321,2844
350,2859
68,2861
339,2886
208,2948
435,2982
70,3006
405,3058
320,3063
321,3064
405,3076
120,3096
154,3110
132,3121
204,3141
487,3141
153,3148
154,3149
308,3168
405,3178
469,3184
405,3190
314,3196
267,3319
268,3320
236,3346
237,3347
237,3427
350,3463
489,3465
489,3466
489,3467
68,3468
204,3477
487,3477
132,3526
406,3638
479,3645
274,3658
122,3711
481,3711
123,3712
366,3715
152,3723
184,3725
204,3834
487,3834
274,3844
472,3848
473,3849
321,3924
474,3960
475,3961
168,3975
147,4036
318,4075
472,4100
440,4119
368,4125
267,4132
489,4139
68,4140
170,4160
472,4204
473,4205
180,4210
181,4211
203,4255
275,4305
469,4354
204,4379
487,4379
68,4391
489,4499
201,4511
121,4676
480,4676
122,4677
481,4677
279,4720
386,4743
368,4854
267,4890
365,4902
168,4908
312,4944
181,4946
405,4948
68,4952
440,4980
147,4990
435,5054
313,5056
349,5061
386,5076
387,5077
222,5115
223,5116
309,5204
279,5245
168,5321
278,5415
368,5439
101,5481
274,5499
365,5510
278,5540
472,5601
268,5609
350,5660
68,5662
223,5676
121,5684
480,5684
137,5710
439,5733
236,5756
472,5868
69,5934
200,5934
472,5964
366,6154
367,6155
368,6156
122,6165
481,6165
123,6166
124,6167
472,6201
69,6347
200,6347
201,6348
202,6349
204,6362
487,6362
488,6363
489,6364
68,6365
274,6366
386,6392
250,6404
440,6414
275,6450
276,6451
277,6452
278,6453
404,6460
168,6471
445,6478
279,6505
167,6527
168,6528
279,6546
485,6559
440,6571
70,6597
404,6619
279,6652
439,6678
322,6706
323,6707
439,6759
312,6783
71,6796
285,6887
286,6888
439,6906
438,6923
313,6954
279,7020
101,7029
279,7084
286,7131
237,7139
390,7177
204,7236
487,7236
249,7274
365,7341
279,7362
169,7448
170,7449
129,7493
69,7521
200,7521
70,7522
279,7543
350,7579
68,7581
69,7612
200,7612
70,7613
439,7620
71,7623
168,7665
106,7680
236,7746
123,7783
70,7946
475,7950
318,8002
367,8003
368,8004
365,8007
154,8009
167,8015
168,8016
204,8109
487,8109
129,8130
126,8131
278,8142
279,8143
445,8178
304,8189
70,8229
168,8253
170,8268
278,8271
279,8272
280,8273
169,8299
275,8395
440,8452
78,8462
322,8484
322,8509
323,8510
279,8560
434,8607
124,8693
365,8700
249,8727
250,8728
121,8779
480,8779
365,8784
170,8793
474,8808
475,8809
321,8820
169,8821
68,8843
274,8844
243,8867
279,8893
366,8896
321,8934
475,8995
337,9004
223,9061
120,9068
260,9090
365,9185
350,9237
341,9252
439,9261
365,9264
349,9271
351,9307
308,9366
122,9405
481,9405
123,9406
318,9412
222,9452
152,9474
103,9495
435,9583
236,9641
237,9642
170,9650
223,9651
312,9663
312,9730
236,9733
440,9756
279,9763
153,9778
263,9829
278,9920
461,9928
249,9937
250,9938
120,9974
236,9985
122,10038
481,10038
204,10049
487,10049
206,10092
207,10093
250,10187
438,10205
439,10206
210,10219
268,10268
203,10275
168,10278
70,10301
71,10302
322,10321
308,10368
279,10405
133,10443
438,10445
279,10474
201,10508
224,10511
225,10512
226,10513
69,10547
200,10547
122,10629
481,10629
123,10630
311,10737
312,10738
390,10819
391,10820
350,10822
275,10838
276,10839
69,10859
200,10859
203,10895
440,10946
203,10952
204,11048
487,11048
119,11054
120,11055
440,11060
286,11144
475,11203
368,11240
224,11251
225,11252
276,11265
224,11344
343,11348
468,11350
365,11370
489,11380
68,11381
380,11415
203,11495
338,11522
204,11527
487,11527
488,11528
439,11577
236,11591
119,11659
223,11692
132,11695
351,11715
386,11841
387,11842
275,11852
236,11868
440,11871
203,11898
204,11899
487,11899
70,11919
71,11920
126,11933
314,11938
204,12026
487,12026
233,12155
234,12156
279,12169
366,12172
319,12173
320,12174
250,12179
168,12183
322,12184
302,12196
274,12206
312,12210
169,12261
302,12332
439,12339
440,12340
279,12471
365,12516
435,12525
489,12550
267,12586
268,12587
440,12595
438,12620
101,12624
279,12685
439,12693
489,12791
304,12846
390,12885
391,12886
312,12949
476,12968
152,13007
350,13035
479,13051
121,13052
480,13052
104,13057
486,13082
475,13096
70,13106
439,13116
440,13117
205,13121
439,13137
203,13196
204,13197
487,13197
152,13224
285,13286
461,13321
169,13394
170,13395
70,13437
121,13439
480,13439
172,13529
204,13533
487,13533
461,13549
122,13562
481,13562
123,13563
439,13589
472,13608
438,13629
439,13630
122,13718
481,13718
230,13828
71,13850
285,13929
366,14034
197,14092
203,14116
203,14180
204,14181
487,14181
310,14189
204,14195
487,14195
113,14251
114,14252
167,14271
70,14326
439,14422
69,14545
200,14545
341,14554
76,14634
167,14732
201,14791
224,14794
279,14822
168,14858
322,14859
323,14860
321,14877
322,14878
323,14879
365,14888
104,14896
476,14926
122,14939
481,14939
123,14940
350,14962
311,14976
312,14977
304,14986
479,14988
169,14995
170,14996
233,15031
279,15036
122,15107
481,15107
123,15108
188,15219
189,15220
169,15283
69,15329
200,15329
201,15330
475,15376
341,15441
203,15466
204,15482
487,15482
205,15483
352,15484
353,15485
482,15495
435,15522
365,15569
311,15615
482,15765
312,15793
250,15820
368,15905
201,15910
365,15989
223,15998
438,16054
204,16060
487,16060
488,16061
472,16102
202,16181
203,16182
191,16191
204,16239
487,16239
223,16306
440,16355
441,16384
120,16415
366,16584
367,16585
229,16666
366,16680
274,16700
69,16717
200,16717
167,16735
168,16736
201,16768
276,16790
489,16820
390,16843
189,16846
366,16848
367,16849
368,16850
318,16896
367,16897
368,16898
369,16899
285,16905
236,16925
154,16953
69,16976
200,16976
308,16992
249,17019
278,17024
70,17035
353,17076
172,17149
475,17154
69,17228
200,17228
201,17229
201,17374
208,17380
203,17399
236,17504
404,17520
69,17573
200,17573
223,17601
470,17720
204,17749
487,17749
350,17785
120,17817
204,17842
487,17842
114,17852
278,17900
203,17930
279,17957
223,17976
224,17977
204,18003
487,18003
339,18023
404,18040
336,18097
406,18191
70,18223
279,18234
476,18382
169,18403
170,18404
223,18405
250,18426
203,18510
204,18511
487,18511
274,18513
275,18514
276,18515
416,18544
322,18608
285,18627
404,18633
239,18729
240,18730
221,18753
222,18754
223,18755
268,18766
318,18933
367,18934
368,18935
314,19015
167,19080
366,19104
474,19112
475,19113
365,19172
204,19189
487,19189
349,19205
274,19247
365,19280
201,19426
485,19486
121,19543
480,19543
151,19546
203,19614
249,19689
302,19717
322,19719
69,19738
200,19738
404,19747
203,19816
204,19817
487,19817
488,19818
404,19824
120,19831
365,19988
168,19994
322,19995
435,20015
279,20031
484,20078
485,20079
439,20096
440,20097
350,20106
147,20114
488,20122
489,20123
304,20141
322,20160
203,20202
204,20203
487,20203
417,20208
133,20222
68,20245
69,20246
200,20246
233,20284
234,20285
153,20287
406,20299
221,20323
222,20324
341,20486
208,20503
390,20584
152,20610
339,20668
343,20670
438,20689
201,20740
366,20745
367,20746
368,20747
365,20750
107,20785
113,20791
114,20792
120,20798
121,20799
480,20799
228,20813
229,20814
147,20822
156,20837
168,20852
169,20853
170,20854
171,20855
285,20862
152,20864
167,20884
168,20885
203,20893
122,20900
481,20900
236,20914
237,20915
242,20919
304,20944
303,20976
304,20977
479,20979
311,20983
321,20987
318,20991
319,20992
320,20993
321,20994
337,21012
338,21013
275,21043
276,21044
408,21066
472,21077
408,21081
426,21103
171,21122
204,21144
487,21144
205,21145
122,21155
481,21155
204,21181
487,21181
339,21227
439,21271
276,21279
170,21317
204,21346
487,21346
488,21347
489,21348
321,21367
435,21386
457,21407
488,21418
404,21443
405,21444
168,21515
322,21516
323,21517
248,21524
439,21587
439,21594
236,21599
129,21601
479,21706
205,21789
68,21847
69,21848
200,21848
488,21863
152,21876
304,21890
406,21895
279,21919
278,21966
302,22008
303,22025
304,22026
203,22029
120,22074
339,22076
113,22164
114,22165
153,22194
368,22200
168,22297
322,22298
435,22301
366,22312
319,22313
320,22314
122,22335
481,22335
123,22336
475,22348
308,22368
476,22371
404,22400
204,22467
487,22467
464,22484
69,22515
200,22515
350,22527
152,22572
203,22593
350,22621
369,22648
416,22689
350,22699
409,22721
279,22738
303,22750
368,22770
69,22776
200,22776
70,22777
390,22801
391,22802
203,22835
204,22865
487,22865
304,22883
305,22884
236,22897
68,22930
69,22931
200,22931
181,22950
405,22952
68,22956
283,22988
278,22998
279,22999
439,23016
279,23059
365,23090
122,23124
481,23124
286,23130
313,23155
314,23156
479,23186
152,23334
312,23390
310,23404
350,23412
68,23414
69,23415
200,23415
233,23519
339,23603
321,23670
169,23671
236,23742
279,23775
366,23788
319,23789
320,23790
304,23792
479,23794
434,23816
285,23947
152,23949
203,23978
417,23998
68,24001
366,24070
319,24071
320,24072
321,24073
169,24074
318,24082
367,24083
368,24084
169,24166
152,24222
279,24277
366,24280
146,24282
168,24288
350,24296
321,24324
381,24327
279,24340
440,24343
285,24466
152,24468
409,24491
322,24543
300,24605
386,24639
387,24640
203,24647
204,24648
487,24648
168,24675
322,24676
286,24684
70,24720
121,24722
480,24722
482,24787
435,24918
310,24931
278,24944
69,24951
200,24951
70,24952
222,24969
223,24970
489,25006
489,25007
203,25013
203,25043
208,25052
209,25053
321,25083
169,25084
170,25085
69,25104
200,25104
207,25122
133,25133
233,25178
234,25179
122,25208
481,25208
151,25223
321,25230
279,25242
366,25245
224,25267
312,25430
204,25443
487,25443
269,25516
270,25517
203,25557
426,25619
312,25711
204,25735
487,25735
279,25757
350,25780
68,25782
223,25809
439,25841
279,25869
440,25872
276,25874
203,25900
368,25904
248,25925
203,25941
170,25952
223,25953
321,26001
121,26025
480,26025
119,26033
120,26034
233,26065
461,26086
168,26150
322,26151
323,26152
236,26162
101,26176
456,26177
223,26178
139,26217
279,26276
365,26311
366,26312
180,26513
303,26525
304,26526
350,26642
236,26695
204,26753
487,26753
279,26767
121,26797
480,26797
122,26798
481,26798
233,27040
201,27058
202,27059
203,27060
204,27061
487,27061
339,27122
279,27164
260,27174
486,27232
204,27233
487,27233
488,27234
68,27235
439,27244
353,27373
369,27378
129,27456
337,27508
260,27584
321,27616
203,27626
167,27664
304,27666
472,27741
339,27793
439,27816
274,27945
275,27946
276,27947
119,27966
362,27997
439,28059
70,28066
71,28067
172,28125
173,28126
381,28157
201,28171
202,28172
203,28173
361,28232
386,28266
387,28267
303,28333
304,28334
479,28336
339,28342
236,28345
349,28356
350,28357
279,28408
70,28519
365,28554
318,28558
196,28579
197,28580
365,28591
366,28592
248,28597
189,28637
488,28676
489,28677
461,28746
462,28747
486,28797
204,28798
487,28798
304,28847
479,28858
235,28872
339,28903
368,28914
475,28956
181,28959
106,29005
233,29051
353,29130
132,29158
478,29194
479,29195
121,29196
480,29196
479,29203
121,29204
480,29204
68,29237
203,29249
267,29355
404,29387
405,29391
313,29467
120,29515
349,29555
275,29645
276,29646
236,29683
352,29700
236,29759
489,29775
279,29801
236,29820
440,29823
286,29931
353,29967
386,29979
350,29999
404,30074
354,30137
274,30196
389,30200
486,30216
474,30221
380,30233
70,30285
121,30287
480,30287
204,30318
487,30318
488,30319
489,30320
489,30321
486,30341
204,30342
487,30342
405,30347
339,30402
340,30403
286,30415
153,30436
68,30441
308,30470
204,30492
487,30492
313,30497
70,30535
267,30580
70,30611
71,30612
472,30709
473,30710
474,30711
475,30712
236,30735
366,30789
180,30798
339,30815
417,30873
381,30893
486,30908
204,30909
487,30909
488,30910
489,30911
489,30912
206,30914
168,30936
417,31016
338,31026
339,31027
167,31047
168,31048
342,31052
152,31104
321,31125
489,31166
68,31167
69,31168
200,31168
417,31199
439,31307
489,31331
133,31334
230,31337
236,31383
203,31391
203,31402
205,31469
221,31543
386,31556
234,31600
193,31633
350,31663
349,31699
208,31705
249,31754
204,31861
487,31861
122,31868
481,31868
321,31874
221,31915
223,31936
304,31948
472,31999
139,32012
303,32037
304,32038
488,32115
489,32116
68,32117
70,32223
70,32240
339,32371
153,32384
439,32446
318,32471
203,32478
439,32490
223,32503
275,32507
276,32508
303,32517
304,32518
279,32548
278,32629
279,32630
350,32648
381,32674
104,32693
438,32737
278,32745
472,32751
368,32762
365,32817
366,32818
278,32827
303,32868
154,32901
350,32908
181,32920
408,32946
250,32979
278,32989
122,32998
481,32998
123,32999
139,33082
338,33104
70,33172
71,33173
267,33226
308,33249
235,33253
236,33254
386,33284
279,33317
313,33322
314,33323
221,33330
204,33346
487,33346
337,33376
404,33394
405,33395
279,33421
123,33464
440,33467
276,33469
468,33494
469,33495
470,33496
234,33545
475,33575
70,33623
341,33669
313,33676
405,33721
268,33733
236,33742
119,33752
122,33770
481,33770
123,33771
279,33777
250,33783
278,33802
304,33828
153,33841
168,33919
461,33940
279,33942
472,33971
222,34056
274,34071
389,34075
203,34188
204,34189
487,34189
488,34190
489,34191
68,34192
274,34193
167,34218
168,34219
169,34220
170,34221
223,34222
204,34231
487,34231
233,34246
468,34250
469,34251
472,34283
68,34288
264,34301
71,34383
303,34390
221,34418
222,34419
278,34426
203,34457
204,34458
487,34458
439,34526
380,34610
339,34671
70,34689
203,34730
353,34733
366,34756
367,34757
368,34758
321,34865
208,34900
236,34937
204,35004
487,35004
321,35010
406,35056
488,35082
489,35083
321,35131
417,35169
486,35177
204,35178
487,35178
439,35201
311,35233
312,35234
479,35272
204,35320
487,35320
322,35345
475,35368
285,35378
70,35462
339,35469
366,35551
435,35554
278,35559
68,35591
204,35616
487,35616
488,35617
68,35618
278,35708
309,35747
479,35785
279,35824
439,35858
286,35914
267,35921
268,35922
439,35952
71,35955
321,36000
168,36110
489,36200
489,36201
68,36202
322,36267
323,36268
268,36279
322,36356
278,36479
279,36480
236,36522
278,36533
279,36534
168,36614
169,36615
204,36618
487,36618
69,36620
200,36620
435,36629
440,36648
169,36673
418,36689
304,36692
472,36699
484,36716
440,36741
169,36746
204,36749
487,36749
169,36761
170,36762
308,36790
349,36823
321,36831
169,36832
354,36860
365,36966
439,37034
147,37059
486,37069
445,37090
407,37119
408,37120
409,37121
69,37130
200,37130
321,37160
169,37161
278,37244
279,37245
314,37275
236,37320
249,37348
277,37384
278,37385
279,37386
121,37460
480,37460
405,37477
438,37531
439,37532
120,37562
488,37590
489,37591
352,37593
353,37594
114,37629
204,37683
487,37683
69,37685
200,37685
472,37715
286,37801
147,37866
365,37916
339,37931
168,37997
472,38066
275,38094
389,38100
404,38113
203,38123
204,38124
487,38124
204,38163
487,38163
488,38164
489,38165
68,38166
303,38175
417,38187
439,38211
314,38249
323,38252
439,38298
208,38345
153,38374
154,38375
155,38376
156,38377
456,38379
457,38380
488,38391
489,38392
489,38393
489,38394
239,38438
240,38439
147,38557
104,38786
321,38794
155,38868
343,38878
121,38928
480,38928
279,38975
321,38996
257,39029
390,39139
391,39140
250,39245
203,39318
310,39358
320,39400
221,39415
439,39421
275,39436
390,39454
386,39462
275,39479
268,39484
406,39488
101,39505
456,39506
268,39514
248,39588
203,39612
279,39648
249,39718
250,39719
312,39736
277,39752
278,39753
236,39823
365,39829
321,39847
236,39934
278,39945
279,39946
435,40150
250,40183
274,40187
204,40206
487,40206
205,40207
167,40208
168,40209
121,40251
480,40251
122,40252
481,40252
482,40253
311,40357
312,40358
236,40361
365,40363
203,40419
204,40420
487,40420
123,40475
435,40498
169,40540
439,40554
113,40613
341,40648
380,40679
106,40690
475,40733
207,40761
390,40781
391,40782
350,40784
248,40833
479,40880
438,40931
439,40932
250,40986
233,41032
409,41077
250,41100
416,41241
435,41258
68,41293
365,41311
485,41399
486,41400
70,41452
368,41541
365,41573
203,41634
236,41671
276,41708
132,41719
475,41762
236,41917
237,41918
114,41931
312,41996
486,42054
207,42057
368,42126
208,42165
475,42186
236,42214
425,42278
278,42334
279,42335
365,42343
486,42360
440,42381
312,42526
336,42549
339,42628
486,42663
390,42680
391,42681
203,42714
236,42817
365,42819
440,42831
439,42847
104,42875
121,42886
480,42886
322,42920
323,42921
314,43002
416,43038
365,43042
275,43075
276,43076
278,43113
474,43172
475,43173
386,43201
387,43202
309,43215
70,43252
236,43255
208,43347
279,43353
101,43447
456,43448
478,43558
104,43577
126,43669
268,43792
233,43836
181,43919
447,43937
312,44024
181,44101
248,44163
475,44267
321,44302
435,44499
260,44586
267,44591
152,44604
439,44616
123,44624
124,44625
250,44674
121,44688
480,44688
122,44689
481,44689
303,44733
121,44856
480,44856
208,44862
314,44888
479,44942
404,45039
274,45108
472,45142
473,45143
474,45144
122,45166
481,45166
472,45174
473,45175
486,45228
365,45250
389,45261
201,45295
250,45317
365,45323
314,45330
439,45376
204,45440
487,45440
279,45495
70,45583
236,45586
303,45625
350,45667
70,45736
279,45743
309,45765
350,45786
69,45788
200,45788
70,45789
71,45790
474,45808
475,45809
71,45914
279,45938
435,45999
261,46072
122,46078
481,46078
123,46079
70,46171
204,46194
487,46194
101,46222
121,46233
480,46233
122,46234
481,46234
312,46240
484,46266
172,46269
173,46270
154,46286
76,46316
168,46381
322,46382
416,46442
435,46483
313,46526
339,46541
339,46547
236,46632
341,46636
450,46675
391,46685
261,46707
321,46743
70,46749
339,46752
475,46777
339,46794
314,46911
445,46948
397,46995
486,47132
204,47133
487,47133
69,47135
200,47135
70,47136
70,47184
224,47317
180,47332
488,47348
440,47433
472,47437
473,47438
171,47498
479,47597
233,47658
234,47659
250,47699
242,47720
474,47749
475,47750
440,47797
236,47823
365,47825
101,47880
322,47903
236,47967
406,48025
68,48051
69,48117
200,48117
321,48134
170,48224
321,48288
169,48289
170,48290
353,48323
311,48377
479,48561
236,48600
68,48633
223,48644
278,48680
279,48681
404,48706
386,48756
387,48757
388,48758
389,48759
70,48778
71,48779
236,48794
365,48796
321,48810
322,48811
76,48826
236,48934
365,48936
386,48963
472,48988
440,49013
206,49026
71,49036
303,49055
168,49071
70,49086
386,49134
147,49140
278,49148
279,49149
243,49183
309,49229
314,49241
236,49246
365,49248
279,49341
440,49344
69,49349
200,49349
201,49350
202,49351
203,49352
203,49379
365,49383
263,49472
280,49516
69,49553
200,49553
201,49554
136,49598
137,49599
203,49610
204,49611
487,49611
488,49612
203,49718
68,49725
386,49739
233,49755
122,49758
481,49758
482,49759
368,49766
181,49823
386,49886
387,49887
488,49937
68,49938
311,49962
435,49980
409,50101
417,50190
203,50231
439,50250
236,50268
408,50272
461,50380
121,50390
480,50390
122,50391
481,50391
275,50408
276,50409
365,50439
277,50505
278,50506
279,50507
416,50519
154,50522
155,50523
152,50587
153,50588
302,50603
322,50605
323,50606
68,50646
203,50687
250,50720
70,50776
71,50777
308,50785
70,50817
236,50820
365,50841
121,50861
480,50861
223,50964
224,50965
225,50966
226,50967
338,51019
484,51069
485,51070
486,51071
426,51124
70,51135
275,51206
276,51207
439,51215
308,51227
147,51282
250,51295
322,51327
323,51328
261,51339
267,51368
268,51369
278,51375
312,51390
267,51396
278,51410
236,51540
312,51591
313,51592
304,51680
479,51682
321,51693
439,51702
322,51736
233,51745
310,51774
322,51836
208,51899
147,51921
312,51939
406,51982
406,51984
275,52069
469,52072
406,52076
366,52114
120,52156
121,52157
480,52157
350,52163
274,52165
263,52169
71,52192
279,52260
322,52315
409,52370
404,52379
405,52380
69,52454
200,52454
438,52531
439,52532
440,52533
114,52543
404,52629
405,52630
366,52707
147,52713
349,52718
304,52722
406,52757
321,52797
279,52851
264,52858
158,52915
250,52987
71,53004
342,53006
343,53007
278,53010
397,53042
276,53064
236,53076
237,53077
472,53102
445,53173
365,53199
69,53231
200,53231
70,53232
341,53261
416,53306
279,53313
461,53323
462,53324
203,53393
70,53424
234,53465
203,53515
435,53520
313,53522
101,53586
489,53606
201,53652
202,53653
203,53654
204,53655
487,53655
488,53656
234,53686
70,53757
276,53779
69,53825
200,53825
70,53826
279,53840
233,53940
263,53942
168,54018
366,54032
236,54054
233,54102
234,54103
184,54110
285,54154
475,54160
207,54255
70,54318
389,54390
261,54414
277,54438
278,54439
234,54457
479,54473
204,54488
487,54488
322,54519
323,54520
446,54542
236,54579
321,54624
153,54635
350,54658
201,54705
236,54723
205,54801
167,54802
279,54834
472,54855
368,54884
204,54905
487,54905
439,54923
440,54924
276,54926
277,54927
278,54928
203,55046
417,55068
312,55128
181,55130
353,55134
233,55149
133,55164
134,55165
135,55166
129,55227
321,55248
322,55249
390,55342
189,55345
417,55455
365,55467
274,55473
275,55474
136,55499
137,55500
276,55526
237,55555
236,55608
365,55610
154,55612
339,55620
106,55671
204,55737
487,55737
279,55761
168,55812
322,55813
323,55814
308,55828
268,55869
321,55890
267,55937
268,55938
474,55970
475,55971
435,56022
274,56057
121,56069
480,56069
120,56083
121,56084
480,56084
279,56092
279,56095
369,56120
168,56149
435,56175
417,56208
416,56246
303,56278
304,56279
479,56281
229,56312
230,56313
230,56342
279,56403
280,56445
386,56453
387,56454
388,56455
389,56456
479,56467
439,56502
168,56509
486,56639
204,56640
487,56640
488,56641
68,56642
236,56672
322,56704
488,56759
489,56760
365,56821
236,56860
365,56862
365,56871
223,56898
224,56899
303,56947
304,56948
479,56950
121,56951
480,56951
312,56985
304,57005
236,57051
153,57079
153,57140
233,57166
267,57236
279,57241
489,57296
68,57297
204,57331
487,57331
312,57397
69,57464
200,57464
70,57465
121,57467
480,57467
435,57489
277,57733
278,57734
485,57738
391,57752
233,57781
236,57805
408,57809
204,57817
487,57817
350,57864
204,57890
487,57890
488,57891
233,57915
339,57918
380,58048
279,58149
204,58175
487,58175
343,58291
337,58311
338,58312
366,58376
70,58413
71,58414
204,58454
487,58454
312,58485
153,58500
154,58501
168,58581
169,58582
435,58594
313,58596
318,58612
440,58689
201,58696
133,58704
313,58724
438,58765
267,58808
339,58844
314,58881
267,58886
268,58887
269,58888
121,58913
480,58913
489,58947
350,58967
351,58968
167,58969
168,58970
322,58971
323,58972
264,58977
153,59085
311,59115
405,59171
366,59194
205,59211
303,59263
120,59273
304,59305
129,59500
203,59519
197,59546
234,59653
235,59654
236,59655
314,59765
350,59782
