286,68
276,149
296,161
400,164
360,245
250,255
297,261
298,262
63,267
64,268
492,269
493,270
293,412
294,413
216,480
509,503
216,545
217,546
179,547
218,547
101,556
398,559
502,566
503,567
65,596
399,641
134,648
461,648
153,695
154,696
286,703
84,839
400,843
150,905
460,1000
412,1001
207,1009
469,1028
470,1029
160,1059
215,1094
533,1136
105,1191
469,1225
240,1244
133,1300
134,1301
461,1301
209,1319
298,1393
299,1394
509,1406
443,1425
105,1428
152,1527
444,1600
479,1675
105,1724
398,1780
413,1802
414,1803
209,1817
210,1818
179,1830
218,1830
219,1831
444,1845
393,1852
260,1904
284,1983
174,1985
174,2071
412,2169
502,2190
190,2214
469,2234
470,2271
136,2281
271,2281
179,2346
218,2346
250,2416
413,2434
409,2469
135,2474
270,2474
463,2495
136,2511
271,2511
398,2572
453,2614
443,2691
135,2772
270,2772
208,2814
132,2823
133,2824
134,2825
461,2825
293,2883
295,2888
296,2889
297,2890
179,2915
218,2915
219,2916
435,2918
394,2991
395,2992
396,2993
178,3007
293,3067
294,3068
160,3097
207,3103
251,3118
272,3119
273,3120
274,3121
297,3130
298,3131
272,3203
272,3206
173,3225
501,3245
269,3331
135,3332
270,3332
266,3337
173,3345
392,3384
285,3389
105,3398
239,3399
250,3413
398,3426
160,3444
136,3469
271,3469
63,3479
64,3480
272,3524
273,3525
274,3526
207,3558
219,3562
216,3644
527,3647
469,3657
120,3711
341,3736
153,3824
135,3843
270,3843
532,3849
408,3862
409,3863
410,3864
411,3865
393,3867
246,3903
297,3913
298,3914
251,3943
272,3944
533,3960
332,3965
442,3982
246,4027
276,4082
250,4104
207,4122
136,4141
271,4141
238,4191
469,4193
532,4205
243,4208
172,4249
63,4283
209,4313
132,4347
133,4348
134,4349
461,4349
462,4350
134,4357
461,4357
105,4439
63,4442
105,4587
239,4588
397,4601
120,4677
84,4700
119,4712
247,4718
443,4719
173,4801
392,4860
343,4887
190,4911
267,4922
479,4957
251,4968
160,5021
492,5026
173,5043
444,5128
207,5190
295,5270
296,5271
144,5303
297,5350
207,5427
443,5453
179,5478
218,5478
411,5496
134,5497
461,5497
135,5498
270,5498
250,5604
251,5605
296,5612
231,5654
179,5698
218,5698
398,5734
397,5745
398,5746
377,5773
393,5825
425,5875
407,5890
495,5904
135,5933
270,5933
236,6027
237,6028
267,6038
412,6105
267,6152
120,6165
63,6206
238,6344
469,6346
153,6350
502,6354
135,6410
270,6410
239,6417
296,6448
392,6515
396,6569
397,6570
412,6585
105,6594
508,6634
175,6656
176,6657
126,6683
127,6684
231,6714
292,6784
396,6792
397,6793
230,6815
470,6828
412,6860
469,6873
63,6897
135,6916
270,6916
511,6925
398,7138
154,7155
469,7237
453,7336
398,7339
246,7398
151,7433
135,7520
270,7520
178,7523
296,7525
128,7573
412,7587
397,7605
469,7611
332,7616
453,7654
106,7663
160,7700
135,7752
270,7752
397,7785
133,7842
412,7843
444,7876
246,7881
527,7949
398,7989
526,8060
144,8067
160,8075
134,8126
461,8126
135,8127
270,8127
103,8145
190,8150
529,8167
535,8167
217,8191
296,8193
251,8209
296,8218
179,8325
218,8325
508,8353
411,8375
393,8377
101,8415
102,8416
396,8426
411,8464
412,8465
444,8515
101,8641
102,8642
456,8644
101,8646
102,8647
276,8660
219,8704
220,8705
125,8752
219,8788
444,8800
533,8808
210,8858
219,8938
526,8993
527,8994
511,9021
297,9031
179,9047
218,9047
508,9053
160,9069
216,9146
217,9147
396,9203
397,9243
398,9262
298,9270
444,9283
216,9365
179,9375
218,9375
120,9405
88,9414
293,9417
398,9429
106,9456
241,9468
219,9475
144,9542
397,9567
444,9613
216,9638
217,9639
180,9666
495,9690
292,9699
173,9732
501,9747
246,9892
247,9893
443,9894
538,9896
173,9912
395,9927
160,9975
217,9983
399,9986
400,9987
120,10038
469,10050
397,10080
231,10119
145,10132
150,10162
398,10261
399,10262
444,10264
445,10265
453,10282
216,10367
174,10389
397,10419
160,10429
101,10481
102,10482
174,10489
238,10557
106,10558
276,10607
322,10625
529,10627
535,10627
120,10629
444,10657
444,10732
293,10746
230,10758
231,10759
312,10787
276,10790
371,10844
134,10857
461,10857
135,10858
270,10858
267,10871
508,10890
152,10894
207,10918
460,10980
511,11019
173,11042
160,11056
250,11085
453,11113
150,11145
527,11202
259,11220
128,11230
102,11246
332,11306
124,11313
272,11366
245,11415
151,11426
398,11431
399,11432
246,11469
87,11531
88,11532
332,11546
296,11551
251,11552
428,11561
398,11578
399,11579
217,11589
247,11596
443,11597
127,11600
128,11601
153,11618
154,11619
155,11620
173,11685
174,11686
274,11695
207,11730
107,11739
145,11782
219,11803
492,11811
493,11812
293,11815
296,11850
208,11858
442,11892
469,11900
370,11921
160,11929
444,11947
238,11976
239,11977
266,11991
288,12048
289,12049
294,12053
135,12059
270,12059
239,12073
412,12145
106,12181
135,12205
270,12205
296,12213
125,12256
240,12265
460,12268
63,12326
444,12385
479,12419
529,12460
535,12460
536,12461
161,12462
265,12504
231,12519
146,12523
147,12524
296,12573
469,12599
470,12600
179,12660
218,12660
267,12758
469,12855
136,12856
271,12856
272,12857
269,12936
135,12937
270,12937
136,12938
271,12938
234,12967
235,12968
219,12991
397,13023
398,13024
399,13025
209,13039
179,13047
218,13047
216,13050
371,13070
372,13071
332,13142
251,13149
293,13154
397,13173
178,13176
425,13188
160,13203
219,13225
250,13299
297,13300
220,13305
444,13333
103,13385
104,13386
105,13387
239,13388
285,13507
456,13524
444,13551
120,13562
501,13612
502,13613
251,13620
267,13624
502,13656
246,13695
120,13718
509,13764
510,13765
397,13883
272,13894
272,13897
160,13907
479,13915
288,13989
289,13990
231,14005
297,14028
88,14036
219,14043
393,14067
394,14068
160,14072
106,14124
152,14179
469,14196
332,14203
276,14206
492,14225
493,14226
299,14238
414,14266
152,14303
492,14313
332,14329
105,14348
444,14376
174,14393
398,14423
399,14424
266,14432
153,14480
134,14543
461,14543
135,14544
270,14544
293,14552
398,14589
179,14626
218,14626
219,14627
444,14646
445,14647
150,14663
412,14726
413,14727
296,14742
398,14772
399,14773
246,14808
442,14820
443,14821
453,14898
127,14903
128,14904
234,14925
235,14926
236,14927
237,14928
120,14939
151,14980
160,14989
456,15039
105,15061
220,15071
412,15088
120,15107
220,15112
160,15137
398,15197
332,15237
246,15252
293,15372
527,15375
105,15407
252,15420
176,15421
177,15422
178,15423
296,15425
239,15429
267,15432
101,15437
121,15495
126,15502
127,15503
151,15526
152,15527
153,15528
154,15529
160,15542
190,15559
220,15590
276,15646
294,15660
430,15679
322,15687
323,15688
160,15697
272,15702
293,15725
160,15734
263,15753
392,15755
393,15756
394,15757
395,15758
396,15759
397,15760
398,15761
399,15762
121,15765
406,15770
407,15771
412,15775
443,15806
444,15807
492,15847
493,15848
397,15886
128,15890
272,15907
272,15970
292,16083
332,16131
154,16136
444,16161
263,16174
239,16200
63,16241
293,16480
265,16514
219,16527
444,16536
153,16622
133,16656
134,16657
461,16657
88,16682
268,16697
269,16698
135,16699
270,16699
135,16716
270,16716
173,16739
237,16747
230,16809
230,16870
231,16871
442,16875
399,16926
160,17000
296,17009
444,17025
445,17026
219,17049
220,17050
251,17059
107,17075
397,17090
468,17095
469,17096
509,17142
398,17144
527,17153
430,17203
136,17254
271,17254
215,17267
215,17278
216,17279
145,17282
220,17294
103,17297
296,17336
160,17362
280,17367
296,17384
251,17385
179,17498
218,17498
216,17501
217,17502
469,17572
276,17578
294,17586
295,17587
296,17588
469,17663
136,17664
271,17664
414,17752
238,17882
444,17916
445,17917
443,17956
502,17969
215,18006
135,18017
270,18017
392,18073
174,18117
276,18121
215,18131
276,18154
492,18157
298,18207
299,18208
105,18220
190,18254
179,18344
218,18344
235,18382
106,18462
107,18463
479,18500
469,18512
105,18572
469,18574
469,18621
136,18622
271,18622
371,18630
217,18696
442,18770
443,18771
528,18798
534,18798
398,18828
399,18829
150,18878
296,18885
276,18904
178,18931
179,18932
218,18932
215,19010
171,19013
219,19032
154,19063
493,19098
533,19112
495,19115
135,19128
270,19128
470,19129
298,19204
128,19215
392,19334
296,19392
398,19412
296,19418
154,19488
127,19496
128,19497
105,19502
207,19503
207,19509
293,19513
495,19526
272,19536
394,19539
495,19583
246,19584
266,19626
444,19638
502,19653
503,19654
286,19782
287,19783
288,19784
289,19785
145,19800
179,19810
218,19810
160,19832
409,19881
479,19885
174,19914
238,19952
292,19961
135,20021
270,20021
174,20055
217,20143
239,20187
469,20204
470,20260
207,20274
217,20311
173,20336
508,20340
509,20341
324,20384
296,20406
429,20448
190,20548
150,20567
296,20675
251,20676
134,20709
461,20709
135,20710
270,20710
250,20724
145,20756
443,20773
444,20774
160,20808
133,20849
134,20882
461,20882
120,20900
80,20942
217,20946
444,20955
265,21065
409,21074
134,21092
461,21092
292,21113
120,21155
469,21182
503,21208
431,21231
432,21232
296,21245
238,21260
456,21321
179,21361
218,21361
444,21456
495,21493
246,21494
106,21513
396,21526
397,21527
443,21557
444,21558
178,21597
216,21705
341,21760
160,21777
444,21817
67,21835
133,21844
134,21845
461,21845
180,21877
217,21892
444,21931
294,21950
295,21951
512,21960
444,21967
396,22040
266,22048
267,22049
469,22107
262,22124
263,22125
172,22192
160,22247
453,22255
120,22335
527,22347
151,22352
235,22371
154,22425
263,22448
479,22489
219,22573
144,22584
414,22624
529,22634
535,22634
469,22775
178,22778
215,22868
219,22894
275,22920
238,22968
469,23084
398,23088
286,23104
529,23122
535,23122
120,23124
393,23144
394,23145
527,23182
160,23187
409,23227
410,23228
219,23335
219,23338
220,23339
221,23340
174,23344
444,23479
442,23528
492,23546
398,23614
215,23666
207,23766
397,23842
219,23950
511,23959
453,24010
296,24045
297,24046
285,24051
443,24064
179,24081
218,24081
502,24099
292,24108
144,24123
493,24129
239,24160
425,24165
160,24172
295,24194
230,24197
231,24198
267,24262
495,24267
106,24286
136,24298
271,24298
133,24310
412,24311
179,24334
218,24334
215,24358
242,24430
442,24450
512,24464
285,24551
286,24556
492,24574
134,24607
461,24607
239,24613
128,24622
152,24646
469,24649
411,24672
105,24687
239,24688
509,24731
220,24734
398,24738
460,24775
412,24776
121,24787
414,24813
415,24814
396,24907
396,24926
135,24950
270,24950
263,25002
322,25089
323,25090
135,25103
270,25103
105,25119
106,25120
105,25140
120,25208
267,25249
263,25290
396,25340
133,25403
134,25404
461,25404
397,25414
239,25419
217,25464
145,25487
394,25497
479,25589
135,25613
270,25613
136,25614
271,25614
173,25720
105,25762
217,25884
396,25927
219,25947
469,25975
332,25987
293,25991
217,26013
178,26043
397,26057
332,26068
173,26161
399,26163
179,26173
218,26173
207,26229
413,26259
501,26262
502,26263
293,26356
144,26381
268,26386
240,26502
180,26534
443,26573
237,26582
396,26623
173,26694
120,26798
102,26843
216,26852
217,26853
250,26923
219,27152
276,27211
133,27333
412,27334
160,27367
250,27394
293,27432
294,27433
286,27435
287,27436
242,27437
243,27438
436,27442
135,27453
270,27453
230,27466
231,27467
412,27485
64,27487
492,27488
493,27489
240,27672
529,27705
535,27705
536,27706
292,27782
371,27784
372,27785
443,27862
105,27865
239,27866
469,27944
101,27960
176,27998
267,28021
216,28101
217,28102
179,28103
218,28103
397,28149
219,28321
298,28355
463,28360
464,28361
239,28369
444,28411
215,28464
525,28470
478,28472
501,28473
173,28487
160,28497
295,28546
250,28575
393,28576
394,28577
238,28674
63,28679
64,28680
409,28695
410,28696
411,28697
500,28758
206,28787
239,28788
462,28793
463,28794
134,28853
461,28853
215,28856
216,28857
400,28898
401,28899
105,28944
527,28955
396,28973
397,28974
134,29013
461,29013
63,29028
412,29037
107,29129
63,29137
274,29158
217,29213
135,29216
270,29216
208,29272
209,29273
210,29274
239,29367
501,29378
239,29401
153,29407
492,29410
493,29411
106,29420
260,29477
285,29537
295,29551
296,29552
297,29553
298,29554
324,29567
105,29615
207,29616
343,29718
217,29728
296,29751
173,29819
411,29896
412,29946
266,30076
444,30104
135,30195
270,30195
322,30213
414,30219
415,30220
533,30221
245,30233
293,30252
296,30283
135,30350
270,30350
136,30442
271,30442
216,30469
171,30547
172,30548
360,30555
238,30594
239,30595
63,30605
160,30628
532,30710
533,30711
332,30716
293,30725
173,30734
399,30736
63,30757
493,30802
153,30839
154,30840
155,30841
150,30854
151,30855
160,30896
106,30934
133,30970
63,30984
293,31051
160,31091
219,31105
360,31107
263,31113
432,31150
395,31254
396,31255
219,31271
173,31282
174,31302
296,31358
249,31362
454,31387
152,31390
298,31394
260,31438
238,31467
250,31655
297,31656
297,31697
298,31698
216,31733
217,31734
135,31788
270,31788
469,31862
119,31867
120,31868
424,31882
134,31900
461,31900
300,31927
249,31956
409,31963
410,31964
411,31965
217,32040
296,32062
295,32067
251,32075
442,32099
443,32100
460,32108
286,32130
178,32224
296,32226
178,32241
179,32242
218,32242
239,32271
267,32274
219,32349
174,32352
295,32373
296,32374
251,32375
460,32395
412,32396
267,32399
179,32470
218,32470
106,32497
392,32538
393,32539
443,32547
398,32555
399,32556
246,32668
393,32710
119,32805
316,32842
94,32855
394,32887
395,32888
396,32889
397,32890
267,32898
210,32902
400,32912
135,32926
270,32926
136,32927
271,32927
394,32977
105,32992
120,32998
179,33057
218,33057
322,33070
152,33116
153,33117
412,33196
63,33204
263,33229
241,33234
399,33255
215,33361
216,33362
217,33363
144,33372
135,33380
270,33380
322,33384
180,33432
181,33433
397,33466
105,33550
207,33551
526,33573
527,33574
293,33667
294,33670
295,33671
217,33689
178,33757
120,33770
397,33773
398,33774
399,33775
469,33786
269,33790
135,33791
270,33791
179,33840
218,33840
263,33870
469,33900
444,33904
267,33908
101,33948
220,33959
266,33975
407,33988
134,34069
461,34069
135,34070
270,34070
406,34083
407,34084
63,34102
263,34107
264,34108
294,34134
295,34135
296,34136
297,34137
134,34254
461,34254
442,34268
443,34269
269,34292
63,34294
293,34298
219,34315
173,34380
294,34385
510,34431
469,34459
529,34521
535,34521
245,34610
496,34611
107,34641
133,34650
178,34690
296,34703
251,34704
238,34716
107,34732
105,34800
479,34821
332,34834
276,34840
267,34843
398,34893
399,34894
444,34896
332,34925
211,34944
372,34980
463,35006
293,35013
294,35014
295,35015
238,35080
502,35088
251,35096
272,35097
219,35160
296,35213
393,35214
135,35238
270,35238
526,35279
150,35285
479,35299
239,35337
105,35420
239,35421
414,35423
250,35427
160,35447
129,35455
511,35476
267,35549
119,35564
136,35592
271,35592
424,35594
425,35595
178,35625
294,35644
105,35693
469,35695
508,35729
239,35742
432,35767
250,35775
160,35786
397,35820
398,35821
399,35822
292,35829
371,35831
460,35835
178,35861
179,35862
218,35862
219,35863
174,35866
408,35982
409,35983
410,35984
411,35985
173,36044
292,36092
322,36122
529,36124
535,36124
398,36153
470,36203
395,36209
396,36210
393,36213
394,36214
160,36242
276,36271
529,36294
535,36294
135,36350
270,36350
298,36352
299,36353
106,36378
107,36379
84,36402
135,36428
270,36428
136,36429
271,36429
409,36465
410,36466
411,36467
398,36525
65,36560
412,36563
469,36619
425,36672
219,36725
425,36760
84,36819
298,36822
275,36921
215,36930
397,36963
398,36964
246,36971
239,37006
345,37019
105,37044
107,37071
172,37084
173,37085
503,37093
392,37112
239,37116
135,37129
270,37129
267,37146
298,37302
299,37303
394,37371
246,37403
250,37418
150,37464
160,37563
444,37650
215,37667
469,37684
263,37703
407,37711
133,37724
396,37768
398,37805
399,37806
453,37878
538,37885
217,37904
151,37939
267,37985
173,38021
238,38060
239,38061
240,38062
250,38070
296,38092
150,38120
151,38121
152,38122
469,38125
135,38149
270,38149
470,38150
398,38154
178,38172
502,38207
398,38212
399,38213
394,38307
135,38326
270,38326
412,38416
292,38442
510,38462
392,38530
297,38531
217,38537
296,38539
251,38540
272,38541
398,38560
135,38585
270,38585
136,38586
271,38586
252,38587
176,38588
509,38594
495,38600
469,38621
136,38622
271,38622
173,38736
106,38830
322,38860
529,38862
535,38862
247,38942
508,38950
444,38969
444,39038
445,39039
511,39057
393,39066
510,39148
511,39149
512,39150
105,39199
239,39346
150,39366
160,39516
105,39519
207,39520
134,39544
461,39544
396,39595
298,39604
299,39605
300,39606
526,39636
495,39644
246,39645
247,39646
443,39647
173,39678
144,39738
285,39770
394,39787
160,39885
239,39905
296,39967
251,39968
396,39981
444,39994
445,39995
444,40037
526,40077
453,40099
444,40102
251,40140
252,40141
176,40142
265,40164
343,40168
469,40186
392,40197
251,40198
120,40252
121,40253
312,40265
135,40280
270,40280
394,40282
395,40283
396,40284
396,40312
286,40354
173,40360
149,40415
150,40416
151,40417
152,40418
469,40421
266,40433
267,40434
398,40436
105,40484
469,40486
398,40555
443,40572
470,40578
294,40631
295,40632
267,40665
245,40679
289,40686
526,40731
527,40732
243,40755
244,40756
160,40767
243,40809
216,40879
160,40881
425,40939
160,41070
239,41110
414,41112
415,41113
207,41145
208,41146
101,41199
493,41203
150,41226
151,41227
152,41228
153,41229
292,41260
469,41318
136,41319
271,41319
123,41371
124,41372
453,41374
454,41375
529,41408
535,41408
144,41418
178,41453
103,41519
495,41523
332,41549
101,41617
102,41618
172,41663
172,41669
173,41670
238,41682
208,41693
209,41694
210,41695
173,41715
174,41716
273,41718
274,41719
396,41731
134,41742
461,41742
135,41743
270,41743
527,41761
407,41821
396,41867
397,41868
398,41869
399,41870
145,41878
135,41903
270,41903
296,41925
396,41949
219,41981
294,42015
295,42016
296,42017
260,42046
134,42069
461,42069
292,42091
293,42092
296,42109
372,42178
394,42285
239,42301
396,42315
397,42316
398,42317
296,42349
178,42355
160,42369
276,42404
292,42426
293,42427
238,42436
409,42495
410,42496
444,42512
133,42636
499,42675
160,42687
179,42708
218,42708
469,42727
145,42769
238,42790
469,42792
296,42799
251,42800
208,42807
293,42839
398,42848
208,42854
267,42895
145,42904
146,42905
147,42906
292,42985
250,43073
150,43086
219,43108
219,43144
243,43149
533,43172
296,43177
179,43185
218,43185
178,43253
190,43263
296,43383
393,43384
239,43409
509,43468
101,43473
469,43495
105,43528
469,43530
294,43536
295,43537
407,43600
135,43626
270,43626
136,43627
271,43627
190,43632
84,43738
173,43752
536,43838
412,43874
293,43912
332,43915
106,43935
173,43944
392,43949
144,43964
145,43965
146,43966
217,43976
412,44006
126,44027
127,44028
502,44171
503,44172
407,44179
332,44188
512,44219
527,44266
293,44305
84,44316
106,44321
398,44345
160,44374
360,44414
293,44434
311,44476
312,44477
92,44512
332,44561
173,44595
219,44605
94,44608
398,44617
399,44618
160,44635
511,44639
239,44649
120,44689
443,44816
394,44823
493,44829
276,44876
442,44936
135,45044
270,45044
136,45045
271,45045
216,45055
153,45087
393,45099
135,45107
270,45107
432,45113
532,45143
533,45144
528,45145
534,45145
145,45148
173,45156
120,45166
532,45175
463,45213
394,45267
84,45292
232,45302
233,45303
469,45320
435,45326
398,45377
208,45395
397,45434
469,45441
219,45480
220,45481
268,45537
269,45538
135,45539
270,45539
508,45543
178,45584
397,45618
263,45622
179,45748
218,45748
442,45758
443,45759
533,45808
310,45844
239,45892
267,45895
397,45947
295,45981
135,45983
270,45983
293,45994
173,46002
276,46012
395,46043
135,46061
270,46061
120,46078
219,46122
250,46134
468,46159
120,46234
190,46242
180,46279
210,46287
295,46310
238,46363
316,46411
292,46485
529,46545
535,46545
179,46625
218,46625
397,46657
424,46664
425,46665
243,46703
250,46734
296,46747
527,46776
154,46783
208,46850
261,46944
262,46945
263,46946
230,46994
432,47012
332,47017
101,47089
510,47121
469,47134
63,47163
127,47169
296,47182
397,47253
246,47306
395,47311
396,47312
468,47347
221,47352
151,47353
444,47394
509,47431
532,47438
215,47567
216,47568
217,47569
343,47580
432,47581
219,47661
63,47689
239,47701
533,47749
250,47793
217,47821
135,47843
270,47843
272,47885
424,47889
396,47899
133,47917
134,47918
461,47918
135,47919
270,47919
154,47958
399,47968
400,47969
394,47980
444,48012
208,48046
295,48063
135,48116
270,48116
296,48138
297,48139
408,48145
409,48146
410,48147
411,48148
134,48149
461,48149
230,48166
443,48187
238,48208
469,48210
443,48263
161,48273
135,48314
270,48314
106,48321
107,48322
267,48346
443,48370
296,48387
175,48407
176,48408
398,48463
435,48524
443,48548
508,48582
399,48601
528,48669
534,48669
250,48699
411,48727
392,48765
269,48769
294,48781
295,48782
296,48783
222,48854
105,48948
332,49019
462,49091
529,49117
535,49117
231,49123
232,49124
402,49168
509,49233
173,49245
501,49276
502,49277
412,49328
267,49331
469,49348
173,49369
322,49373
411,49414
296,49430
511,49496
512,49497
134,49551
461,49551
135,49552
270,49552
285,49570
105,49574
296,49619
103,49627
525,49708
526,49709
120,49758
121,49759
173,49786
238,49814
469,49816
322,49847
529,49849
535,49849
530,49850
123,49859
293,49869
412,49909
435,49918
468,49936
291,49957
409,49987
119,49998
462,50026
463,50027
412,50069
160,50074
135,50080
270,50080
105,50090
294,50140
230,50205
105,50241
412,50282
407,50344
264,50358
120,50391
160,50423
296,50432
398,50437
322,50445
209,50575
263,50630
470,50647
266,50652
152,50686
219,50730
392,50774
216,50784
529,50788
535,50788
536,50789
161,50790
178,50818
134,50886
461,50886
135,50887
270,50887
411,50895
393,50897
288,50989
289,50990
311,51044
284,51084
493,51107
293,51110
250,51133
178,51136
179,51137
218,51137
219,51138
220,51139
154,51147
509,51156
408,51191
409,51192
432,51269
250,51321
297,51322
298,51323
299,51324
444,51376
144,51392
145,51393
146,51394
444,51411
393,51476
432,51502
296,51555
267,51566
216,51579
403,51629
239,51634
392,51641
222,51657
172,51709
84,51816
296,51879
251,51880
424,51882
173,51941
174,51942
150,51962
222,51963
132,51979
135,51988
270,51988
243,52016
145,52065
397,52081
178,52084
299,52088
527,52131
397,52174
173,52189
500,52237
479,52238
292,52419
469,52453
425,52500
460,52539
412,52540
239,52603
267,52606
398,52608
292,52614
221,52640
222,52641
134,52647
461,52647
179,52688
218,52688
179,52745
218,52745
529,52792
535,52792
296,52801
412,52812
247,52849
443,52850
460,52869
267,52887
105,52896
239,52897
292,52979
397,53001
173,53075
432,53095
435,53129
501,53137
502,53138
529,53152
535,53152
207,53165
529,53245
535,53245
536,53246
510,53279
511,53280
247,53311
443,53312
345,53448
217,53453
179,53454
218,53454
453,53541
443,53567
134,53604
461,53604
246,53621
495,53695
246,53696
469,53824
495,53836
246,53837
247,53838
443,53839
179,53886
218,53886
246,54029
397,54043
398,54044
527,54159
435,54183
407,54210
250,54216
493,54221
467,54308
468,54309
400,54337
530,54416
469,54489
136,54490
271,54490
425,54518
190,54524
191,54525
173,54578
293,54627
456,54663
296,54703
106,54710
173,54722
94,54732
276,54776
104,54798
105,54799
444,54807
322,54825
135,54861
270,54861
469,54906
190,54941
134,54956
461,54956
293,54973
178,54996
160,55031
135,55064
270,55064
530,55151
101,55172
102,55173
400,55191
492,55241
392,55267
215,55416
135,55457
270,55457
172,55547
296,55549
297,55550
173,55628
207,55632
208,55633
250,55706
251,55707
272,55708
160,55715
135,55730
270,55730
211,55755
160,55766
242,55837
243,55838
190,55850
267,55898
533,55970
292,56024
134,56055
461,56055
135,56056
270,56056
296,56153
432,56167
174,56198
372,56291
219,56301
297,56345
322,56348
323,56349
299,56435
160,56468
395,56474
396,56475
178,56505
425,56546
276,56568
276,56583
400,56645
215,56654
217,56683
179,56684
218,56684
508,56696
443,56773
179,56790
218,56790
220,56823
536,56828
172,56858
173,56859
216,56874
217,56875
296,56877
251,56878
251,57012
272,57013
494,57035
456,57054
432,57074
296,57093
87,57103
88,57104
103,57152
160,57204
144,57282
136,57298
271,57298
260,57304
144,57374
215,57426
263,57429
160,57452
444,57456
134,57503
461,57503
135,57504
270,57504
396,57510
267,57544
510,57560
135,57581
270,57581
171,57599
412,57614
153,57644
502,57656
251,57690
160,57699
275,57756
219,57762
161,57765
105,57797
215,57820
209,57886
250,57896
231,57906
232,57907
233,57908
407,57936
174,57949
175,57950
176,57951
160,57968
296,58041
297,58042
245,58048
246,58049
105,58088
463,58091
411,58100
442,58147
443,58148
276,58159
469,58176
136,58177
271,58177
217,58207
502,58210
135,58349
270,58349
153,58359
152,58363
396,58409
469,58455
398,58473
399,58474
400,58475
179,58499
218,58499
106,58549
444,58562
133,58578
92,58618
105,58631
407,58648
160,58673
266,58686
267,58687
134,58710
461,58710
221,58745
179,58761
218,58761
510,58823
398,58866
160,58871
239,58903
240,58904
241,58905
288,58906
289,58907
295,58987
296,58988
126,58994
173,59048
174,59049
94,59145
64,59175
492,59176
493,59177
494,59178
217,59260
217,59307
527,59370
209,59389
210,59390
251,59402
276,59406
284,59434
135,59437
270,59437
272,59579
322,59608
529,59610
535,59610
145,59649
453,59666
479,59753
