122,33
443,67
275,212
454,225
352,323
141,368
142,368
143,368
144,368
145,368
469,368
141,369
142,369
143,369
144,369
145,369
469,369
141,370
142,370
143,370
144,370
145,370
469,370
380,477
381,478
465,508
444,538
415,624
442,638
227,646
442,701
443,702
368,738
369,739
141,798
142,798
143,798
144,798
145,798
469,798
160,813
276,818
277,819
247,856
153,868
141,937
142,937
143,937
144,937
145,937
469,937
141,938
142,938
143,938
144,938
145,938
469,938
146,939
150,962
151,963
141,1065
142,1065
143,1065
144,1065
145,1065
469,1065
369,1107
416,1111
153,1257
154,1258
370,1309
445,1316
195,1355
405,1385
406,1386
450,1534
195,1574
444,1591
445,1592
446,1593
259,1600
226,1749
406,1756
156,1831
135,1839
259,1845
260,1846
375,1850
422,1939
454,2020
310,2081
265,2091
310,2146
136,2160
310,2194
141,2200
142,2200
143,2200
144,2200
145,2200
469,2200
332,2223
333,2224
332,2259
141,2278
142,2278
143,2278
144,2278
145,2278
469,2278
141,2279
142,2279
143,2279
144,2279
145,2279
469,2279
247,2370
379,2382
141,2489
142,2489
143,2489
144,2489
145,2489
469,2489
141,2490
142,2490
143,2490
144,2490
145,2490
469,2490
141,2491
142,2491
143,2491
144,2491
145,2491
469,2491
141,2492
142,2492
143,2492
144,2492
145,2492
469,2492
141,2493
142,2493
143,2493
144,2493
145,2493
469,2493
378,2495
368,2537
369,2538
286,2614
368,2709
310,2844
208,2868
156,2916
375,2922
447,2924
147,2962
148,2963
149,2964
369,3010
445,3059
307,3061
308,3062
309,3063
310,3064
445,3077
148,3105
149,3106
150,3107
446,3117
127,3138
445,3179
229,3187
445,3191
424,3204
424,3207
153,3235
290,3239
416,3265
369,3324
376,3331
256,3367
257,3368
258,3369
141,3465
142,3465
143,3465
144,3465
145,3465
469,3465
141,3466
142,3466
143,3466
144,3466
145,3466
469,3466
141,3467
142,3467
143,3467
144,3467
145,3467
469,3467
403,3561
156,3562
238,3601
465,3607
276,3614
444,3637
122,3646
374,3674
227,3883
228,3884
445,3886
446,3912
310,3924
424,3945
141,4139
142,4139
143,4139
144,4139
145,4139
469,4139
341,4175
342,4176
153,4290
154,4291
377,4350
370,4444
141,4499
142,4499
143,4499
144,4499
145,4499
469,4499
146,4500
150,4514
283,4551
148,4653
415,4693
416,4739
417,4740
379,4757
227,4795
415,4807
148,4832
146,4851
246,4905
256,4921
445,4949
205,5032
446,5103
259,5128
234,5140
247,5158
154,5269
195,5299
374,5330
135,5368
246,5376
153,5421
154,5422
208,5456
157,5512
274,5541
150,5588
149,5701
150,5702
151,5703
306,5737
135,5932
226,5961
277,6036
226,6102
227,6103
157,6285
127,6299
141,6364
142,6364
143,6364
144,6364
145,6364
469,6364
444,6385
445,6386
368,6461
369,6462
370,6463
257,6503
258,6504
447,6516
136,6526
159,6786
370,6899
282,6975
286,7336
257,7381
150,7472
258,7506
403,7644
286,7654
424,7659
445,7750
368,7804
227,7858
287,7874
259,7876
260,7877
443,7908
444,7909
445,7910
122,7948
136,8014
109,8187
370,8203
227,8206
195,8213
454,8235
150,8342
287,8357
247,8366
259,8515
260,8516
379,8573
403,8703
156,8704
403,8787
156,8788
259,8800
109,8819
310,8820
310,8934
156,8938
305,9012
129,9090
444,9169
109,9198
305,9204
306,9205
259,9283
425,9286
157,9320
405,9364
403,9411
445,9465
156,9475
259,9613
424,9846
334,9850
335,9851
136,10091
150,10099
342,10257
259,10264
286,10282
273,10404
334,10433
399,10504
238,10516
239,10517
445,10583
154,10610
259,10657
259,10732
150,10766
151,10767
152,10768
321,10846
445,10913
446,10914
195,10937
135,10991
399,11107
286,11113
283,11199
237,11281
150,11326
424,11367
141,11380
142,11380
143,11380
144,11380
145,11380
469,11380
150,11429
465,11514
146,11529
415,11567
156,11803
454,11863
273,11946
259,11947
321,11961
227,11965
147,12028
150,12152
442,12156
309,12174
375,12228
151,12304
259,12385
369,12487
141,12550
142,12550
143,12550
144,12550
145,12550
469,12550
205,12609
159,12640
160,12641
404,12661
257,12683
258,12684
141,12791
142,12791
143,12791
144,12791
145,12791
469,12791
146,12792
147,12793
424,12858
152,12912
227,12922
376,12936
146,12978
147,12979
148,12980
149,12981
150,12982
156,12991
146,13037
404,13048
405,13049
283,13056
284,13057
447,13105
153,13179
156,13225
403,13227
399,13261
227,13279
259,13333
239,13384
148,13474
273,13550
259,13551
369,13586
446,13619
238,13646
360,13679
397,13694
273,13804
446,13844
424,13895
424,13898
425,13899
195,14038
156,14043
157,14044
308,14095
195,14154
136,14270
152,14311
259,14376
321,14583
156,14627
259,14646
127,14700
239,14706
136,14731
127,14760
109,14876
310,14877
284,14896
285,14897
286,14898
287,14899
189,14947
190,14948
208,14992
258,15035
150,15195
424,15257
137,15484
260,15544
239,15592
208,15665
209,15666
424,15703
226,15772
227,15773
259,15807
227,15855
424,15908
424,15971
320,16021
321,16022
146,16062
273,16092
274,16093
381,16143
259,16161
307,16177
404,16257
122,16416
146,16430
147,16431
148,16432
149,16433
150,16434
151,16435
152,16436
369,16437
160,16445
189,16474
190,16475
204,16490
205,16491
156,16527
256,16533
257,16534
258,16535
259,16536
260,16537
320,16597
321,16598
322,16599
332,16607
136,16658
150,16678
376,16698
455,16722
447,16767
141,16820
142,16820
143,16820
144,16820
145,16820
469,16820
146,16821
307,16839
121,16999
209,17013
259,17025
156,17049
306,17276
239,17296
441,17330
404,17499
405,17500
368,17521
369,17522
227,17625
152,17700
109,17831
259,17916
450,18009
135,18016
369,18137
369,18298
146,18312
258,18422
274,18423
232,18424
226,18526
227,18527
465,18578
443,18599
352,18782
152,18939
369,18940
446,18946
380,19027
156,19032
445,19126
415,19137
329,19148
157,19174
405,19219
329,19314
121,19320
122,19321
403,19475
424,19537
259,19638
260,19639
205,19665
246,19676
227,19715
146,19819
147,19820
379,19955
258,20030
141,20123
142,20123
143,20123
144,20123
145,20123
469,20123
226,20153
442,20285
445,20413
155,20432
369,20445
257,20529
258,20530
307,20573
135,20592
379,20633
448,20648
150,20743
227,20766
228,20767
259,20774
238,20803
239,20804
227,20880
136,20883
153,20911
154,20912
247,20927
259,20955
122,20980
109,20986
310,20987
309,20993
310,20994
424,21041
369,21059
227,21090
226,21129
227,21161
379,21172
380,21173
381,21174
141,21348
142,21348
143,21348
144,21348
145,21348
469,21348
404,21362
405,21363
310,21367
415,21378
146,21419
445,21445
446,21446
447,21447
259,21456
424,21530
259,21558
260,21740
259,21817
444,21894
448,21903
259,21931
260,21932
195,21935
259,21967
227,21997
226,22005
227,22006
446,22020
135,22127
286,22255
351,22288
309,22314
416,22322
156,22573
246,22575
360,22586
405,22667
150,22759
146,22767
351,22844
109,22881
156,22894
194,22920
445,22953
444,23008
187,23045
188,23046
238,23131
122,23181
375,23217
447,23219
152,23297
216,23305
156,23335
403,23337
156,23338
448,23416
415,23427
259,23479
293,23515
239,23522
247,23562
148,23564
369,23589
310,23670
135,23731
309,23790
375,23799
227,23884
156,23950
286,24010
445,24014
307,24033
369,24053
370,24054
309,24072
310,24073
227,24116
127,24147
320,24191
247,24195
247,24228
227,24317
447,24320
310,24324
153,24553
154,24554
409,24634
445,24833
150,24887
151,24888
239,24922
305,24987
406,25000
135,25004
141,25006
142,25006
143,25006
144,25006
145,25006
469,25006
141,25007
142,25007
143,25007
144,25007
145,25007
469,25007
310,25083
381,25092
148,25173
149,25174
150,25175
442,25179
257,25191
109,25229
310,25230
256,25248
135,25292
443,25382
195,25641
127,25746
257,25755
258,25756
258,25759
228,25795
127,25828
273,25868
416,25882
448,25918
370,25936
156,25947
310,26001
369,26016
247,26045
152,26051
273,26087
152,26103
239,26116
375,26434
306,26435
443,26470
369,26472
444,26549
445,26550
415,26598
152,26770
320,26809
321,26810
322,26811
247,27082
307,27083
156,27152
256,27161
257,27162
258,27163
129,27174
256,27190
190,27270
260,27341
146,27464
154,27514
155,27515
404,27516
129,27584
310,27616
445,27660
127,27724
321,27727
415,27804
283,27925
351,27953
415,28003
415,28013
416,28014
417,28015
149,28025
447,28065
156,28321
378,28360
258,28410
259,28411
121,28496
444,28532
445,28533
153,28544
154,28545
247,28547
403,28557
154,28562
153,28651
141,28677
142,28677
143,28677
144,28677
145,28677
469,28677
447,28699
234,28782
377,28793
378,28794
290,28805
153,28867
135,28877
122,28954
417,29031
273,29073
380,29166
415,29210
416,29211
445,29392
153,29549
154,29550
351,29585
135,29697
137,29700
141,29775
142,29775
143,29775
144,29775
145,29775
469,29775
8,29903
8,29904
8,29905
8,29906
8,29907
8,29908
8,29909
8,29910
8,29911
8,29912
8,29913
8,29914
8,29915
8,29916
8,29917
8,29918
8,29919
8,29920
8,29921
8,29922
8,29923
8,29924
8,29925
8,29926
351,29990
119,30021
259,30104
260,30105
425,30117
209,30266
447,30284
141,30320
142,30320
143,30320
144,30320
145,30320
469,30320
141,30321
142,30321
143,30321
144,30321
145,30321
469,30321
445,30348
415,30368
371,30370
332,30527
444,30550
445,30551
444,30585
445,30586
150,30636
425,30654
155,30740
195,30807
195,30810
141,30911
142,30911
143,30911
144,30911
145,30911
469,30911
141,30912
142,30912
143,30912
144,30912
145,30912
469,30912
370,30960
260,31031
195,31069
247,31085
156,31105
157,31106
406,31111
310,31125
141,31166
142,31166
143,31166
144,31166
145,31166
469,31166
371,31176
247,31247
403,31270
156,31271
141,31331
142,31331
143,31331
144,31331
145,31331
469,31331
146,31332
340,31362
258,31484
152,31524
442,31600
369,31618
375,31695
308,31702
405,31732
247,31831
310,31874
465,31907
340,31956
368,32002
369,32003
141,32116
142,32116
143,32116
144,32116
145,32116
469,32116
246,32278
247,32279
156,32349
424,32354
465,32407
374,32416
190,32426
397,32667
283,32692
284,32693
305,32708
154,32788
274,32828
446,32835
405,33042
370,33093
446,33124
227,33144
228,33145
415,33151
190,33220
135,33231
369,33308
445,33357
442,33545
443,33546
190,33629
415,33686
416,33687
445,33722
247,33764
376,33790
274,33803
232,33804
465,33864
259,33904
160,33929
148,33936
273,33941
370,34076
226,34085
227,34086
141,34191
142,34191
143,34191
144,34191
145,34191
469,34191
136,34217
376,34292
156,34315
146,34338
320,34361
321,34362
444,34387
398,34611
405,34808
195,34837
256,34842
310,34865
259,34896
446,34975
255,34993
378,35006
379,35007
310,35010
369,35058
147,35071
141,35083
142,35083
143,35083
144,35083
145,35083
469,35083
424,35098
227,35114
109,35130
310,35131
156,35160
332,35246
379,35496
380,35497
381,35498
153,35720
154,35721
156,35863
416,35932
227,35963
228,35964
310,36000
148,36098
375,36129
141,36200
142,36200
143,36200
144,36200
145,36200
469,36200
141,36201
142,36201
143,36201
144,36201
145,36201
469,36201
305,36211
239,36250
135,36349
227,36407
150,36473
149,36477
368,36558
332,36593
375,36611
156,36725
446,36772
335,36809
310,36831
194,36921
195,36922
397,36970
291,37010
310,37160
240,37247
445,37353
190,37392
447,37419
448,37420
444,37430
445,37431
446,37432
445,37478
424,37535
141,37591
142,37591
143,37591
144,37591
145,37591
469,37591
137,37593
259,37650
260,37651
226,37712
122,37786
238,37802
227,37819
228,37820
286,37878
416,37902
227,37923
141,38165
142,38165
143,38165
144,38165
145,38165
469,38165
380,38237
229,38322
141,38392
142,38392
143,38392
144,38392
145,38392
469,38392
141,38393
142,38393
143,38393
144,38393
145,38393
469,38393
141,38394
142,38394
143,38394
144,38394
145,38394
469,38394
146,38395
227,38414
375,38432
424,38542
151,38595
226,38603
227,38604
258,38763
208,38766
283,38785
284,38786
310,38794
375,38851
259,38969
260,38970
310,38996
247,39000
148,39002
149,39003
380,39014
381,39015
259,39038
444,39063
445,39064
446,39065
150,39147
150,39211
256,39229
152,39323
405,39390
307,39398
308,39399
309,39400
320,39417
321,39418
444,39487
417,39499
405,39537
305,39596
369,39699
153,39820
154,39821
310,39847
121,39884
238,39918
450,39951
259,39994
259,40037
260,40038
286,40099
287,40100
259,40102
370,40243
152,40314
153,40315
443,40353
189,40395
157,40479
380,40598
404,40605
405,40606
237,40688
445,40777
258,40801
256,40980
257,40981
258,40982
274,40983
232,40984
195,41026
379,41104
285,41373
286,41374
247,41538
307,41539
239,41639
247,41665
332,41698
122,41760
226,41822
227,41823
152,41836
152,41951
156,41981
447,42018
227,42034
228,42035
153,42037
239,42260
375,42295
256,42406
120,42472
153,42476
154,42477
259,42512
260,42513
247,42518
247,42529
247,42562
405,42821
283,42874
284,42875
256,43011
122,43059
153,43091
156,43108
156,43144
320,43197
321,43198
227,43297
228,43298
273,43318
369,43326
273,43352
258,43355
454,43388
369,43441
234,43502
247,43538
283,43576
284,43577
239,43667
425,43740
227,43778
228,43779
275,43840
276,43841
447,43950
321,43973
380,43988
227,44004
239,44147
310,44302
255,44361
121,44373
379,44409
405,44468
246,44525
136,44527
128,44585
129,44586
156,44605
121,44687
415,44706
375,44809
274,44899
195,44976
405,45054
195,45152
378,45213
160,45275
403,45479
156,45480
239,45483
376,45538
257,45649
258,45650
258,45847
255,45921
154,45980
415,46045
416,46046
417,46047
465,46065
415,46112
465,46116
156,46122
332,46290
148,46302
153,46308
154,46309
448,46386
152,46421
153,46422
154,46423
155,46424
155,46549
148,46604
149,46605
159,46615
127,46695
274,46738
310,46743
447,46748
122,46775
239,46882
273,47156
246,47181
447,47183
146,47349
195,47386
259,47394
260,47395
195,47398
247,47403
122,47418
416,47595
122,47598
442,47659
156,47661
303,47738
415,47740
320,47834
321,47835
424,47886
369,47913
369,47925
259,48012
260,48013
444,48024
415,48038
247,48064
332,48084
310,48134
227,48170
228,48171
227,48277
310,48288
305,48303
152,48348
449,48410
443,48569
227,48619
443,48671
258,48683
247,48743
376,48769
157,48798
310,48810
127,48830
446,48836
148,48872
404,48972
405,48973
136,48992
239,49003
360,49009
150,49011
377,49091
282,49182
226,49193
417,49215
151,49234
405,49250
150,49257
150,49316
151,49317
380,49531
332,49542
425,49559
416,49607
146,49613
447,49620
239,49626
273,49702
274,49703
238,49777
215,49835
226,49906
227,49907
459,49946
416,50009
377,50026
378,50027
369,50040
227,50067
237,50087
227,50134
153,50301
381,50317
273,50381
121,50389
313,50465
195,50515
121,50554
257,50653
258,50654
151,50669
156,50730
447,50775
447,50816
157,50843
258,50916
237,50992
247,51086
307,51087
447,51134
156,51138
195,51272
239,51308
259,51376
259,51411
260,51412
232,51463
465,51489
122,51497
447,51556
255,51564
256,51565
375,51606
310,51693
211,51713
190,51718
239,51748
240,51749
152,51804
150,51855
151,51863
152,51864
153,51865
369,51912
152,51934
445,51986
122,52013
150,52112
405,52185
153,52208
198,52242
417,52244
448,52323
445,52381
446,52382
227,52552
253,52578
227,52645
148,52679
310,52797
127,52939
374,52966
369,53225
150,53368
416,53390
447,53423
442,53465
286,53541
195,53551
141,53606
142,53606
143,53606
144,53606
145,53606
469,53606
146,53607
442,53686
397,53890
258,53948
127,53974
232,54000
442,54103
247,54105
403,54108
307,54130
226,54211
227,54407
442,54457
247,54459
368,54613
369,54614
310,54624
403,54634
447,54704
259,54807
260,54808
307,54882
415,55042
416,55043
283,55116
120,55145
310,55248
152,55364
153,55365
154,55366
422,55381
415,55387
320,55444
321,55445
367,55480
127,55510
121,55618
424,55709
416,55826
310,55890
237,55984
153,56007
227,56076
228,56077
258,56094
360,56188
153,56195
154,56196
160,56264
195,56296
156,56301
273,56402
416,56621
444,56630
445,56631
141,56760
142,56760
143,56760
144,56760
145,56760
469,56760
146,56761
274,56774
395,56856
405,56873
294,56882
153,56922
154,56923
424,57014
227,57063
444,57099
445,57100
307,57102
239,57151
274,57183
232,57184
157,57194
141,57296
142,57296
143,57296
144,57296
145,57296
469,57296
445,57316
446,57317
415,57361
247,57400
406,57427
121,57451
258,57455
259,57456
227,57481
256,57543
211,57668
194,57756
195,57757
156,57762
120,57802
195,57833
447,57897
226,57937
227,57938
228,57939
260,57970
378,58091
257,58111
258,58112
153,58202
368,58322
153,58323
150,58374
369,58388
305,58410
447,58412
258,58429
273,58561
259,58562
247,58637
233,58716
445,58741
404,58786
379,58805
445,58926
446,58927
141,58947
142,58947
143,58947
144,58947
145,58947
469,58947
146,58948
395,58996
247,59027
121,59143
445,59172
375,59251
255,59290
122,59369
443,59467
151,59480
152,59481
334,59573
446,59622
154,59628
441,59652
442,59653
286,59666
306,59682
247,59703
307,59704
