473,17
140,48
415,125
416,126
417,138
452,183
453,184
54,244
362,265
425,265
142,270
475,367
426,368
427,368
426,369
427,369
426,370
427,370
363,371
428,371
438,382
220,528
208,530
209,531
394,531
253,547
154,563
152,573
85,619
205,636
400,724
401,725
426,798
427,798
451,855
103,934
104,935
475,936
426,937
427,937
426,938
427,938
476,939
53,940
54,941
114,973
152,979
468,997
473,1026
437,1027
474,1027
105,1028
429,1029
362,1064
425,1064
426,1065
427,1065
363,1066
428,1066
353,1080
478,1094
470,1137
477,1158
337,1169
245,1172
105,1225
209,1243
394,1243
409,1269
330,1298
213,1316
240,1356
139,1365
91,1372
360,1388
361,1389
362,1390
425,1390
363,1391
428,1391
177,1397
53,1459
437,1480
474,1480
475,1481
392,1527
174,1528
65,1532
167,1550
79,1576
115,1577
473,1578
437,1579
474,1579
475,1580
213,1592
472,1613
473,1614
209,1615
394,1615
217,1636
152,1653
438,1726
373,1765
451,1770
253,1830
153,1831
154,1832
215,1840
475,1876
473,1917
209,1918
394,1918
103,1928
211,1951
445,2026
193,2029
54,2174
473,2197
437,2198
474,2198
475,2199
426,2200
427,2200
363,2201
428,2201
357,2202
372,2202
373,2203
140,2230
437,2233
474,2233
105,2234
357,2235
372,2235
283,2241
284,2242
363,2270
428,2270
429,2271
475,2277
426,2278
427,2278
426,2279
427,2279
363,2280
428,2280
364,2281
470,2301
471,2302
407,2329
253,2346
209,2350
394,2350
395,2351
396,2352
205,2381
401,2432
371,2474
357,2475
372,2475
386,2486
426,2489
427,2489
426,2490
427,2490
426,2491
427,2491
426,2492
427,2492
426,2493
427,2493
362,2509
425,2509
363,2510
428,2510
364,2511
400,2520
401,2521
214,2522
402,2522
451,2583
152,2598
141,2660
331,2673
353,2748
354,2749
403,2756
371,2772
87,2804
88,2805
363,2827
428,2827
283,2853
362,2860
425,2860
363,2861
428,2861
253,2915
153,2916
473,2951
404,2962
107,2991
154,2996
473,3041
213,3059
213,3077
450,3083
399,3114
400,3115
401,3116
437,3141
474,3141
152,3147
213,3179
213,3191
473,3200
311,3249
416,3272
417,3273
281,3274
451,3279
156,3280
157,3281
369,3330
370,3331
371,3332
334,3369
396,3405
416,3425
507,3431
409,3432
190,3448
362,3464
425,3464
426,3465
427,3465
426,3466
427,3466
426,3467
427,3467
363,3468
428,3468
364,3469
437,3477
474,3477
438,3478
451,3516
103,3553
153,3562
486,3585
105,3657
467,3666
406,3726
407,3727
314,3804
315,3805
437,3834
474,3834
438,3835
439,3836
400,3840
401,3841
214,3842
402,3842
371,3843
398,3872
213,3886
214,3887
402,3887
399,3909
400,3910
401,3911
400,3932
470,3961
396,3996
152,4074
426,4139
427,4139
363,4140
428,4140
364,4141
105,4193
330,4198
417,4231
418,4232
419,4233
393,4255
436,4255
447,4269
214,4280
402,4280
120,4342
403,4358
477,4359
472,4364
473,4365
209,4366
394,4366
472,4377
473,4378
437,4379
474,4379
363,4391
428,4391
517,4403
209,4407
394,4407
438,4441
396,4443
53,4483
285,4484
426,4499
427,4499
476,4500
53,4501
285,4502
236,4510
219,4566
473,4637
209,4638
394,4638
283,4651
497,4741
400,4753
401,4754
311,4816
476,4851
125,4867
126,4868
154,4904
155,4905
156,4906
311,4923
487,4924
193,4945
213,4949
214,4950
402,4950
363,4952
428,4952
190,4971
416,4979
450,5042
400,5101
401,5102
451,5148
451,5157
438,5229
439,5230
92,5252
451,5324
156,5325
127,5358
154,5375
155,5376
360,5435
253,5478
254,5479
371,5498
335,5541
53,5551
54,5552
255,5595
362,5661
425,5661
363,5662
428,5662
106,5663
79,5674
253,5698
140,5728
141,5729
417,5749
352,5794
353,5795
126,5848
371,5933
357,5934
372,5934
373,5935
205,5986
281,5995
282,5996
399,6029
407,6073
445,6079
236,6172
358,6173
419,6174
396,6207
373,6213
331,6255
209,6302
394,6302
473,6318
205,6320
105,6346
357,6347
372,6347
437,6362
474,6362
475,6363
426,6364
427,6364
363,6365
428,6365
213,6386
371,6410
210,6418
451,6447
156,6469
79,6484
334,6504
214,6525
402,6525
81,6627
310,6653
174,6664
175,6665
417,6679
152,6711
167,6725
377,6746
190,6751
417,6760
418,6761
419,6762
81,6788
417,6794
403,6813
429,6828
105,6873
396,6898
229,6910
451,6914
371,6916
106,6917
414,6948
415,6949
190,6973
400,7060
401,7061
211,7064
190,7129
396,7176
437,7236
474,7236
105,7237
281,7305
310,7363
368,7367
388,7443
140,7461
140,7486
334,7506
371,7520
357,7521
372,7521
240,7539
310,7544
337,7568
362,7580
425,7580
363,7581
428,7581
105,7611
357,7612
372,7612
417,7621
354,7625
154,7643
264,7729
213,7750
214,7751
402,7751
371,7752
417,7786
471,7796
396,7845
397,7846
331,7848
213,7910
214,7911
402,7911
215,7912
103,7923
217,7926
190,7936
236,7945
470,7950
471,7951
217,7979
368,7987
152,8001
437,8109
474,8109
438,8110
371,8127
396,8202
451,8217
253,8325
79,8386
240,8511
53,8545
103,8551
373,8554
310,8561
417,8563
451,8570
360,8669
154,8702
153,8704
194,8775
154,8786
153,8788
470,8809
471,8810
143,8813
363,8843
428,8843
310,8894
152,8928
152,8937
153,8938
470,8995
253,9047
79,9059
400,9097
140,9226
190,9247
126,9290
127,9291
360,9305
361,9306
331,9345
190,9351
253,9375
154,9410
78,9414
213,9465
153,9475
154,9476
240,9574
152,9665
417,9736
310,9764
152,9777
409,9812
450,9911
400,9940
401,9941
214,9942
402,9942
174,9992
437,10049
474,10049
105,10050
451,10089
400,10189
417,10207
400,10213
401,10214
152,10250
393,10275
436,10275
103,10298
225,10328
190,10423
494,10443
154,10487
357,10547
372,10547
398,10556
213,10583
126,10648
220,10741
417,10762
473,10835
371,10858
357,10859
372,10859
125,10892
392,10894
393,10895
436,10895
213,10913
79,10939
115,10940
393,10952
436,10952
468,10977
403,10992
507,11008
473,11047
437,11048
474,11048
310,11058
467,11082
285,11111
190,11142
287,11146
288,11147
189,11170
190,11171
470,11203
473,11236
426,11380
427,11380
363,11381
428,11381
473,11441
415,11470
312,11472
313,11473
314,11474
315,11475
109,11477
480,11485
393,11495
436,11495
285,11498
473,11526
437,11527
474,11527
475,11528
476,11529
77,11531
78,11532
451,11550
361,11714
473,11721
373,11790
79,11793
115,11794
473,11795
152,11802
153,11803
142,11812
235,11836
236,11837
393,11898
436,11898
437,11899
474,11899
105,11900
395,11978
437,12026
474,12026
404,12028
371,12059
395,12074
220,12078
143,12081
471,12149
310,12170
371,12205
451,12212
515,12255
473,12263
209,12264
394,12264
416,12411
195,12462
226,12462
361,12548
362,12549
425,12549
426,12550
427,12550
505,12561
103,12580
373,12583
105,12599
429,12600
368,12602
253,12660
386,12672
334,12684
310,12686
140,12721
426,12791
427,12791
476,12792
404,12793
473,12833
209,12834
394,12834
103,12853
104,12854
105,12855
364,12856
396,12864
396,12884
140,12898
370,12936
371,12937
364,12938
87,12958
476,12978
404,12979
152,12990
153,12991
362,13036
425,13036
476,13037
253,13047
208,13082
469,13095
470,13096
417,13138
417,13174
435,13195
393,13196
436,13196
437,13197
474,13197
438,13198
439,13199
216,13217
217,13218
153,13225
154,13226
353,13288
140,13327
141,13328
284,13381
285,13382
354,13409
217,13412
236,13436
486,13450
312,13451
437,13533
474,13533
438,13534
417,13590
281,13591
401,13618
255,13627
417,13631
281,13632
415,13696
218,13784
518,13800
400,13842
401,13843
417,13848
417,13884
281,13885
354,13891
473,13942
360,13969
409,13993
354,14014
78,14036
152,14042
153,14043
107,14068
310,14074
283,14093
393,14116
436,14116
140,14135
240,14155
392,14179
393,14180
436,14180
437,14181
474,14181
438,14182
437,14195
474,14195
105,14196
106,14197
142,14226
240,14245
209,14264
394,14264
392,14303
174,14304
175,14305
240,14383
401,14482
396,14485
175,14506
399,14528
371,14544
357,14545
372,14545
407,14562
253,14626
153,14627
287,14664
288,14665
451,14741
174,14766
175,14767
219,14786
236,14790
415,14809
354,14827
451,14855
156,14856
122,14906
360,14910
217,14936
334,15035
368,15079
214,15185
402,15185
415,15253
416,15254
88,15288
357,15329
372,15329
470,15376
360,15417
365,15420
393,15466
436,15466
437,15482
474,15482
330,15505
331,15506
332,15507
392,15527
126,15594
352,15658
107,15757
373,15785
337,15819
142,15848
473,15931
216,15944
515,16049
437,16060
474,16060
475,16061
476,16062
53,16063
285,16064
335,16093
115,16134
393,16182
436,16182
115,16237
473,16238
437,16239
474,16239
438,16240
368,16353
190,16377
505,16392
353,16395
354,16396
476,16430
404,16431
141,16483
152,16526
153,16527
334,16535
254,16556
112,16586
113,16587
493,16587
399,16613
220,16634
78,16682
79,16683
80,16684
81,16685
370,16698
371,16699
400,16713
401,16714
214,16715
402,16715
371,16716
357,16717
372,16717
399,16748
426,16820
427,16820
476,16821
403,16868
152,16895
407,16910
357,16976
372,16976
152,17048
153,17049
473,17073
105,17096
470,17154
471,17155
211,17190
357,17228
372,17228
304,17247
361,17252
364,17254
478,17267
478,17278
445,17379
451,17383
393,17399
436,17399
79,17462
288,17487
360,17488
253,17498
471,17514
467,17518
90,17531
105,17572
357,17573
372,17573
373,17574
217,17633
105,17663
364,17664
403,17724
477,17725
472,17747
473,17748
437,17749
474,17749
438,17750
414,17775
415,17776
175,17810
176,17811
437,17842
474,17842
360,17848
397,17857
205,17884
393,17930
436,17930
254,17989
472,18001
473,18002
437,18003
474,18003
477,18005
478,18006
371,18017
505,18085
446,18086
478,18131
397,18138
398,18139
399,18140
400,18141
396,18269
476,18312
53,18313
285,18314
253,18344
254,18345
331,18419
332,18420
333,18421
334,18422
335,18423
336,18424
337,18425
473,18437
255,18470
393,18510
436,18510
437,18511
474,18511
105,18512
105,18574
450,18604
105,18621
364,18622
177,18640
337,18659
113,18735
493,18735
287,18817
288,18818
360,18819
354,18850
285,18869
337,18872
409,18893
417,18929
253,18932
397,18941
398,18942
399,18943
400,18944
401,18945
507,18982
409,18983
478,19010
152,19031
153,19032
142,19098
470,19113
213,19126
214,19127
402,19127
371,19128
429,19129
294,19145
437,19189
474,19189
353,19275
354,19276
515,19304
409,19343
255,19348
416,19356
417,19357
236,19383
254,19467
107,19539
140,19558
393,19614
436,19614
53,19674
155,19676
403,19678
189,19706
190,19707
357,19738
372,19738
373,19739
253,19810
393,19816
436,19816
437,19817
474,19817
475,19818
476,19819
404,19820
310,19834
473,19840
285,19843
79,19851
330,19858
331,19859
353,19865
354,19866
190,19917
278,19941
398,19951
205,19954
417,20001
418,20002
359,20003
360,20004
371,20021
334,20030
310,20032
127,20044
106,20108
368,20115
475,20122
426,20123
427,20123
439,20125
416,20178
417,20179
393,20202
436,20202
437,20203
474,20203
105,20204
403,20210
494,20222
361,20232
362,20233
425,20233
216,20235
363,20245
428,20245
357,20246
372,20246
373,20247
429,20260
450,20335
417,20343
281,20344
360,20350
451,20405
213,20413
240,20420
79,20523
115,20524
473,20525
209,20526
394,20526
334,20530
84,20590
486,20652
371,20710
502,20736
102,20788
393,20893
436,20893
152,20990
331,21017
140,21114
473,21143
437,21144
474,21144
472,21179
473,21180
437,21181
474,21181
105,21182
417,21282
437,21346
474,21346
475,21347
426,21348
427,21348
439,21350
253,21361
475,21418
476,21419
213,21445
386,21450
415,21495
416,21496
190,21561
56,21579
417,21595
487,21607
360,21618
174,21712
175,21713
194,21738
310,21779
103,21787
104,21788
363,21847
428,21847
357,21848
372,21848
475,21863
236,21902
240,21915
103,21943
393,22029
436,22029
240,22036
105,22107
501,22115
479,22170
152,22193
152,22235
285,22253
174,22325
470,22348
115,22465
473,22466
437,22467
474,22467
216,22469
217,22470
480,22504
357,22515
372,22515
237,22516
91,22518
216,22529
79,22537
115,22538
473,22539
331,22548
332,22549
140,22562
141,22563
153,22573
154,22574
155,22575
156,22576
435,22592
393,22593
436,22593
188,22604
472,22614
215,22628
216,22629
217,22630
218,22631
219,22632
407,22645
270,22681
302,22712
337,22742
476,22767
105,22775
357,22776
372,22776
473,22793
209,22794
394,22794
395,22795
114,22810
80,22811
407,22813
236,22816
358,22817
419,22818
414,22819
415,22820
416,22821
417,22822
418,22823
419,22824
420,22825
393,22835
436,22835
452,22848
453,22849
471,22862
472,22863
473,22864
437,22865
474,22865
477,22867
478,22868
479,22869
480,22870
481,22871
152,22893
153,22894
154,22895
417,22900
418,22901
419,22902
414,22903
415,22904
416,22905
417,22906
363,22930
428,22930
357,22931
372,22931
213,22953
214,22954
402,22954
363,22956
428,22956
398,22967
216,22971
310,23000
417,23017
281,23018
486,23035
194,23050
310,23060
105,23084
189,23127
190,23128
107,23145
481,23222
193,23252
79,23263
80,23264
407,23266
153,23335
154,23336
153,23338
286,23340
360,23357
121,23372
122,23373
174,23377
505,23379
175,23396
362,23413
425,23413
363,23414
428,23414
357,23415
372,23415
217,23438
240,23464
152,23556
152,23655
478,23666
331,23682
332,23683
333,23684
84,23729
403,23732
477,23733
377,23849
153,23950
393,23978
436,23978
363,24001
428,24001
213,24014
253,24081
142,24129
310,24278
364,24298
440,24313
373,24321
253,24334
254,24335
255,24336
310,24341
478,24358
472,24392
473,24393
209,24394
394,24394
210,24395
211,24396
417,24411
240,24444
360,24479
451,24519
373,24535
282,24536
236,24546
416,24589
368,24592
215,24608
392,24646
393,24647
436,24647
437,24648
474,24648
105,24649
311,24664
236,24719
471,24755
125,24759
388,24812
213,24833
285,24836
353,24934
354,24935
371,24950
357,24951
372,24951
217,24974
426,25006
427,25006
426,25007
427,25007
393,25013
436,25013
393,25043
436,25043
371,25103
357,25104
372,25104
373,25105
494,25133
473,25167
209,25168
394,25168
210,25169
193,25206
310,25243
417,25251
400,25330
216,25359
215,25405
451,25432
437,25443
474,25443
85,25449
107,25497
393,25557
436,25557
209,25558
394,25558
371,25613
364,25614
450,25719
437,25735
474,25735
334,25756
334,25759
438,25764
362,25781
425,25781
363,25782
428,25782
417,25842
281,25843
140,25857
143,25864
310,25870
393,25900
436,25900
393,25941
436,25941
152,25946
153,25947
105,25975
373,26094
400,26109
401,26110
486,26131
451,26147
156,26148
240,26153
253,26173
254,26174
331,26332
417,26462
414,26482
473,26500
209,26501
394,26501
194,26514
91,26529
213,26550
439,26644
190,26726
437,26753
474,26753
114,26756
80,26757
81,26758
310,26768
140,26779
209,26782
394,26782
395,26783
189,26823
190,26824
396,26863
397,26864
311,26934
353,26944
354,26945
217,26948
353,26993
85,27002
215,27018
216,27019
393,27060
436,27060
437,27061
474,27061
438,27062
174,27090
152,27151
153,27152
492,27157
334,27163
174,27219
505,27221
208,27232
437,27233
474,27233
475,27234
363,27235
428,27235
175,27277
113,27285
493,27285
416,27304
400,27357
401,27358
282,27376
467,27391
371,27453
476,27464
142,27489
471,27559
393,27626
436,27626
213,27660
214,27661
402,27661
203,27670
310,27708
368,27767
417,27769
281,27770
140,27783
417,27817
105,27944
396,28039
217,28048
368,28062
369,28063
253,28103
417,28121
190,28137
368,28152
360,28160
393,28173
436,28173
400,28205
53,28218
473,28242
256,28285
217,28292
218,28293
219,28294
220,28295
450,28319
152,28320
153,28321
360,28351
361,28352
362,28358
425,28358
334,28410
211,28454
478,28464
236,28504
237,28505
473,28508
213,28533
154,28556
107,28577
236,28582
237,28583
396,28611
397,28612
398,28613
399,28614
361,28620
398,28673
475,28676
426,28677
427,28677
396,28778
206,28795
207,28796
208,28797
437,28798
474,28798
438,28799
403,28854
477,28855
478,28856
368,28948
470,28956
215,29014
438,29027
396,29029
219,29044
417,29101
441,29113
359,29133
360,29134
361,29135
396,29138
396,29154
371,29216
363,29237
428,29237
106,29238
393,29249
436,29249
125,29337
395,29368
213,29392
142,29411
353,29442
209,29611
394,29611
472,29705
403,29741
217,29748
416,29765
426,29775
427,29775
103,29808
368,29812
450,29818
245,29829
246,29830
439,29860
396,29948
368,29984
154,30082
360,30092
114,30125
80,30126
140,30160
403,30178
477,30179
371,30195
208,30216
209,30217
394,30217
451,30282
281,30311
473,30317
437,30318
474,30318
475,30319
426,30320
427,30320
426,30321
427,30321
220,30339
208,30341
437,30342
474,30342
438,30343
213,30348
214,30349
402,30349
371,30350
106,30351
473,30425
109,30431
152,30435
361,30439
362,30440
425,30440
363,30441
428,30441
364,30442
240,30467
473,30491
437,30492
474,30492
213,30551
54,30554
213,30586
398,30593
438,30604
190,30632
174,30682
470,30712
450,30733
451,30754
396,30758
397,30759
219,30773
142,30802
208,30908
437,30909
474,30909
475,30910
426,30911
427,30911
426,30912
427,30912
451,30939
214,30981
402,30981
516,30997
113,31059
493,31059
79,31071
153,31105
79,31152
426,31166
427,31166
363,31167
428,31167
357,31168
372,31168
237,31169
303,31251
283,31267
284,31268
153,31271
426,31331
427,31331
476,31332
494,31334
451,31357
284,31368
392,31390
393,31391
436,31391
393,31402
436,31402
209,31403
394,31403
395,31404
451,31461
334,31484
403,31491
88,31513
473,31545
216,31552
368,31644
417,31646
362,31664
425,31664
415,31673
416,31674
417,31675
405,31744
406,31745
407,31746
99,31757
331,31768
371,31788
451,31830
152,31857
437,31861
474,31861
105,31862
354,31878
360,31951
440,31959
416,31978
215,32022
216,32023
217,32024
400,32034
451,32061
475,32115
426,32116
427,32116
363,32117
428,32117
209,32162
394,32162
395,32163
396,32164
253,32242
154,32277
155,32278
114,32281
85,32307
152,32348
153,32349
154,32350
312,32422
313,32423
417,32447
240,32460
253,32470
393,32478
436,32478
417,32491
310,32549
368,32553
400,32580
401,32581
217,32584
205,32596
516,32694
517,32695
416,32773
91,32823
335,32828
401,32834
107,32887
417,32891
418,32892
359,32893
360,32894
214,32925
402,32925
371,32926
364,32927
107,32977
53,32995
253,33057
254,33058
240,33062
391,33115
392,33116
401,33119
214,33120
402,33120
417,33134
418,33135
419,33136
115,33267
175,33269
504,33292
397,33309
331,33311
288,33336
360,33337
437,33346
474,33346
438,33347
213,33357
214,33358
402,33358
403,33359
477,33360
478,33361
371,33380
515,33386
486,33442
403,33505
473,33541
205,33543
470,33575
140,33578
140,33711
213,33722
451,33763
310,33778
105,33786
370,33790
371,33791
335,33803
336,33804
253,33840
154,33859
105,33900
368,33912
310,33943
368,33956
91,34018
371,34070
396,34103
54,34132
393,34188
436,34188
437,34189
474,34189
475,34190
426,34191
427,34191
363,34192
428,34192
151,34214
451,34215
437,34231
474,34231
438,34232
403,34255
220,34261
363,34288
428,34288
370,34292
284,34304
153,34315
399,34333
400,34334
401,34335
214,34336
402,34336
476,34338
53,34339
393,34457
436,34457
437,34458
474,34458
105,34459
220,34481
175,34484
416,34544
417,34545
331,34587
472,34638
473,34639
451,34682
236,34688
151,34701
451,34702
190,34707
398,34715
393,34730
436,34730
217,34746
174,34811
505,34813
445,34899
473,34950
437,35004
474,35004
156,35016
517,35049
404,35071
405,35072
406,35073
407,35074
397,35078
398,35079
475,35082
426,35083
427,35083
217,35118
450,35158
152,35159
153,35160
208,35177
437,35178
474,35178
438,35179
368,35204
417,35206
281,35207
451,35212
451,35236
371,35238
217,35251
218,35252
219,35253
472,35318
473,35319
437,35320
474,35320
395,35338
396,35339
469,35367
470,35368
451,35395
156,35396
451,35437
194,35513
90,35582
91,35583
360,35588
361,35589
362,35590
425,35590
363,35591
428,35591
364,35592
437,35616
474,35616
475,35617
363,35618
428,35618
105,35695
79,35769
140,35830
417,35859
253,35862
153,35863
154,35864
472,35904
473,35905
417,35953
114,35988
451,36003
331,36080
103,36087
140,36093
360,36143
415,36151
416,36152
397,36174
426,36200
427,36200
426,36201
427,36201
363,36202
428,36202
429,36203
368,36205
107,36214
108,36215
285,36248
387,36330
360,36343
371,36350
371,36428
364,36429
206,36470
203,36486
360,36494
373,36548
79,36551
115,36552
473,36553
209,36554
394,36554
79,36573
115,36574
205,36587
473,36617
437,36618
474,36618
105,36619
357,36620
372,36620
373,36621
368,36646
338,36715
152,36724
153,36725
368,36739
473,36748
437,36749
474,36749
54,36806
473,36834
209,36835
394,36835
417,36890
418,36891
419,36892
414,36893
415,36894
416,36895
417,36896
220,36906
477,36929
478,36930
103,36954
415,36972
416,36973
417,36974
418,36975
419,36976
414,36977
415,36978
218,36982
143,37001
395,37007
417,37035
368,37060
208,37069
210,37117
211,37118
371,37129
357,37130
372,37130
358,37131
419,37132
311,37147
218,37150
219,37151
407,37164
216,37255
213,37353
214,37354
402,37354
360,37361
107,37371
213,37431
91,37467
213,37478
214,37479
402,37479
215,37480
360,37487
361,37488
362,37489
425,37489
216,37491
473,37525
209,37526
394,37526
395,37527
475,37590
426,37591
427,37591
478,37667
473,37682
437,37683
474,37683
105,37684
357,37685
372,37685
477,37843
368,37867
85,37891
115,37945
473,38027
288,38049
360,38050
451,38091
397,38101
392,38122
393,38123
436,38123
437,38124
474,38124
105,38125
371,38149
429,38150
368,38152
517,38159
437,38163
474,38163
475,38164
426,38165
427,38165
363,38166
428,38166
417,38170
205,38262
109,38285
417,38299
418,38300
419,38301
107,38307
371,38326
255,38385
475,38391
426,38392
427,38392
426,38393
427,38393
426,38394
427,38394
476,38395
417,38514
368,38558
371,38585
364,38586
365,38587
217,38608
218,38609
105,38621
364,38622
396,38659
397,38660
360,38742
331,38760
332,38761
333,38762
334,38763
486,38801
451,38818
125,38952
451,38999
150,39060
151,39061
213,39064
331,39079
114,39144
310,39218
396,39241
228,39267
393,39318
436,39318
190,39329
417,39422
479,39538
215,39545
393,39612
436,39612
417,39617
281,39618
310,39649
368,39653
397,39700
175,39712
176,39713
177,39714
205,39759
107,39787
125,39864
417,39921
473,39926
219,40068
396,40111
365,40141
316,40182
105,40186
473,40205
437,40206
474,40206
373,40224
371,40280
106,40281
107,40282
486,40285
245,40378
392,40418
393,40419
436,40419
437,40420
474,40420
105,40421
417,40439
281,40440
105,40486
473,40542
386,40560
429,40578
175,40585
287,40639
288,40640
360,40641
361,40642
470,40733
451,40736
403,40738
213,40777
396,40780
362,40785
425,40785
330,40797
331,40798
332,40799
333,40800
334,40801
368,40847
418,40868
419,40869
310,40883
417,40885
238,40887
217,40891
218,40892
219,40893
383,40899
304,40914
398,40923
399,40924
334,40982
335,40983
336,40984
337,40985
505,41007
311,41060
337,41099
205,41103
435,41153
174,41154
142,41203
143,41204
392,41228
401,41231
363,41293
428,41293
106,41294
352,41300
105,41318
364,41319
373,41328
282,41329
284,41342
330,41354
54,41382
208,41400
515,41547
361,41554
53,41556
360,41625
285,41628
393,41634
436,41634
285,41637
451,41664
53,41685
54,41686
486,41732
371,41743
106,41744
470,41762
471,41763
471,41801
285,41850
188,41888
189,41889
190,41890
371,41903
451,41924
415,41938
416,41939
217,41965
450,41974
152,41980
153,41981
154,41982
451,41998
358,42019
419,42020
209,42029
394,42029
208,42054
403,42070
477,42071
205,42114
470,42186
220,42229
107,42285
417,42353
207,42359
208,42360
415,42379
416,42380
311,42394
451,42517
451,42528
415,42566
415,42615
207,42662
208,42663
209,42664
394,42664
210,42665
214,42667
402,42667
403,42668
53,42669
396,42679
253,42708
393,42714
436,42714
105,42727
387,42733
220,42751
221,42752
79,42772
105,42792
115,42804
473,42805
479,42822
480,42823
167,42827
415,42829
416,42830
311,42896
416,42953
54,42971
154,43044
465,43067
153,43108
153,43144
450,43151
470,43173
451,43176
253,43185
254,43240
103,43249
211,43324
334,43355
451,43382
353,43393
105,43495
517,43508
105,43530
284,43583
54,43584
174,43608
371,43626
364,43627
368,43637
79,43704
151,43751
103,43926
373,43951
282,43952
236,43960
237,43961
330,44030
331,44031
399,44038
205,44066
401,44087
214,44088
402,44088
403,44089
53,44090
439,44105
190,44109
219,44214
470,44267
65,44325
492,44411
284,44412
54,44413
190,44439
479,44469
115,44480
194,44513
155,44525
153,44605
310,44637
85,44752
107,44823
142,44829
506,44872
507,44873
335,44899
225,44903
152,44980
358,44986
419,44987
414,44988
371,45044
364,45045
371,45107
409,45114
360,45210
361,45211
208,45228
107,45267
316,45316
105,45320
473,45334
209,45335
394,45335
395,45336
396,45337
417,45380
140,45391
437,45440
474,45440
105,45441
473,45475
153,45480
237,45490
236,45510
370,45538
371,45539
106,45540
409,45577
417,45619
418,45620
334,45650
236,45735
253,45748
127,45782
357,45788
372,45788
470,45809
522,45846
334,45847
311,45896
416,45911
417,45912
417,45948
103,45961
371,45983
371,46061
311,46085
358,46099
419,46100
420,46101
373,46106
152,46121
153,46122
303,46181
472,46192
473,46193
437,46194
474,46194
416,46205
403,46219
140,46248
234,46299
452,46311
453,46312
492,46344
113,46345
493,46345
397,46361
398,46362
156,46379
236,46385
225,46396
221,46404
140,46476
217,46514
125,46592
253,46625
368,46660
335,46738
451,46746
470,46777
140,46780
360,46808
506,46830
406,46873
285,46880
386,46965
217,46977
220,47130
208,47132
437,47133
474,47133
105,47134
357,47135
372,47135
438,47162
155,47181
415,47307
416,47308
475,47348
476,47349
53,47350
285,47351
286,47352
451,47402
466,47512
217,47520
235,47560
236,47561
386,47564
478,47567
193,47575
194,47576
409,47582
360,47618
361,47619
153,47661
388,47684
396,47690
316,47698
471,47711
85,47716
143,47722
91,47732
470,47750
388,47779
396,47818
371,47843
140,47852
473,47882
397,47914
371,47919
107,47980
255,48008
450,48022
472,48043
473,48044
361,48049
362,48050
425,48050
363,48051
428,48051
417,48055
396,48093
371,48116
357,48117
372,48117
373,48118
282,48119
236,48121
451,48137
439,48151
440,48152
105,48210
225,48272
195,48273
226,48273
371,48314
419,48326
395,48332
439,48344
397,48519
398,48520
400,48629
401,48630
214,48631
402,48631
363,48633
428,48633
469,48668
334,48683
451,48742
370,48769
215,48770
216,48771
209,48833
394,48833
210,48834
481,48856
480,48886
331,48888
450,48981
416,49033
417,49034
466,49045
103,49059
236,49085
140,49174
190,49180
310,49342
105,49348
357,49349
372,49349
393,49352
436,49352
434,49377
435,49378
393,49379
436,49379
154,49385
397,49402
451,49429
360,49451
285,49454
219,49475
220,49476
194,49514
278,49549
371,49552
357,49553
372,49553
416,49588
393,49610
436,49610
437,49611
474,49611
475,49612
476,49613
335,49703
393,49718
436,49718
363,49725
428,49725
105,49816
338,49858
287,49902
396,49911
414,49925
475,49937
363,49938
428,49938
193,49958
473,49965
417,50060
371,50080
438,50092
439,50093
417,50112
281,50113
54,50138
368,50185
288,50201
360,50202
434,50229
435,50230
393,50231
436,50231
125,50411
451,50431
368,50435
310,50508
311,50509
240,50516
360,50594
361,50595
363,50646
428,50646
429,50647
368,50649
334,50654
392,50686
393,50687
436,50687
209,50688
394,50688
152,50729
153,50730
360,50759
361,50760
195,50790
226,50790
371,50887
334,50916
79,50962
368,50998
502,51035
217,51039
218,51040
190,51047
79,51051
208,51071
142,51107
253,51137
153,51138
337,51294
240,51329
465,51400
217,51459
336,51463
403,51483
53,51484
285,51485
125,51551
373,51557
282,51558
255,51569
217,51609
152,51723
310,51932
174,51957
505,51959
212,51983
212,51985
213,51986
214,51987
402,51987
371,51988
417,52082
331,52142
480,52245
213,52381
479,52391
121,52393
122,52394
216,52407
217,52408
368,52429
105,52453
357,52454
372,52454
331,52460
360,52514
468,52536
469,52577
140,52615
285,52639
286,52640
215,52648
216,52649
253,52688
505,52698
310,52705
368,52714
253,52745
451,52800
358,52846
419,52847
414,52848
395,52898
417,53002
368,53038
409,53096
416,53116
331,53187
357,53231
372,53231
228,53293
283,53330
284,53331
203,53352
204,53353
393,53393
436,53393
473,53406
253,53454
278,53498
435,53514
393,53515
436,53515
426,53606
427,53606
476,53607
53,53608
54,53609
415,53622
393,53654
436,53654
437,53655
474,53655
475,53656
451,53682
152,53790
417,53802
209,53817
394,53817
105,53824
357,53825
372,53825
310,53841
417,53843
360,53855
253,53886
254,53887
507,53912
140,53916
352,53932
334,53948
352,53959
353,53960
336,54000
415,54030
417,54047
406,54111
407,54112
470,54160
373,54203
142,54221
143,54222
144,54223
521,54225
216,54311
115,54327
473,54328
79,54485
115,54486
473,54487
437,54488
474,54488
105,54489
364,54490
140,54559
154,54633
219,54650
450,54721
310,54835
371,54861
437,54905
474,54905
105,54906
403,54957
477,54958
393,55046
436,55046
371,55064
193,55129
494,55164
288,55186
360,55187
473,55215
103,55271
218,55288
414,55319
473,55338
209,55339
394,55339
395,55340
396,55341
269,55356
368,55373
478,55416
278,55421
371,55457
451,55548
417,55565
371,55730
437,55737
474,55737
400,55748
401,55749
473,55809
79,55816
398,55874
399,55875
400,55876
470,55971
471,55972
472,55973
473,55974
371,56056
334,56094
310,56096
451,56152
400,56192
417,56251
368,56257
152,56300
153,56301
310,56470
120,56500
417,56503
156,56507
416,56522
417,56523
281,56524
151,56529
397,56586
122,56598
174,56624
213,56631
220,56637
208,56639
437,56640
474,56640
475,56641
363,56642
428,56642
478,56654
253,56684
125,56698
486,56731
475,56759
426,56760
427,56760
476,56761
335,56774
253,56790
254,56791
255,56792
209,56964
394,56964
221,57070
152,57078
451,57092
213,57100
77,57103
78,57104
335,57183
336,57184
505,57232
506,57233
109,57278
361,57294
362,57295
425,57295
426,57296
427,57296
363,57297
428,57297
364,57298
213,57316
437,57331
474,57331
438,57332
451,57399
478,57426
334,57455
357,57464
372,57464
371,57504
451,57579
371,57581
85,57654
215,57710
216,57711
217,57712
152,57761
153,57762
195,57765
226,57765
437,57817
474,57817
477,57819
478,57820
150,57869
151,57870
403,57884
437,57890
474,57890
475,57891
373,57898
282,57899
151,58039
451,58040
415,58050
269,58071
206,58092
334,58112
103,58137
437,58175
474,58175
105,58176
364,58177
79,58284
310,58327
401,58347
214,58348
402,58348
371,58349
392,58363
174,58364
397,58389
174,58397
334,58429
437,58454
474,58454
105,58455
253,58499
152,58611
217,58634
236,58695
494,58704
439,58713
213,58741
285,58744
286,58745
386,58748
253,58761
254,58762
255,58763
501,58771
285,58778
466,58791
360,58802
237,58878
213,58926
426,58947
427,58947
476,58948
53,58949
209,58959
394,58959
395,58960
151,59047
473,59118
217,59121
213,59172
142,59177
360,59225
451,59350
371,59437
115,59512
473,59513
393,59519
436,59519
209,59562
394,59562
395,59563
407,59575
217,59582
209,59619
394,59619
210,59620
417,59669
