402,27
403,32
364,48
105,109
256,121
341,121
257,122
162,126
465,160
26,244
243,264
75,265
244,265
477,273
151,339
110,367
93,368
94,368
95,368
96,368
97,368
245,368
246,368
247,368
468,368
469,368
470,368
93,369
94,369
95,369
96,369
97,369
245,369
246,369
247,369
468,369
469,369
470,369
93,370
94,370
95,370
96,370
97,370
245,370
246,370
247,370
468,370
469,370
470,370
111,371
248,371
263,371
302,371
471,371
205,462
104,524
163,559
477,582
212,597
91,648
104,654
218,737
474,765
466,796
92,797
262,797
301,797
467,797
93,798
94,798
95,798
96,798
97,798
245,798
246,798
247,798
468,798
469,798
470,798
407,827
477,924
110,936
93,937
94,937
95,937
96,937
97,937
245,937
246,937
247,937
468,937
469,937
470,937
93,938
94,938
95,938
96,938
97,938
245,938
246,938
247,938
468,938
469,938
470,938
26,941
27,942
413,1000
214,1001
414,1001
328,1010
332,1058
480,1059
243,1063
75,1064
244,1064
93,1065
94,1065
95,1065
96,1065
97,1065
245,1065
246,1065
247,1065
468,1065
469,1065
470,1065
111,1066
248,1066
263,1066
302,1066
471,1066
410,1113
406,1136
434,1140
426,1236
476,1236
427,1237
232,1240
90,1300
91,1301
427,1330
193,1354
328,1362
363,1365
477,1369
104,1383
74,1389
75,1390
244,1390
111,1391
248,1391
263,1391
302,1391
471,1391
109,1457
110,1481
475,1501
473,1571
474,1572
193,1573
46,1576
110,1580
218,1630
163,1780
215,1802
216,1803
261,1839
300,1839
110,1876
474,1887
475,1888
327,1929
396,1995
434,2004
462,2026
447,2054
448,2055
449,2056
474,2073
193,2074
217,2157
214,2169
414,2169
26,2174
398,2191
110,2199
93,2200
94,2200
95,2200
96,2200
97,2200
245,2200
246,2200
247,2200
468,2200
469,2200
470,2200
111,2201
248,2201
263,2201
302,2201
471,2201
264,2202
364,2230
264,2235
25,2242
92,2269
262,2269
301,2269
467,2269
111,2270
248,2270
263,2270
302,2270
471,2270
110,2277
93,2278
94,2278
95,2278
96,2278
97,2278
245,2278
246,2278
247,2278
468,2278
469,2278
470,2278
93,2279
94,2279
95,2279
96,2279
97,2279
245,2279
246,2279
247,2279
468,2279
469,2279
470,2279
111,2280
248,2280
263,2280
302,2280
471,2280
303,2281
472,2281
443,2285
373,2305
28,2327
73,2375
215,2434
449,2444
264,2475
93,2489
94,2489
95,2489
96,2489
97,2489
245,2489
246,2489
247,2489
468,2489
469,2489
470,2489
93,2490
94,2490
95,2490
96,2490
97,2490
245,2490
246,2490
247,2490
468,2490
469,2490
470,2490
93,2491
94,2491
95,2491
96,2491
97,2491
245,2491
246,2491
247,2491
468,2491
469,2491
470,2491
93,2492
94,2492
95,2492
96,2492
97,2492
245,2492
246,2492
247,2492
468,2492
469,2492
470,2492
93,2493
94,2493
95,2493
96,2493
97,2493
245,2493
246,2493
247,2493
468,2493
469,2493
470,2493
243,2508
75,2509
244,2509
111,2510
248,2510
263,2510
302,2510
471,2510
303,2511
472,2511
473,2512
474,2513
475,2514
92,2523
262,2523
301,2523
467,2523
76,2524
347,2561
163,2572
191,2579
192,2580
475,2581
488,2634
213,2635
167,2661
292,2775
123,2776
434,2796
90,2824
91,2825
92,2826
262,2826
301,2826
467,2826
111,2827
248,2827
263,2827
302,2827
471,2827
243,2859
75,2860
244,2860
111,2861
248,2861
263,2861
302,2861
471,2861
475,2881
434,2985
104,2994
480,3097
231,3108
105,3109
257,3148
409,3167
410,3168
191,3221
192,3222
475,3223
350,3254
351,3255
348,3271
162,3272
443,3320
45,3393
426,3395
476,3395
402,3420
162,3425
163,3426
295,3441
479,3443
480,3444
243,3463
75,3464
244,3464
93,3465
94,3465
95,3465
96,3465
97,3465
245,3465
246,3465
247,3465
468,3465
469,3465
470,3465
93,3466
94,3466
95,3466
96,3466
97,3466
245,3466
246,3466
247,3466
468,3466
469,3466
470,3466
93,3467
94,3467
95,3467
96,3467
97,3467
245,3467
246,3467
247,3467
468,3467
469,3467
470,3467
111,3468
248,3468
263,3468
302,3468
471,3468
303,3469
472,3469
144,3591
475,3610
426,3611
476,3611
475,3625
332,3645
407,3648
206,3651
104,3714
434,3795
250,3797
113,3868
92,3888
262,3888
301,3888
467,3888
76,3889
406,3960
475,3967
218,4013
45,4080
473,4127
474,4128
193,4129
92,4138
262,4138
301,4138
467,4138
93,4139
94,4139
95,4139
96,4139
97,4139
245,4139
246,4139
247,4139
468,4139
469,4139
470,4139
111,4140
248,4140
263,4140
302,4140
471,4140
303,4141
472,4141
217,4215
349,4226
350,4227
351,4228
230,4229
458,4233
92,4281
262,4281
301,4281
467,4281
90,4348
91,4349
91,4357
92,4390
262,4390
301,4390
467,4390
111,4391
248,4391
263,4391
302,4391
471,4391
92,4498
262,4498
301,4498
467,4498
93,4499
94,4499
95,4499
96,4499
97,4499
245,4499
246,4499
247,4499
468,4499
469,4499
470,4499
434,4509
265,4511
231,4515
232,4516
233,4517
439,4767
92,4850
262,4850
301,4850
467,4850
250,4856
165,4863
92,4951
262,4951
301,4951
467,4951
111,4952
248,4952
263,4952
302,4952
471,4952
304,4969
162,4979
427,5010
479,5020
480,5021
473,5069
474,5070
371,5097
474,5145
475,5146
466,5149
286,5274
191,5280
192,5281
475,5282
151,5341
477,5356
394,5360
261,5368
300,5368
449,5407
473,5441
474,5442
347,5451
91,5497
27,5513
427,5524
351,5538
26,5552
191,5561
192,5562
348,5592
443,5609
243,5660
75,5661
244,5661
111,5662
248,5662
263,5662
302,5662
471,5662
112,5663
46,5674
479,5683
384,5721
364,5728
163,5734
163,5746
45,5797
402,5895
474,5919
193,5920
261,5932
300,5932
264,5934
351,5968
230,5969
231,5970
402,6011
462,6079
402,6086
214,6105
414,6105
457,6173
458,6174
475,6241
104,6283
27,6286
426,6294
476,6294
402,6312
433,6335
434,6336
264,6347
265,6348
110,6363
93,6364
94,6364
95,6364
96,6364
97,6364
245,6364
246,6364
247,6364
468,6364
469,6364
470,6364
111,6365
248,6365
263,6365
302,6365
471,6365
218,6437
260,6477
299,6477
398,6481
45,6483
46,6484
402,6495
230,6563
231,6564
214,6585
414,6585
119,6627
304,6738
185,6755
458,6762
119,6788
214,6860
414,6860
415,6861
466,6915
112,6917
375,6969
73,7010
394,7058
427,7123
163,7138
163,7339
447,7382
477,7432
475,7459
364,7461
231,7473
364,7486
428,7505
446,7505
264,7521
474,7548
243,7579
75,7580
244,7580
111,7581
248,7581
263,7581
302,7581
471,7581
214,7587
414,7587
439,7609
264,7612
365,7637
384,7650
479,7699
480,7700
434,7734
474,7740
434,7776
90,7842
214,7843
414,7843
434,7890
192,7970
163,7989
473,7997
474,7998
475,7999
105,8008
466,8013
434,8034
480,8075
91,8126
260,8177
299,8177
473,8210
474,8211
193,8212
151,8283
231,8343
105,8344
46,8386
432,8391
433,8392
434,8393
426,8422
476,8422
214,8465
414,8465
415,8466
226,8505
193,8659
295,8776
479,8778
406,8808
92,8842
262,8842
301,8842
467,8842
111,8843
248,8843
263,8843
302,8843
471,8843
192,8947
120,9010
103,9011
46,9059
480,9069
152,9127
364,9226
243,9237
163,9262
232,9265
394,9293
74,9306
27,9321
372,9330
410,9366
104,9408
163,9429
185,9435
193,9580
371,9633
49,9671
286,9680
384,9697
115,9773
116,9774
257,9778
106,9779
415,9824
165,9849
29,9851
120,9852
426,9954
476,9954
480,9975
408,9981
409,9982
355,10067
466,10090
463,10094
231,10100
427,10114
434,10146
163,10261
443,10268
434,10323
295,10329
410,10368
474,10391
480,10429
329,10443
474,10491
475,10492
265,10508
264,10547
104,10632
193,10789
243,10822
91,10857
264,10859
232,10873
328,10919
434,10932
473,10934
474,10935
193,10936
46,10939
230,10944
473,10955
474,10956
413,10980
347,10983
348,10984
261,10991
300,10991
480,11056
304,11140
434,11271
474,11330
232,11371
233,11372
92,11379
262,11379
301,11379
467,11379
93,11380
94,11380
95,11380
96,11380
97,11380
245,11380
246,11380
247,11380
468,11380
469,11380
470,11380
111,11381
248,11381
263,11381
302,11381
471,11381
477,11425
163,11431
192,11478
110,11528
475,11548
473,11553
474,11554
163,11578
409,11588
164,11592
74,11714
78,11740
82,11749
46,11793
473,11798
474,11799
475,11800
480,11929
117,11983
214,12145
414,12145
292,12216
293,12217
413,12268
92,12324
262,12324
301,12324
467,12324
351,12351
230,12352
162,12411
481,12462
74,12548
75,12549
244,12549
93,12550
94,12550
95,12550
96,12550
97,12550
245,12550
246,12550
247,12550
468,12550
469,12550
470,12550
463,12562
443,12587
232,12604
342,12661
456,12674
364,12721
92,12790
262,12790
301,12790
467,12790
93,12791
94,12791
95,12791
96,12791
97,12791
245,12791
246,12791
247,12791
468,12791
469,12791
470,12791
192,12812
475,12813
416,12836
303,12856
472,12856
364,12898
303,12938
472,12938
231,12983
105,12984
106,12985
163,13024
243,13035
75,13036
244,13036
342,13048
332,13051
478,13059
473,13150
474,13151
475,13152
104,13167
105,13168
294,13181
479,13202
480,13203
474,13237
475,13238
426,13239
476,13239
364,13327
25,13381
426,13595
476,13595
146,13673
347,13688
348,13689
477,13713
434,13838
415,13867
480,13907
104,13920
232,13921
218,13936
403,13963
351,14000
230,14001
231,14002
213,14026
439,14056
480,14072
232,14083
475,14133
364,14135
112,14197
193,14205
375,14235
417,14252
216,14266
217,14267
475,14331
163,14423
434,14441
427,14456
473,14491
474,14492
475,14493
91,14543
264,14545
163,14589
434,14672
214,14726
414,14726
215,14727
475,14739
163,14772
265,14791
350,14835
351,14836
427,14849
434,14864
106,14870
243,14962
477,14979
332,14988
480,14989
428,15034
446,15034
214,15088
414,15088
415,15089
104,15110
231,15125
479,15136
480,15137
439,15163
163,15197
162,15254
218,15265
264,15329
265,15330
474,15369
475,15370
165,15411
397,15472
77,15484
477,15525
295,15539
479,15541
480,15542
328,15578
415,15635
474,15644
193,15645
480,15697
475,15723
480,15734
298,15753
260,15754
299,15754
163,15761
214,15775
414,15775
456,15784
477,15795
478,15796
475,15832
396,15840
397,15841
440,15867
265,15910
185,15917
290,16013
110,16061
475,16149
426,16150
476,16150
298,16174
260,16175
299,16175
342,16257
232,16281
463,16393
92,16429
262,16429
301,16429
467,16429
84,16463
475,16524
213,16637
90,16656
91,16657
398,16661
231,16679
46,16683
47,16684
119,16685
264,16717
76,16734
488,16764
213,16765
265,16768
353,16772
351,16800
230,16801
92,16819
262,16819
301,16819
467,16819
93,16820
94,16820
95,16820
96,16820
97,16820
245,16820
246,16820
247,16820
468,16820
469,16820
470,16820
193,16857
466,16867
475,16893
435,16899
28,16908
105,16952
264,16976
410,16992
480,17000
456,17034
473,17060
104,17084
105,17085
249,17097
120,17106
479,17110
449,17113
151,17136
163,17144
164,17145
165,17146
192,17171
193,17172
434,17174
264,17228
265,17229
74,17252
303,17254
472,17254
434,17261
230,17291
231,17292
396,17325
397,17326
398,17327
399,17328
434,17351
480,17362
447,17365
448,17366
265,17374
462,17379
473,17386
474,17387
475,17388
426,17389
476,17389
477,17390
478,17391
328,17401
46,17462
144,17464
342,17499
164,17505
292,17506
426,17561
476,17561
264,17573
303,17664
472,17664
473,17665
474,17666
475,17667
216,17752
243,17785
191,17827
192,17828
193,17829
416,17851
417,17852
228,17875
440,17910
120,17922
261,18016
300,18016
292,18020
293,18021
426,18065
476,18065
427,18066
474,18119
193,18120
193,18153
479,18307
92,18311
262,18311
301,18311
467,18311
191,18334
192,18335
475,18336
473,18376
474,18377
475,18378
185,18393
193,18408
434,18410
378,18413
440,18428
394,18460
231,18517
105,18518
249,18575
303,18622
472,18622
475,18655
426,18656
476,18656
475,18712
24,18734
443,18766
426,18815
476,18815
477,18816
163,18828
465,18884
474,18902
193,18903
375,19050
164,19052
292,19053
185,19056
427,19101
406,19112
434,19328
250,19330
348,19355
162,19356
163,19412
265,19426
73,19471
328,19510
364,19558
348,19571
434,19577
408,19611
218,19624
123,19629
373,19644
434,19661
466,19677
434,19721
474,19727
193,19728
434,19730
264,19738
384,19778
402,19808
110,19818
480,19832
45,19850
46,19851
371,19898
402,19946
403,19947
434,19985
105,19989
434,19997
477,20042
243,20106
112,20108
439,20120
110,20122
93,20123
94,20123
95,20123
96,20123
97,20123
245,20123
246,20123
247,20123
468,20123
469,20123
470,20123
434,20162
474,20168
475,20169
426,20170
476,20170
477,20171
162,20178
329,20222
72,20230
73,20231
74,20232
75,20233
244,20233
111,20245
248,20245
263,20245
302,20245
471,20245
264,20246
257,20287
228,20467
164,20483
292,20484
475,20496
426,20497
476,20497
477,20498
477,20506
434,20513
46,20523
463,20565
261,20592
300,20592
91,20709
265,20740
231,20744
417,20792
479,20807
480,20808
90,20849
91,20882
465,20926
332,20979
172,20982
218,21079
91,21092
92,21093
262,21093
301,21093
467,21093
76,21094
384,21111
364,21114
456,21333
110,21347
93,21348
94,21348
95,21348
96,21348
97,21348
245,21348
246,21348
247,21348
468,21348
469,21348
470,21348
342,21362
427,21370
110,21418
353,21433
461,21463
206,21476
162,21496
477,21667
332,21706
49,21728
480,21777
434,21795
90,21844
91,21845
92,21846
262,21846
301,21846
467,21846
111,21847
248,21847
263,21847
302,21847
471,21847
264,21848
110,21863
434,21901
193,21934
426,21938
476,21938
304,21983
477,21988
104,22041
298,22125
260,22126
299,22126
261,22127
300,22127
92,22128
262,22128
301,22128
467,22128
98,22129
417,22165
257,22194
52,22219
431,22223
480,22247
104,22338
232,22339
477,22351
409,22367
410,22368
394,22414
298,22448
260,22449
299,22449
408,22502
264,22515
243,22527
46,22537
364,22562
167,22564
243,22621
216,22624
217,22625
435,22648
375,22690
474,22693
243,22699
264,22776
47,22811
457,22817
458,22818
162,22821
458,22824
458,22902
162,22905
92,22929
262,22929
301,22929
467,22929
111,22930
248,22930
263,22930
302,22930
471,22930
264,22931
92,22955
262,22955
301,22955
467,22955
111,22956
248,22956
263,22956
302,22956
471,22956
474,23004
475,23005
295,23051
474,23064
475,23065
163,23088
105,23091
106,23092
424,23135
407,23183
408,23184
409,23185
332,23186
480,23187
287,23224
398,23260
45,23262
46,23263
47,23264
45,23316
478,23341
474,23346
474,23400
475,23401
243,23412
75,23413
244,23413
111,23414
248,23414
263,23414
302,23414
471,23414
264,23415
120,23425
121,23426
163,23614
164,23615
292,23616
293,23617
429,23685
474,23721
261,23731
300,23731
328,23767
384,23782
427,23785
332,23794
191,23870
192,23871
475,23872
374,23997
92,24000
262,24000
301,24000
467,24000
111,24001
248,24001
263,24001
302,24001
471,24001
249,24002
231,24069
384,24106
394,24154
480,24172
192,24188
146,24207
439,24285
243,24296
303,24298
472,24298
90,24310
214,24311
414,24311
415,24312
315,24313
316,24314
479,24350
327,24356
408,24400
420,24455
487,24455
466,24520
456,24534
434,24545
408,24559
162,24589
213,24606
91,24607
292,24652
56,24712
231,24732
163,24738
164,24739
335,24773
413,24775
214,24776
414,24776
216,24813
355,24852
350,24909
351,24910
427,24921
104,24927
473,24938
474,24939
264,24951
478,24955
298,25002
260,25003
299,25003
261,25004
300,25004
92,25005
262,25005
301,25005
467,25005
93,25006
94,25006
95,25006
96,25006
97,25006
245,25006
246,25006
247,25006
468,25006
469,25006
470,25006
93,25007
94,25007
95,25007
96,25007
97,25007
245,25007
246,25007
247,25007
468,25007
469,25007
470,25007
76,25008
473,25046
474,25047
193,25048
73,25055
264,25104
329,25133
447,25192
231,25198
384,25204
298,25290
260,25291
299,25291
261,25292
300,25292
193,25298
427,25306
434,25326
92,25357
262,25357
301,25357
467,25357
456,25364
90,25403
91,25404
439,25418
303,25614
472,25614
193,25640
243,25780
75,25781
244,25781
111,25782
248,25782
263,25782
302,25782
471,25782
364,25857
328,25943
475,25989
409,26012
474,26060
475,26061
434,26099
215,26259
290,26309
144,26320
146,26458
427,26615
243,26642
47,26757
119,26758
364,26779
434,26787
292,26790
123,26791
260,26860
299,26860
290,26954
477,27050
265,27058
292,27076
113,27108
110,27234
111,27235
248,27235
263,27235
302,27235
471,27235
24,27284
162,27304
90,27333
214,27334
414,27334
415,27335
439,27352
403,27366
480,27367
435,27378
105,27473
106,27474
214,27485
414,27485
146,27497
342,27516
286,27542
350,27654
92,27662
262,27662
301,27662
467,27662
76,27663
218,27744
364,27783
477,27826
478,27827
434,27988
232,28023
265,28171
427,28183
105,28186
474,28234
193,28235
213,28298
332,28336
74,28352
243,28357
75,28358
244,28358
480,28497
290,28552
73,28619
74,28620
232,28639
233,28640
110,28676
93,28677
94,28677
95,28677
96,28677
97,28677
245,28677
246,28677
247,28677
468,28677
469,28677
470,28677
91,28853
332,28858
261,28877
300,28877
92,28878
262,28878
301,28878
467,28878
430,28899
294,28905
479,28953
91,29013
214,29037
414,29037
52,29090
53,29091
72,29104
73,29105
92,29120
262,29120
301,29120
467,29120
98,29121
74,29135
350,29146
331,29194
332,29195
408,29201
409,29202
332,29203
466,29215
111,29237
248,29237
263,29237
302,29237
471,29237
112,29238
120,29325
103,29326
348,29484
164,29684
165,29685
261,29697
300,29697
92,29698
262,29698
301,29698
467,29698
76,29699
77,29700
415,29711
466,29740
348,29764
162,29765
92,29774
262,29774
301,29774
467,29774
93,29775
94,29775
95,29775
96,29775
97,29775
245,29775
246,29775
247,29775
468,29775
469,29775
470,29775
92,29858
262,29858
301,29858
467,29858
214,29946
414,29946
242,29998
243,29999
47,30126
364,30160
28,30161
216,30219
406,30221
151,30294
152,30295
110,30319
93,30320
94,30320
95,30320
96,30320
97,30320
245,30320
246,30320
247,30320
468,30320
469,30320
470,30320
93,30321
94,30321
95,30321
96,30321
97,30321
245,30321
246,30321
247,30321
468,30321
469,30321
470,30321
112,30351
192,30432
475,30433
257,30436
74,30439
75,30440
244,30440
111,30441
248,30441
263,30441
302,30441
471,30441
303,30442
472,30442
410,30470
434,30518
26,30554
456,30610
479,30627
480,30628
406,30711
466,30755
374,30872
480,30896
110,30910
93,30911
94,30911
95,30911
96,30911
97,30911
245,30911
246,30911
247,30911
468,30911
469,30911
470,30911
93,30912
94,30912
95,30912
96,30912
97,30912
245,30912
246,30912
247,30912
468,30912
469,30912
470,30912
76,30913
393,30931
394,30932
90,30970
92,30982
262,30982
301,30982
467,30982
294,31029
193,31033
403,31041
92,31045
262,31045
301,31045
467,31045
76,31046
46,31071
480,31091
298,31113
260,31114
299,31114
295,31131
46,31152
92,31165
262,31165
301,31165
467,31165
93,31166
94,31166
95,31166
96,31166
97,31166
245,31166
246,31166
247,31166
468,31166
469,31166
470,31166
111,31167
248,31167
263,31167
302,31167
471,31167
264,31168
415,31201
465,31246
104,31256
25,31268
295,31274
92,31330
262,31330
301,31330
467,31330
93,31331
94,31331
95,31331
96,31331
97,31331
245,31331
246,31331
247,31331
468,31331
469,31331
470,31331
329,31334
475,31355
25,31368
434,31419
113,31421
114,31422
428,31483
446,31483
466,31490
243,31663
75,31664
244,31664
162,31674
479,31713
104,31730
384,31777
434,31824
473,31826
474,31827
475,31828
249,31863
91,31900
415,31958
315,31959
316,31960
162,31978
415,31991
218,32001
292,32065
123,32066
473,32076
474,32077
413,32108
439,32113
110,32115
93,32116
94,32116
95,32116
96,32116
97,32116
245,32116
246,32116
247,32116
468,32116
469,32116
470,32116
111,32117
248,32117
263,32117
302,32117
471,32117
350,32149
73,32157
456,32222
72,32297
73,32298
192,32326
475,32327
185,32330
473,32376
474,32377
475,32378
257,32384
335,32393
413,32395
214,32396
414,32396
415,32397
415,32453
163,32555
192,32603
475,32604
426,32605
476,32605
243,32648
162,32773
105,32900
243,32908
303,32927
472,32927
473,32928
474,32929
475,32930
228,32972
217,32983
226,33023
231,33040
295,33114
458,33136
475,33158
456,33171
184,33174
214,33196
414,33196
415,33197
298,33229
260,33230
299,33230
261,33231
300,33231
409,33248
410,33249
185,33527
364,33578
364,33711
443,33733
163,33774
257,33841
104,33857
298,33870
260,33871
299,33871
415,33873
218,33973
91,34069
92,34100
262,34100
301,34100
467,34100
298,34107
26,34132
191,34143
192,34144
110,34190
93,34191
94,34191
95,34191
96,34191
97,34191
245,34191
246,34191
247,34191
468,34191
469,34191
470,34191
111,34192
248,34192
263,34192
302,34192
471,34192
466,34216
91,34254
92,34287
262,34287
301,34287
467,34287
111,34288
248,34288
263,34288
302,34288
471,34288
25,34304
92,34337
262,34337
301,34337
467,34337
347,34496
162,34544
479,34573
151,34619
152,34620
72,34630
90,34650
304,34705
104,34755
206,34769
193,34836
475,34884
426,34885
476,34885
163,34893
462,34899
427,34903
402,34934
164,34938
292,34939
165,34978
211,34979
110,35082
93,35083
94,35083
95,35083
96,35083
97,35083
245,35083
246,35083
247,35083
468,35083
469,35083
470,35083
477,35134
72,35137
73,35138
374,35168
466,35237
409,35271
332,35272
439,35336
72,35404
73,35405
216,35423
480,35447
74,35589
75,35590
244,35590
111,35591
248,35591
263,35591
302,35591
471,35591
303,35592
472,35592
110,35617
111,35618
248,35618
263,35618
302,35618
471,35618
351,35628
230,35629
351,35661
230,35662
434,35738
46,35769
409,35784
332,35785
480,35786
434,35811
163,35821
364,35830
413,35835
443,35922
104,36057
364,36093
294,36104
162,36152
163,36153
164,36154
165,36155
294,36161
234,36189
403,36195
92,36199
262,36199
301,36199
467,36199
93,36200
94,36200
95,36200
96,36200
97,36200
245,36200
246,36200
247,36200
468,36200
469,36200
470,36200
93,36201
94,36201
95,36201
96,36201
97,36201
245,36201
246,36201
247,36201
468,36201
469,36201
470,36201
111,36202
248,36202
263,36202
302,36202
471,36202
480,36242
443,36279
261,36349
300,36349
303,36429
472,36429
474,36444
231,36474
232,36475
163,36525
46,36551
212,36561
213,36562
214,36563
414,36563
46,36573
264,36620
460,36758
410,36790
26,36806
27,36807
28,36808
29,36809
458,36892
162,36895
72,36933
163,36964
162,36973
458,36976
466,37128
264,37130
457,37131
458,37132
104,37205
92,37253
262,37253
301,37253
467,37253
475,37273
433,37299
434,37300
92,37355
262,37355
301,37355
467,37355
76,37356
74,37488
75,37489
244,37489
473,37537
479,37550
480,37563
110,37590
93,37591
94,37591
95,37591
96,37591
97,37591
245,37591
246,37591
247,37591
468,37591
469,37591
470,37591
76,37592
77,37593
291,37618
165,37619
416,37628
417,37629
206,37655
264,37685
298,37703
90,37724
163,37805
439,37840
426,37876
476,37876
477,37938
105,37987
165,38142
163,38154
164,38155
292,38156
110,38164
93,38165
94,38165
95,38165
96,38165
97,38165
245,38165
246,38165
247,38165
468,38165
469,38165
470,38165
111,38166
248,38166
263,38166
302,38166
471,38166
373,38185
374,38186
163,38212
294,38217
415,38274
192,38286
193,38287
458,38301
249,38327
257,38374
110,38391
93,38392
94,38392
95,38392
96,38392
97,38392
245,38392
246,38392
247,38392
468,38392
469,38392
470,38392
93,38393
94,38393
95,38393
96,38393
97,38393
245,38393
246,38393
247,38393
468,38393
469,38393
470,38393
93,38394
94,38394
95,38394
96,38394
97,38394
245,38394
246,38394
247,38394
468,38394
469,38394
470,38394
214,38416
414,38416
415,38417
351,38426
163,38560
466,38584
303,38586
472,38586
303,38622
472,38622
475,38630
397,38648
249,38712
384,38775
185,38900
104,38905
479,38927
426,39024
476,39024
73,39033
192,39340
415,39375
227,39439
228,39440
443,39484
443,39514
480,39516
91,39544
394,39566
395,39567
105,39830
480,39885
104,39982
105,39983
193,40040
348,40056
474,40095
475,40096
426,40097
476,40097
105,40115
106,40116
192,40127
475,40128
426,40129
476,40129
477,40130
385,40151
456,40223
479,40250
466,40279
112,40281
474,40339
396,40401
163,40436
104,40477
163,40555
342,40605
477,40638
74,40642
292,40646
466,40737
73,40758
480,40767
290,40773
243,40784
75,40785
244,40785
98,40786
475,40824
49,40831
50,40832
458,40869
332,40880
480,40881
480,41070
216,41112
293,41120
479,41187
166,41202
375,41242
92,41292
262,41292
301,41292
467,41292
111,41293
248,41293
263,41293
302,41293
471,41293
112,41294
113,41295
114,41296
232,41312
303,41319
472,41319
304,41320
25,41342
242,41379
26,41382
456,41451
415,41498
73,41553
74,41554
434,41570
26,41686
91,41742
112,41744
45,41839
426,41841
476,41841
163,41869
417,41931
162,41939
457,42019
458,42020
91,42069
211,42177
477,42189
478,42190
226,42244
439,42300
163,42317
164,42318
165,42319
166,42320
167,42321
129,42331
403,42368
480,42369
162,42380
351,42451
475,42515
383,42578
384,42579
90,42636
479,42686
480,42687
434,42758
46,42772
144,42774
218,42780
473,42801
474,42802
162,42830
163,42848
164,42849
165,42850
355,42865
479,42885
185,42926
162,42953
26,42971
375,43039
231,43078
478,43087
406,43172
473,43193
474,43194
384,43219
477,43222
434,43226
477,43304
350,43435
473,43455
474,43456
193,43457
434,43459
384,43482
385,43483
249,43531
331,43558
374,43570
25,43583
26,43584
466,43625
303,43627
472,43627
473,43628
474,43629
475,43630
475,43676
46,43704
443,43792
164,43803
434,43858
214,43874
414,43874
475,43917
327,43927
115,43940
116,43941
434,43997
214,44006
414,44006
439,44064
250,44238
163,44345
480,44374
25,44412
26,44413
295,44514
466,44526
475,44563
163,44617
480,44635
434,44645
355,44721
45,44760
384,44838
402,44854
403,44855
407,44939
408,44940
409,44941
332,44942
457,44986
458,44987
434,45012
350,45033
303,45045
472,45045
415,45080
406,45144
105,45184
74,45211
265,45295
163,45377
364,45391
415,45412
112,45540
456,45582
298,45622
243,45667
488,45705
213,45706
434,45734
243,45786
264,45788
406,45808
113,45880
114,45881
439,45891
162,45911
466,45982
249,46062
375,46093
456,46098
457,46099
458,46100
475,46119
114,46184
162,46205
402,46231
403,46232
364,46248
105,46285
373,46304
374,46305
434,46384
375,46443
364,46476
293,46539
350,46555
351,46556
192,46611
475,46612
164,46633
292,46634
146,46761
364,46780
73,46877
298,46946
260,46947
299,46947
426,47015
476,47015
475,47019
426,47020
476,47020
427,47021
426,47038
476,47038
53,47069
264,47135
191,47150
192,47151
242,47177
348,47212
475,47240
475,47275
162,47308
104,47313
232,47314
110,47348
434,47390
193,47397
426,47444
476,47444
383,47502
384,47503
332,47597
347,47610
407,47614
408,47615
74,47619
151,47642
192,47726
475,47727
426,47728
476,47728
477,47729
406,47749
364,47852
104,47877
90,47917
91,47918
434,47978
475,48015
74,48049
75,48050
244,48050
111,48051
248,48051
263,48051
302,48051
471,48051
122,48061
123,48062
264,48117
91,48149
315,48152
347,48185
292,48213
218,48232
294,48241
481,48273
458,48326
172,48376
163,48463
402,48510
332,48561
92,48632
262,48632
301,48632
467,48632
111,48633
248,48633
263,48633
302,48633
471,48633
426,48852
476,48852
477,48853
231,48908
342,48972
162,49033
427,49074
173,49144
364,49174
365,49175
231,49258
402,49302
214,49328
414,49328
415,49329
264,49349
265,49350
91,49551
264,49553
265,49554
162,49588
242,49592
110,49612
375,49668
111,49725
248,49725
263,49725
302,49725
471,49725
249,49817
477,49901
214,49909
414,49909
110,49937
111,49938
248,49938
263,49938
302,49938
471,49938
172,49961
73,50055
214,50069
414,50069
415,50070
479,50073
480,50074
26,50138
166,50165
214,50282
414,50282
415,50283
480,50423
163,50437
232,50440
218,50485
219,50486
333,50555
404,50555
257,50588
74,50595
298,50630
260,50631
299,50631
473,50638
474,50639
92,50645
262,50645
301,50645
467,50645
111,50646
248,50646
263,50646
302,50646
471,50646
231,50745
105,50746
74,50760
410,50785
481,50790
317,50792
318,50793
164,50821
434,50838
27,50844
473,50854
474,50855
91,50886
249,50888
402,50934
46,50962
105,51000
146,51007
46,51051
461,51119
350,51158
473,51164
474,51165
475,51166
426,51167
476,51167
218,51178
410,51227
375,51258
479,51311
443,51369
351,51373
475,51414
466,51482
477,51524
45,51653
426,51655
476,51655
477,51656
397,51663
332,51682
333,51683
404,51683
434,51738
232,51829
294,51930
474,51944
475,51945
426,51946
476,51946
463,51960
479,52012
477,52095
478,52096
231,52113
407,52132
243,52163
104,52183
434,52317
264,52454
348,52490
295,52506
413,52539
214,52540
414,52540
415,52541
416,52542
417,52543
163,52608
364,52615
91,52647
214,52812
414,52812
457,52846
458,52847
413,52869
242,52874
408,52881
328,52912
415,53023
475,53073
185,53083
162,53116
264,53231
439,53253
294,53263
295,53264
146,53274
407,53326
408,53327
25,53331
231,53369
105,53370
408,53451
409,53452
434,53472
351,53501
91,53604
92,53605
262,53605
301,53605
467,53605
93,53606
94,53606
95,53606
96,53606
97,53606
245,53606
246,53606
247,53606
468,53606
469,53606
470,53606
26,53609
456,53651
265,53652
110,53656
434,53732
264,53825
364,53916
163,54044
164,54055
287,54123
475,54140
185,54143
49,54194
165,54219
166,54220
463,54256
475,54266
426,54267
476,54267
477,54268
477,54380
407,54470
408,54471
409,54472
332,54473
46,54485
303,54490
472,54490
473,54491
474,54492
475,54493
364,54559
164,54580
218,54612
257,54635
243,54658
242,54671
265,54705
191,54759
192,54760
475,54761
426,54762
476,54762
477,54763
475,54810
426,54811
476,54811
192,54819
426,54874
476,54874
477,54875
105,54912
91,54956
328,54979
426,54981
476,54981
477,54982
72,54985
73,54986
480,55031
329,55164
375,55224
193,55230
434,55232
104,55259
232,55260
475,55573
105,55611
479,55714
480,55715
479,55765
480,55766
46,55816
410,55828
443,55869
350,55900
402,55902
443,55938
406,55970
351,56031
230,56032
231,56033
91,56055
435,56120
374,56207
426,56212
476,56212
84,56238
375,56247
332,56281
192,56373
475,56374
426,56428
476,56428
477,56429
478,56430
409,56466
332,56467
480,56468
232,56485
162,56522
110,56641
111,56642
248,56642
263,56642
302,56642
471,56642
409,56682
434,56706
110,56759
93,56760
94,56760
95,56760
96,56760
97,56760
245,56760
246,56760
247,56760
468,56760
469,56760
470,56760
347,56771
415,56786
232,56863
384,56931
146,56937
332,56950
106,56981
473,57016
257,57079
292,57096
123,57097
242,57125
260,57132
299,57132
257,57140
106,57141
403,57203
480,57204
55,57212
351,57267
192,57279
475,57280
74,57294
75,57295
244,57295
93,57296
94,57296
95,57296
96,57296
97,57296
245,57296
246,57296
247,57296
468,57296
469,57296
470,57296
111,57297
248,57297
263,57297
302,57297
471,57297
303,57298
472,57298
298,57429
260,57430
299,57430
480,57452
264,57464
316,57478
385,57490
91,57503
51,57528
477,57550
230,57559
466,57580
214,57614
414,57614
407,57635
231,57680
105,57681
473,57691
474,57692
475,57693
480,57699
466,57709
481,57765
474,57831
193,57832
243,57864
110,57891
480,57968
49,58061
50,58062
473,58156
474,58157
193,58158
303,58177
472,58177
463,58191
396,58264
46,58284
294,58325
231,58375
163,58473
257,58500
90,58578
480,58673
434,58694
265,58696
329,58704
91,58710
92,58711
262,58711
301,58711
467,58711
342,58786
151,58832
163,58866
479,58870
480,58871
443,58887
92,58946
262,58946
301,58946
467,58946
93,58947
94,58947
95,58947
96,58947
97,58947
245,58947
246,58947
247,58947
468,58947
469,58947
470,58947
243,58967
292,58991
257,59085
448,59138
477,59153
104,59193
433,59323
434,59324
407,59371
473,59403
474,59404
193,59405
466,59436
230,59479
49,59543
165,59572
295,59699
294,59709
440,59718
243,59782
