507,75
479,243
265,249
260,252
261,253
230,303
49,348
251,355
137,367
355,375
364,425
365,426
53,459
196,479
158,491
75,511
387,514
158,520
306,558
371,573
482,574
507,681
151,725
261,736
262,737
307,763
74,765
137,936
138,939
139,972
371,979
352,994
158,1016
244,1027
245,1028
502,1045
227,1094
364,1121
365,1122
105,1149
226,1158
530,1166
245,1225
250,1242
158,1260
502,1302
517,1316
478,1317
507,1346
507,1360
508,1361
136,1457
480,1460
244,1480
137,1481
175,1524
247,1571
74,1572
368,1575
244,1579
137,1580
517,1592
518,1593
261,1629
262,1630
368,1650
301,1651
369,1651
370,1652
371,1653
482,1654
465,1767
301,1768
369,1768
370,1769
177,1778
306,1779
261,1799
123,1826
137,1876
74,1887
480,2069
74,2073
366,2082
121,2134
411,2135
50,2155
153,2160
478,2172
479,2173
98,2191
244,2198
137,2199
244,2233
245,2234
137,2277
246,2281
250,2349
250,2379
151,2432
246,2511
247,2512
74,2513
151,2521
152,2522
154,2525
365,2526
186,2530
370,2582
371,2598
425,2672
426,2673
482,2737
507,2812
508,2813
517,3059
478,3060
50,3070
517,3077
151,3116
518,3117
244,3141
371,3147
517,3179
517,3191
478,3192
370,3224
465,3276
301,3277
369,3277
370,3278
187,3372
301,3394
369,3394
246,3469
244,3477
480,3560
481,3561
479,3634
480,3635
49,3636
196,3643
245,3657
251,3685
123,3776
244,3834
151,3841
152,3842
119,3852
517,3886
152,3887
151,3911
518,3912
261,3951
370,3968
50,3970
364,3974
365,3975
262,4013
368,4019
435,4029
100,4035
368,4071
301,4072
369,4072
370,4073
371,4074
482,4075
247,4127
74,4128
501,4137
246,4141
380,4188
381,4189
245,4193
260,4203
251,4256
152,4280
216,4343
226,4359
354,4375
244,4379
377,4461
138,4500
445,4524
368,4596
151,4754
212,4769
469,4782
370,4800
174,4823
138,4851
364,4907
365,4908
517,4949
152,4950
174,4974
230,5047
247,5069
74,5070
151,5102
518,5103
73,5144
74,5145
370,5147
250,5193
368,5300
301,5301
369,5301
365,5321
212,5363
480,5429
247,5441
74,5442
467,5481
355,5502
440,5533
75,5563
120,5573
354,5584
177,5627
306,5628
506,5642
177,5759
306,5760
175,5846
400,5855
307,5917
74,5919
306,5952
436,5957
186,6054
177,6160
465,6215
377,6252
426,6255
245,6346
243,6361
244,6362
137,6363
517,6386
262,6437
354,6444
355,6445
187,6456
364,6470
365,6471
97,6480
98,6481
534,6489
152,6525
153,6526
154,6527
365,6528
188,6559
333,6589
263,6620
305,6653
306,6654
307,6655
308,6656
339,6685
340,6686
366,6706
367,6707
368,6708
301,6709
369,6709
370,6710
371,6711
245,6873
436,6946
467,7029
151,7061
306,7125
307,7126
244,7236
245,7237
352,7274
377,7315
372,7326
355,7346
125,7356
305,7363
306,7364
53,7384
305,7544
306,7545
307,7546
74,7548
516,7553
174,7603
245,7611
481,7644
372,7645
307,7657
365,7665
264,7697
307,7738
74,7740
517,7750
152,7751
301,7825
369,7825
426,7848
175,7871
517,7910
152,7911
528,7917
247,7997
74,7998
370,8000
371,8001
482,8002
153,8014
154,8015
365,8016
244,8109
355,8148
247,8210
74,8211
368,8214
301,8215
369,8215
370,8216
364,8252
365,8253
479,8367
259,8437
306,8451
366,8484
377,8496
366,8509
367,8510
75,8518
480,8546
305,8561
306,8562
481,8703
352,8727
387,8769
303,8775
481,8787
305,8894
354,8912
371,8928
371,8937
368,9058
304,9070
495,9075
383,9156
307,9244
250,9267
426,9345
175,9371
481,9411
482,9412
194,9413
483,9413
301,9415
369,9415
377,9420
306,9428
516,9464
517,9465
49,9477
307,9568
417,9618
456,9629
371,9665
177,9754
306,9755
305,9764
306,9765
307,9766
371,9777
486,9780
50,9787
306,9843
307,9844
212,9917
352,9937
151,9941
152,9942
368,9952
301,9953
369,9953
244,10049
245,10050
153,10091
151,10214
354,10247
355,10248
371,10250
372,10251
373,10252
374,10253
251,10276
365,10278
366,10321
314,10371
315,10372
316,10373
74,10391
75,10392
368,10399
307,10420
304,10430
139,10442
124,10483
177,10484
74,10491
377,10554
516,10582
517,10583
478,10584
479,10585
97,10695
449,10724
383,10775
139,10824
480,10898
516,10912
517,10913
518,10914
247,10934
74,10935
368,10938
247,10955
74,10956
244,11048
304,11057
305,11058
306,11059
75,11308
307,11328
74,11330
125,11385
220,11435
244,11527
137,11528
138,11529
370,11549
247,11553
74,11554
75,11555
368,11635
251,11738
465,11792
247,11798
74,11799
370,11801
371,11802
479,11823
123,11845
244,11899
245,11900
304,11930
380,11973
381,11974
244,12026
50,12055
251,12099
305,12170
365,12183
366,12184
50,12201
377,12219
301,12403
369,12403
440,12458
245,12599
467,12624
456,12626
305,12686
355,12719
306,12759
138,12792
245,12855
246,12856
507,12931
246,12938
138,12978
371,12990
138,13037
184,13057
95,13121
96,13122
247,13150
74,13151
244,13197
481,13227
74,13237
387,13403
264,13424
244,13533
507,13557
508,13558
465,13593
301,13594
369,13594
151,13618
518,13619
230,13716
151,13843
518,13844
465,13887
301,13888
369,13888
262,13936
263,13937
264,13938
434,13947
435,13948
480,13972
315,13985
194,14035
483,14035
368,14039
301,14040
369,14040
370,14041
371,14042
100,14053
304,14073
305,14074
480,14119
355,14143
265,14178
244,14181
244,14195
245,14196
153,14270
154,14271
368,14438
307,14445
377,14465
269,14478
151,14482
247,14491
74,14492
411,14668
153,14731
154,14732
370,14740
519,14743
441,14787
442,14788
364,14857
365,14858
366,14859
367,14860
368,14861
486,14871
366,14878
367,14879
368,14880
184,14896
314,14908
315,14909
519,15157
152,15185
307,15255
262,15265
263,15266
354,15347
74,15369
306,15433
244,15482
95,15483
426,15506
306,15509
307,15510
507,15576
508,15577
399,15642
74,15644
212,15823
244,16060
137,16061
138,16062
75,16133
251,16183
97,16185
75,16236
244,16239
521,16272
177,16279
75,16309
355,16358
501,16428
138,16430
370,16525
371,16526
186,16565
383,16601
381,16653
153,16658
96,16659
97,16660
98,16661
186,16673
194,16681
483,16681
178,16697
151,16714
152,16715
154,16735
365,16736
138,16821
370,16894
371,16895
482,16896
352,17019
371,17048
247,17060
251,17074
245,17096
246,17254
227,17267
227,17278
98,17327
304,17363
247,17386
74,17387
302,17428
158,17534
245,17572
465,17576
245,17663
246,17664
247,17665
74,17666
417,17681
226,17725
244,17749
244,17842
212,17932
244,18003
226,18005
227,18006
263,18041
306,18068
74,18119
227,18131
449,18164
50,18264
138,18312
370,18337
377,18358
247,18376
74,18377
77,18389
425,18418
426,18419
251,18438
244,18511
245,18512
245,18574
186,18585
105,18589
120,18591
366,18608
245,18621
246,18622
263,18634
302,18713
301,18814
369,18814
186,18838
377,18842
73,18901
74,18902
482,18933
151,18945
518,18946
519,18947
331,18957
387,18978
227,19010
228,19011
301,19029
369,19029
370,19030
371,19031
154,19080
517,19126
152,19127
355,19141
244,19189
139,19191
304,19197
436,19372
507,19439
480,19474
481,19475
188,19486
269,19612
251,19615
262,19624
263,19625
75,19641
480,19675
352,19689
366,19719
307,19725
74,19727
263,19748
257,19786
244,19817
137,19818
138,19819
263,19825
304,19833
305,19834
426,19859
230,19893
206,19909
213,19945
377,19949
443,19957
365,19994
366,19995
305,20032
306,20033
307,20034
354,20039
355,20040
478,20051
479,20052
480,20053
174,20068
188,20079
137,20122
436,20149
261,20156
366,20160
307,20166
74,20168
244,20203
245,20204
139,20211
210,20218
139,20221
516,20298
105,20325
527,20361
519,20407
516,20412
517,20413
372,20433
373,20434
507,20534
502,20593
507,20645
506,20699
507,20700
304,20809
364,20851
365,20852
153,20883
154,20884
365,20885
374,20897
375,20898
371,20990
482,20991
377,21014
426,21017
307,21039
262,21079
263,21080
244,21144
95,21145
244,21181
245,21182
244,21346
137,21347
137,21418
138,21419
75,21429
517,21445
518,21446
365,21515
366,21516
367,21517
368,21518
307,21528
354,21536
368,21539
301,21540
369,21540
378,21547
354,21570
314,21616
315,21617
307,21661
354,21722
230,21737
303,21738
304,21778
305,21779
495,21784
95,21789
175,21803
307,21823
507,21861
137,21863
368,21936
301,21937
369,21937
518,22020
251,22030
354,22083
50,22096
245,22107
123,22145
197,22170
175,22184
371,22193
251,22211
252,22212
370,22234
371,22235
250,22238
364,22296
365,22297
366,22298
263,22401
244,22467
261,22487
368,22536
426,22548
74,22693
75,22694
105,22696
284,22728
138,22767
245,22775
244,22865
226,22867
227,22868
197,22869
371,22893
501,22928
517,22953
152,22954
377,22965
305,23000
306,23001
307,23002
74,23004
370,23006
465,23020
174,23033
387,23042
230,23049
303,23050
305,23060
306,23061
307,23062
74,23064
245,23084
123,23169
124,23170
304,23188
354,23211
251,23257
97,23259
98,23260
380,23274
481,23337
74,23346
399,23398
74,23400
216,23477
501,23512
502,23513
503,23514
370,23555
371,23556
306,23613
377,23619
371,23655
260,23661
261,23662
227,23666
426,23682
445,23708
307,23719
74,23721
226,23733
412,23752
377,23796
370,23873
123,23971
517,24014
482,24082
75,24189
305,24278
365,24288
246,24298
305,24341
306,24342
227,24358
119,24382
177,24409
306,24410
507,24419
502,24521
503,24522
366,24543
123,24643
244,24648
245,24649
364,24674
365,24675
366,24676
502,24693
503,24694
306,24737
517,24833
478,24834
479,24835
502,24879
247,24938
74,24939
75,24940
519,24989
247,25046
74,25047
220,25076
105,25086
196,25093
139,25132
478,25171
305,25243
306,25250
77,25276
387,25280
354,25303
355,25304
264,25343
250,25442
244,25443
368,25529
301,25530
369,25530
302,25531
469,25547
377,25597
501,25612
246,25614
469,25636
368,25642
244,25735
264,25797
377,25818
465,25845
305,25870
306,25871
269,25898
370,25945
371,25946
245,25975
307,26058
74,26060
370,26062
507,26091
465,26096
151,26110
364,26149
365,26150
366,26151
367,26152
467,26176
374,26232
354,26300
194,26313
483,26313
195,26314
426,26332
266,26338
304,26373
368,26378
301,26379
369,26379
178,26386
436,26480
303,26514
229,26528
370,26547
517,26550
75,26686
250,26752
244,26753
139,26755
305,26768
186,26775
355,26777
158,26819
124,26844
177,26845
306,26846
441,26879
75,26969
76,26970
469,26971
354,27047
355,27048
244,27061
377,27125
371,27151
441,27155
442,27156
417,27199
244,27233
137,27234
527,27290
151,27358
519,27395
354,27406
355,27407
138,27464
486,27475
455,27565
456,27566
517,27660
152,27661
154,27664
354,27692
355,27693
304,27707
305,27708
306,27709
307,27710
487,27722
262,27744
263,27745
158,27848
354,27898
245,27944
372,28104
174,28147
97,28163
480,28176
355,28181
74,28234
123,28270
507,28289
371,28320
314,28349
315,28350
355,28421
227,28464
517,28533
481,28557
482,28558
377,28671
137,28676
301,28705
369,28705
302,28706
244,28798
306,28836
226,28855
227,28856
264,28951
123,28969
264,28981
158,29095
251,29128
140,29159
301,29168
369,29168
302,29169
302,29228
251,29250
517,29392
119,29436
120,29437
501,29857
507,29955
263,30075
123,30077
124,30078
177,30079
226,30179
528,30244
306,30256
244,30318
137,30319
244,30342
517,30348
152,30349
370,30434
371,30435
246,30442
196,30468
244,30492
517,30551
478,30552
479,30553
517,30586
507,30672
260,30708
368,30805
368,30808
368,30811
301,30812
369,30812
302,30813
530,30853
244,30909
137,30910
365,30936
354,30945
355,30946
158,30949
152,30981
154,31047
365,31048
368,31070
196,31110
213,31117
456,31154
501,31164
230,31171
231,31172
53,31181
54,31182
480,31194
480,31269
481,31270
138,31332
139,31333
370,31356
480,31369
49,31370
264,31372
412,31373
95,31469
119,31661
352,31754
426,31768
377,31811
387,31819
247,31826
74,31827
370,31829
355,31855
371,31857
250,31860
244,31861
245,31862
261,31892
502,31901
260,31998
262,32001
247,32076
74,32077
519,32110
137,32115
355,32127
250,32161
119,32236
368,32253
301,32254
369,32254
377,32260
383,32337
371,32348
247,32376
74,32377
482,32471
305,32549
306,32550
151,32581
184,32693
307,32774
151,32834
518,32835
302,32919
152,32925
246,32927
247,32928
74,32929
120,33024
121,33025
151,33119
152,33120
518,33124
519,33125
302,33159
120,33165
175,33208
377,33281
426,33311
244,33346
517,33357
152,33358
226,33360
227,33361
259,33489
260,33490
517,33722
478,33723
479,33724
374,33767
375,33768
305,33778
306,33779
245,33786
368,33883
301,33884
369,33884
245,33900
306,33909
364,33918
365,33919
105,33930
305,33943
306,33944
262,33973
263,33974
507,33990
479,34131
119,34161
244,34189
137,34190
153,34217
154,34218
365,34219
244,34231
260,34282
507,34327
151,34335
152,34336
138,34338
158,34446
244,34458
245,34459
210,34493
377,34523
377,34575
425,34586
426,34587
427,34588
144,34609
251,34640
355,34668
370,34681
174,34710
251,34731
368,34838
123,34880
518,34975
244,35004
364,35017
354,35026
355,35027
251,35034
97,35036
137,35082
362,35094
371,35159
519,35171
244,35178
465,35209
301,35210
369,35210
370,35211
244,35320
139,35322
507,35331
366,35345
77,35415
355,35435
230,35512
303,35513
314,35586
315,35587
246,35592
244,35616
137,35617
529,35641
479,35653
245,35695
528,35751
260,35772
261,35773
519,35837
507,35850
186,35916
377,35928
229,35934
355,36042
426,36080
365,36110
377,36126
366,36267
367,36268
368,36269
53,36283
315,36342
366,36356
246,36429
307,36442
74,36444
465,36550
364,36613
365,36614
244,36618
245,36619
469,36675
364,36690
495,36706
353,36715
387,36719
371,36724
244,36749
518,36772
479,36805
368,36923
226,36929
227,36930
228,36931
100,37058
251,37070
97,37092
501,37252
487,37340
352,37348
517,37353
152,37354
517,37431
518,37432
517,37478
152,37479
119,37513
333,37530
307,37533
247,37537
175,37547
304,37564
265,37576
264,37583
137,37590
227,37667
244,37683
245,37684
97,37727
306,37804
506,37834
507,37835
226,37843
507,37912
75,37944
251,37995
365,37997
370,38020
251,38028
187,38035
244,38124
245,38125
244,38163
137,38164
519,38189
367,38252
368,38253
301,38254
369,38254
210,38260
211,38261
495,38269
507,38330
137,38391
138,38395
139,38396
519,38434
246,38586
245,38621
246,38622
301,38670
369,38670
315,38741
426,38760
184,38786
521,38843
436,38953
374,38962
375,38963
376,38964
377,38965
517,39064
518,39065
426,39079
519,39105
304,39217
305,39218
306,39219
507,39277
75,39341
507,39379
442,39476
467,39505
197,39538
465,39620
301,39621
369,39621
354,39642
305,39649
306,39650
521,39695
352,39718
120,39730
507,39757
354,39855
355,39856
306,39920
332,40007
307,40093
74,40095
245,40186
244,40206
95,40207
154,40208
365,40209
120,40232
121,40233
411,40234
441,40335
74,40339
75,40340
373,40365
244,40420
245,40421
306,40435
245,40486
228,40607
529,40628
507,40656
144,40678
304,40768
517,40777
426,40798
370,40825
399,40875
304,40882
305,40883
306,40884
377,40921
368,41027
301,41028
369,41028
370,41029
506,41169
151,41231
245,41318
246,41319
456,41349
188,41399
374,41404
377,41410
425,41436
315,41624
317,41704
301,41840
369,41840
479,41849
371,41980
507,41990
250,42028
251,42055
226,42071
370,42157
158,42159
519,42297
251,42361
304,42370
456,42387
216,42510
370,42516
158,42552
152,42667
480,42670
121,42683
411,42684
480,42717
245,42727
262,42780
245,42792
247,42801
74,42802
75,42803
197,42822
184,42875
185,42876
186,42877
506,42891
105,42915
366,42920
367,42921
368,42922
301,42923
369,42923
479,42970
487,42989
123,43134
158,43153
372,43186
373,43187
247,43193
74,43194
75,43195
301,43261
369,43261
186,43278
527,43389
528,43390
529,43391
467,43447
247,43455
74,43456
507,43493
245,43495
245,43530
184,43577
246,43627
247,43628
74,43629
302,43677
354,43696
105,43706
399,43746
478,43877
302,43918
426,44031
151,44087
152,44088
302,44100
507,44181
75,44190
301,44254
369,44254
302,44255
158,44382
197,44469
75,44479
303,44513
479,44523
480,44524
153,44527
304,44636
305,44637
321,44696
534,44727
399,44755
260,44779
261,44780
507,44820
456,44892
377,44944
368,44977
301,44978
369,44978
370,44979
371,44980
250,44983
246,45045
507,45118
260,45141
368,45153
301,45154
369,45154
370,45155
381,45170
251,45229
425,45309
245,45320
244,45440
245,45441
529,45448
530,45449
480,45478
481,45479
178,45537
186,45595
507,45654
449,45682
370,45725
506,45867
507,45868
186,45918
124,45940
177,46026
370,46120
371,46121
354,46190
244,46194
501,46218
139,46220
467,46222
121,46329
411,46330
364,46380
365,46381
366,46382
372,46425
251,46458
506,46510
507,46511
372,46550
158,46596
307,46662
455,46705
377,46797
378,46798
507,46848
508,46849
479,46903
301,47014
369,47014
306,47023
383,47031
528,47083
529,47084
530,47085
244,47133
245,47134
507,47160
480,47180
75,47341
137,47348
138,47349
368,47387
368,47399
301,47400
369,47400
370,47401
230,47534
227,47567
303,47576
196,47583
355,47654
105,47713
212,47801
301,47867
369,47867
370,47868
467,47880
366,47903
379,47927
380,47928
370,48016
507,48126
508,48127
336,48161
245,48210
262,48232
263,48233
507,48330
308,48407
77,48447
377,48563
478,48612
479,48613
151,48630
152,48631
370,48741
366,48811
518,48836
426,48888
228,48974
229,48975
260,48987
153,48992
386,49010
355,49016
365,49071
306,49076
314,49127
315,49128
305,49342
306,49343
245,49348
301,49367
369,49367
370,49368
49,49386
336,49397
383,49404
315,49450
230,49513
303,49514
304,49515
124,49604
244,49611
137,49612
138,49613
355,49630
125,49672
245,49816
302,49822
399,49838
353,49858
377,49862
436,49923
137,49937
465,50115
301,50116
369,50116
479,50137
123,50198
436,50200
307,50251
374,50265
377,50304
519,50433
262,50485
305,50508
366,50605
367,50606
368,50607
250,50635
247,50638
74,50639
501,50644
370,50728
371,50729
361,50793
247,50854
74,50855
264,50948
368,50961
377,51020
378,51021
124,51030
188,51070
260,51130
261,51131
247,51164
74,51165
262,51178
263,51179
261,51195
368,51273
366,51327
367,51328
480,51511
49,51512
158,51513
196,51578
301,51654
369,51654
377,51699
307,51703
370,51722
371,51723
366,51736
366,51836
304,51931
305,51932
74,51944
517,51986
152,51987
426,52142
228,52186
229,52187
383,52247
527,52305
366,52315
517,52381
518,52382
197,52391
519,52427
245,52453
426,52460
333,52530
377,52566
306,52607
387,52618
372,52689
373,52690
374,52691
304,52704
305,52705
100,52712
372,52746
373,52747
374,52748
100,52776
519,52871
306,52888
507,52910
508,52911
307,52932
507,53014
370,53074
456,53111
377,53154
378,53155
425,53186
426,53187
251,53394
372,53455
417,53475
377,53481
49,53534
368,53552
301,53553
369,53553
467,53586
138,53607
306,53614
307,53615
244,53655
137,53656
354,53693
507,53754
371,53790
507,53822
245,53824
354,53834
305,53841
306,53842
230,53849
387,53908
301,53914
369,53914
364,54017
365,54018
108,54086
479,54106
480,54107
481,54108
479,54181
261,54214
75,54326
425,54362
186,54376
355,54378
479,54460
368,54484
244,54488
245,54489
246,54490
247,54491
74,54492
366,54519
367,54520
368,54521
301,54522
369,54522
262,54612
481,54634
252,54711
95,54801
154,54802
75,54820
105,54822
305,54835
306,54836
250,54904
244,54905
245,54906
177,54910
226,54958
119,55015
480,55100
49,55101
50,55102
366,55249
387,55333
417,55383
227,55416
228,55417
354,55441
54,55546
302,55574
441,55644
261,55704
304,55716
244,55737
151,55749
478,55750
507,55772
336,55777
251,55810
365,55812
366,55813
367,55814
368,55815
354,55847
355,55848
377,55872
441,55926
442,55927
377,56010
305,56096
507,56124
364,56148
365,56149
301,56169
369,56169
368,56297
301,56298
369,56298
370,56299
371,56300
213,56317
301,56352
369,56352
302,56353
187,56420
304,56469
305,56470
306,56471
364,56508
365,56509
368,56566
517,56631
244,56640
137,56641
450,56646
227,56654
228,56655
366,56704
137,56759
138,56761
186,56825
528,56907
120,56959
486,56982
247,57016
301,57076
369,57076
370,57077
371,57078
517,57100
478,57101
486,57142
216,57239
246,57298
417,57300
517,57316
518,57317
244,57331
227,57426
304,57453
269,57642
247,57691
74,57692
377,57715
187,57737
188,57738
368,57758
301,57759
369,57759
370,57760
371,57761
244,57817
226,57819
227,57820
74,57831
368,57834
501,57883
244,57890
137,57891
308,57950
228,57973
229,57974
507,58011
129,58025
247,58156
74,58157
244,58175
245,58176
246,58177
521,58198
387,58233
174,58238
75,58248
368,58283
304,58326
305,58327
151,58347
152,58348
265,58362
194,58377
483,58377
195,58378
244,58454
245,58455
506,58507
507,58508
508,58509
507,58530
364,58580
365,58581
371,58611
482,58612
54,58617
377,58620
306,58688
139,58703
506,58718
507,58719
517,58741
478,58742
479,58743
479,58777
376,58843
507,58875
517,58926
518,58927
501,58945
138,58948
154,58969
365,58970
366,58971
367,58972
368,58973
301,58974
369,58974
479,59028
354,59062
354,59162
517,59172
95,59211
96,59212
158,59309
316,59345
247,59403
74,59404
158,59457
212,59515
213,59516
251,59520
212,59601
518,59622
309,59640
340,59689
478,59786
