439,222
62,244
429,254
332,264
299,266
408,285
409,286
417,348
362,355
409,392
472,415
472,454
473,455
474,456
291,531
141,558
201,564
170,591
279,591
280,592
164,648
498,706
407,791
408,792
409,793
317,796
318,797
299,799
262,874
198,939
166,940
199,940
62,941
63,942
162,999
163,1000
257,1028
258,1029
123,1047
332,1063
206,1068
450,1078
358,1111
185,1204
257,1225
277,1237
209,1239
291,1243
450,1289
164,1301
123,1304
188,1310
375,1316
277,1330
84,1367
166,1459
199,1459
200,1460
416,1460
178,1526
179,1527
299,1581
375,1592
376,1593
291,1615
409,1639
450,1689
140,1778
208,1778
141,1779
429,1800
430,1801
431,1802
331,1822
353,1847
223,1850
224,1851
291,1918
104,1930
331,1948
200,2069
416,2069
241,2121
418,2155
429,2158
62,2174
171,2225
257,2234
429,2267
318,2269
258,2271
451,2317
64,2327
106,2342
176,2342
177,2343
291,2350
292,2351
406,2367
316,2369
212,2373
490,2375
124,2386
275,2406
428,2414
429,2415
206,2418
353,2421
431,2434
430,2437
304,2478
319,2494
332,2508
86,2516
318,2523
276,2528
429,2652
165,2756
384,2779
164,2825
318,2826
332,2859
223,2922
224,2923
201,2997
336,3049
375,3059
418,3070
375,3077
376,3117
377,3118
123,3144
124,3145
375,3179
375,3191
358,3265
107,3327
184,3367
430,3403
407,3421
332,3463
200,3560
416,3560
276,3567
169,3602
278,3602
186,3603
187,3604
352,3623
200,3635
416,3635
417,3636
257,3657
439,3680
440,3681
362,3685
106,3703
176,3703
177,3704
303,3706
451,3722
300,3836
375,3886
318,3888
376,3912
377,3943
429,3952
498,3962
418,3970
430,3994
428,4012
429,4103
318,4138
266,4163
257,4193
429,4216
290,4255
361,4255
362,4256
318,4281
299,4282
177,4335
303,4337
164,4349
320,4351
164,4357
165,4358
291,4366
318,4390
291,4407
188,4445
166,4483
199,4483
167,4484
318,4498
198,4500
166,4501
199,4501
167,4502
168,4503
438,4553
123,4634
291,4638
430,4642
358,4739
187,4808
318,4850
198,4851
184,4921
375,4949
318,4951
106,4961
176,4961
107,4962
377,4968
496,4992
276,5009
277,5010
124,5055
376,5103
317,5149
300,5230
382,5419
200,5429
416,5429
201,5430
408,5470
409,5471
469,5476
470,5477
211,5480
164,5497
472,5505
63,5513
277,5524
166,5551
199,5551
62,5552
210,5594
429,5603
377,5605
316,5611
207,5626
140,5627
208,5627
141,5628
332,5660
206,5680
209,5715
207,5758
140,5759
208,5759
141,5760
142,5761
143,5762
430,5788
141,5952
429,6119
430,6120
209,6153
206,6158
207,6159
140,6160
208,6160
209,6161
481,6167
429,6203
63,6286
291,6302
257,6346
375,6386
461,6428
316,6468
126,6474
127,6475
331,6521
107,6579
206,6607
141,6654
478,6690
221,6757
222,6758
125,6784
165,6813
258,6828
257,6873
206,6875
450,6887
299,6896
124,6912
317,6915
124,6953
107,6965
490,7010
491,7011
210,7027
211,7028
277,7123
141,7125
472,7225
257,7237
444,7248
274,7286
275,7287
472,7349
141,7364
294,7466
206,7492
316,7524
141,7545
332,7579
257,7611
353,7617
124,7651
498,7677
302,7698
375,7750
375,7910
317,8013
351,8028
409,8068
469,8073
164,8126
206,8129
316,8192
188,8204
377,8209
206,8220
406,8323
141,8451
166,8545
199,8545
200,8546
416,8546
141,8562
491,8670
481,8693
429,8840
318,8842
206,8878
209,8895
409,8988
498,8996
224,9013
108,9142
109,9143
405,9165
406,9166
332,9237
333,9307
209,9318
63,9321
141,9428
375,9465
417,9477
126,9590
210,9684
124,9698
125,9699
207,9753
140,9754
208,9754
141,9755
141,9765
418,9787
430,9790
430,9823
141,9843
65,9851
331,9903
257,10050
162,10062
384,10065
317,10090
331,10105
277,10114
209,10116
407,10130
408,10131
123,10217
290,10275
361,10275
362,10276
276,10280
170,10432
279,10432
391,10443
107,10455
140,10484
208,10484
209,10485
443,10569
375,10583
474,10618
438,10619
438,10628
177,10647
498,10667
403,10678
122,10715
123,10716
332,10822
164,10857
209,10872
178,10893
179,10894
290,10895
361,10895
200,10898
416,10898
375,10913
376,10914
290,10952
361,10952
162,10979
163,10980
165,10992
141,11059
415,11110
167,11111
142,11217
178,11248
318,11379
206,11383
207,11384
206,11399
170,11459
279,11459
280,11460
290,11495
361,11495
167,11498
168,11499
198,11529
377,11552
462,11665
241,11691
333,11715
104,11731
362,11738
363,11739
408,11781
316,11849
290,11898
361,11898
257,11900
229,11960
188,11963
292,11978
418,12055
292,12074
362,12099
473,12155
209,12171
418,12201
223,12228
123,12231
291,12264
163,12268
318,12324
299,12325
471,12437
472,12438
126,12545
257,12599
258,12600
209,12612
210,12622
211,12623
301,12657
302,12658
331,12679
142,12694
206,12715
141,12759
429,12788
318,12790
198,12792
123,12821
291,12834
257,12855
497,12967
198,12978
332,13035
198,13037
303,13060
304,13061
221,13135
222,13136
353,13143
377,13149
290,13196
361,13196
300,13199
301,13200
302,13201
450,13286
168,13306
169,13307
278,13307
280,13342
167,13382
168,13383
233,13428
206,13522
376,13619
377,13620
209,13625
210,13626
408,13677
210,13691
211,13692
212,13693
210,13698
211,13699
275,13711
276,13712
376,13844
430,13866
450,13929
415,13971
200,13972
416,13972
472,13974
209,14075
290,14116
361,14116
200,14119
416,14119
109,14147
496,14170
179,14179
290,14180
361,14180
257,14196
291,14264
429,14268
178,14302
179,14303
124,14454
277,14456
464,14478
360,14479
336,14508
164,14543
403,14580
177,14596
431,14727
225,14743
277,14849
491,14911
497,14925
332,14962
454,15002
473,15031
302,15135
294,15143
225,15157
353,15238
498,15377
492,15397
491,15418
378,15420
316,15424
141,15433
290,15466
361,15466
334,15484
335,15485
364,15485
434,15495
141,15509
124,15523
179,15527
353,15545
168,15591
210,15600
211,15601
206,15623
365,15642
384,15663
434,15765
303,15797
351,15829
352,15830
408,15879
198,16062
166,16063
199,16063
167,16064
206,16072
124,16082
125,16083
126,16084
290,16182
361,16182
362,16183
206,16277
207,16278
140,16279
208,16279
209,16280
409,16340
206,16399
318,16429
198,16430
107,16440
184,16533
409,16562
164,16657
318,16819
198,16821
316,16866
317,16867
165,16868
352,16891
450,16905
64,16908
472,16983
316,17008
262,17020
263,17021
377,17059
362,17074
363,17075
335,17076
364,17076
257,17096
437,17185
430,17188
385,17219
408,17281
168,17295
276,17344
377,17385
290,17399
361,17399
80,17425
301,17485
257,17572
351,17651
257,17663
165,17724
331,17784
332,17785
474,17886
290,17930
361,17930
211,17990
384,18042
385,18043
277,18066
141,18068
418,18264
430,18267
382,18275
275,18294
206,18304
318,18311
198,18312
166,18313
199,18313
167,18314
470,18343
211,18346
271,18384
362,18438
363,18463
210,18469
290,18510
361,18510
257,18512
352,18540
353,18541
257,18574
124,18582
257,18621
450,18627
491,18820
437,18840
167,18869
106,18913
176,18913
107,18914
384,18919
192,18923
376,18946
225,18947
106,18996
176,18996
107,18997
107,19046
442,19094
277,19101
209,19103
183,19106
375,19126
258,19129
123,19235
406,19260
210,19347
316,19417
211,19468
212,19469
490,19471
415,19473
200,19474
416,19474
498,19556
464,19612
360,19613
290,19614
361,19614
362,19615
185,19627
166,19674
199,19674
200,19675
416,19675
317,19677
165,19678
469,19682
124,19779
104,19790
290,19816
361,19816
198,19819
167,19843
168,19844
336,19887
439,19895
440,19896
177,19910
122,19958
123,19959
124,19960
125,19961
126,19962
491,20005
141,20033
331,20047
200,20053
416,20053
332,20106
299,20124
300,20125
290,20202
361,20202
257,20204
165,20210
255,20218
256,20219
391,20222
489,20230
490,20231
258,20260
104,20275
473,20284
471,20312
472,20313
415,20352
454,20394
225,20407
375,20413
291,20526
123,20545
124,20546
177,20579
124,20601
316,20674
377,20676
164,20709
429,20723
206,20782
242,20855
450,20862
451,20863
164,20882
290,20893
361,20893
403,20933
316,20947
106,21034
176,21034
107,21035
352,21067
164,21092
318,21093
124,21112
125,21113
242,21122
257,21182
209,21219
478,21228
299,21349
300,21350
276,21369
277,21370
198,21419
375,21445
376,21446
353,21603
316,21687
209,21780
164,21845
318,21846
451,21875
376,22020
360,22028
290,22029
361,22029
362,22030
209,22050
210,22051
384,22064
385,22065
478,22077
406,22093
418,22096
430,22099
257,22107
318,22128
123,22131
124,22132
210,22189
211,22190
362,22211
167,22253
358,22322
359,22323
360,22324
498,22349
280,22357
454,22490
407,22522
332,22527
290,22593
361,22593
332,22621
429,22626
438,22635
332,22699
206,22702
198,22767
257,22775
471,22779
291,22794
292,22795
290,22835
361,22835
318,22929
375,22953
318,22955
141,23001
141,23061
257,23084
438,23123
124,23154
86,23195
220,23214
221,23215
222,23216
223,23217
224,23218
124,23251
362,23257
365,23398
331,23411
332,23412
187,23428
473,23519
461,23533
141,23613
429,23663
107,23715
165,23732
124,23783
277,23785
209,23787
223,23799
224,23800
450,23947
451,23948
290,23978
361,23978
318,24000
124,24007
375,24014
406,24079
124,24107
125,24108
126,24109
409,24124
209,24279
332,24296
141,24342
104,24357
291,24394
206,24407
207,24408
140,24409
208,24409
141,24410
450,24466
451,24467
491,24480
317,24520
164,24607
178,24645
179,24646
290,24647
361,24647
257,24649
168,24735
141,24737
161,24773
162,24774
163,24775
434,24787
124,24800
375,24833
167,24836
429,24877
124,24919
277,24921
224,24988
225,24989
318,25005
290,25013
361,25013
290,25043
361,25043
490,25055
391,25133
291,25168
473,25178
124,25205
209,25244
183,25247
184,25248
141,25250
302,25270
276,25284
277,25306
123,25323
302,25344
318,25357
241,25399
164,25404
316,25465
290,25557
361,25557
291,25558
336,25591
406,25689
316,25691
331,25779
332,25780
443,25833
444,25834
141,25871
358,25882
464,25898
360,25899
290,25900
361,25900
290,25941
361,25941
257,25975
177,26019
316,26044
472,26064
473,26065
187,26078
294,26137
211,26175
316,26257
431,26259
409,26382
224,26387
223,26434
105,26437
291,26501
221,26537
177,26539
375,26550
406,26567
277,26615
169,26616
278,26616
186,26617
332,26642
300,26644
331,26731
291,26782
292,26783
140,26845
208,26845
141,26846
302,26906
429,26922
472,27039
473,27040
290,27060
361,27060
275,27119
183,27160
184,27161
183,27189
184,27190
206,27237
178,27249
353,27342
335,27373
364,27373
472,27386
225,27395
206,27455
198,27464
430,27511
80,27620
290,27626
361,27626
375,27660
318,27662
141,27709
125,27782
478,27794
303,27828
304,27829
472,27886
454,27912
257,27944
408,27968
409,27969
358,28014
209,28022
429,28045
224,28064
210,28154
290,28173
361,28173
200,28176
416,28176
277,28183
209,28185
166,28218
199,28218
332,28357
319,28359
408,28441
430,28452
375,28533
490,28619
299,28678
406,28683
430,28776
141,28836
142,28837
143,28838
164,28853
165,28854
318,28878
299,28879
302,28952
498,28957
302,28982
164,29013
473,29051
489,29104
490,29105
318,29120
362,29128
363,29129
335,29130
364,29130
430,29152
358,29211
316,29214
317,29215
206,29218
359,29247
360,29248
290,29249
361,29249
362,29250
292,29368
375,29392
123,29465
124,29466
210,29486
142,29596
291,29611
104,29617
325,29652
318,29698
334,29700
430,29710
316,29729
317,29740
165,29741
318,29774
299,29776
170,29803
279,29803
318,29858
299,29859
300,29860
107,29951
335,29967
364,29967
336,29968
332,29999
140,30079
208,30079
209,30080
491,30093
144,30096
145,30097
202,30135
453,30135
64,30161
165,30178
291,30217
141,30256
375,30348
187,30369
351,30477
123,30495
124,30496
375,30551
62,30554
469,30567
470,30568
375,30586
302,30626
142,30665
498,30713
317,30755
294,30793
478,30816
262,30904
430,30978
318,30982
299,30983
318,31045
318,31165
476,31173
200,31194
416,31194
200,31269
416,31269
124,31280
318,31330
198,31332
391,31334
430,31363
293,31365
200,31369
416,31369
417,31370
178,31389
179,31390
290,31391
361,31391
290,31402
361,31402
291,31403
292,31404
317,31490
165,31491
210,31626
211,31627
212,31628
332,31663
299,31665
223,31695
224,31696
301,31711
302,31712
257,31862
164,31900
183,31923
491,31952
430,31957
430,31990
377,32075
162,32107
163,32108
225,32110
490,32157
291,32162
292,32163
316,32225
123,32250
336,32268
209,32275
488,32296
489,32297
490,32298
415,32368
377,32375
161,32393
162,32394
163,32395
430,32452
290,32478
361,32478
371,32522
141,32550
409,32587
202,32590
453,32590
336,32592
332,32648
210,32664
211,32665
212,32666
315,32676
437,32684
438,32685
224,32709
401,32723
402,32724
206,32799
442,32804
376,32835
206,32837
293,32883
209,32899
332,32908
430,32922
429,32984
166,32995
199,32995
211,33059
188,33094
179,33116
376,33124
225,33125
444,33161
162,33305
375,33357
165,33359
316,33364
165,33505
107,33513
496,33516
107,33520
384,33548
498,33576
123,33674
124,33675
358,33687
316,33690
84,33709
375,33722
141,33779
142,33780
257,33786
394,33823
126,33886
257,33900
141,33909
141,33944
106,34038
176,34038
107,34039
108,34040
109,34041
164,34069
188,34077
429,34098
318,34100
299,34101
409,34120
62,34132
290,34188
361,34188
317,34216
473,34246
164,34254
165,34255
406,34264
407,34265
429,34285
318,34287
318,34337
198,34338
166,34339
199,34339
290,34457
361,34457
257,34459
187,34466
255,34493
142,34527
302,34572
185,34594
489,34630
362,34640
363,34641
293,34685
377,34704
290,34730
361,34730
362,34731
363,34732
335,34733
364,34733
409,34749
406,34794
384,34798
360,34810
454,34822
184,34842
209,34844
277,34903
442,34968
376,34975
362,35034
299,35084
377,35096
276,35133
489,35137
490,35138
225,35171
317,35237
336,35301
292,35338
498,35369
450,35378
489,35404
490,35405
429,35426
224,35431
107,35456
209,35550
126,35598
471,35626
257,35695
301,35744
302,35745
491,35757
206,35759
429,35774
125,35829
163,35835
225,35837
123,35878
498,35888
408,35924
409,35925
358,35932
185,36016
80,36020
206,36038
209,36071
123,36090
124,36091
125,36092
276,36112
346,36114
223,36129
280,36156
318,36199
258,36203
142,36207
224,36212
415,36247
167,36248
168,36249
107,36288
491,36344
363,36379
491,36495
206,36497
291,36554
223,36611
257,36619
429,36701
320,36751
430,36769
376,36772
62,36806
63,36807
64,36808
65,36809
291,36835
202,36858
453,36858
489,36933
210,36967
211,36968
212,36969
292,37007
293,37008
122,37011
123,37012
124,37013
362,37070
363,37071
210,37081
211,37082
317,37128
488,37181
430,37230
318,37253
375,37353
318,37355
429,37417
375,37431
376,37432
375,37478
291,37526
292,37527
334,37593
335,37594
364,37594
171,37620
353,37652
257,37684
429,37718
141,37804
384,37822
358,37902
316,37905
320,37961
209,37986
362,37995
362,38028
491,38051
429,38069
454,38106
179,38122
290,38123
361,38123
257,38125
280,38143
258,38150
225,38189
162,38229
255,38260
210,38384
198,38395
212,38398
223,38432
224,38433
225,38434
125,38442
385,38457
316,38538
377,38540
317,38584
378,38587
257,38621
126,38672
385,38687
124,38776
169,38788
278,38788
223,38851
438,38863
474,38894
438,38895
301,38925
302,38926
353,38971
490,39033
491,39034
375,39064
376,39065
225,39105
351,39161
141,39219
142,39220
184,39229
290,39318
361,39318
210,39503
211,39504
104,39521
164,39544
224,39597
290,39612
361,39612
141,39650
476,39670
224,39826
141,39920
316,39966
377,39968
377,40140
378,40141
257,40186
377,40198
188,40244
302,40249
434,40253
317,40279
206,40306
179,40418
290,40419
361,40419
257,40421
162,40430
141,40435
257,40486
258,40578
336,40587
123,40635
124,40636
209,40666
498,40734
317,40737
165,40738
490,40758
375,40777
332,40784
123,40788
124,40789
365,40875
141,40884
184,40980
472,41031
473,41032
206,41184
170,41201
279,41201
179,41228
207,41245
124,41259
125,41260
318,41292
257,41318
436,41371
415,41381
62,41382
162,41430
408,41460
409,41461
476,41464
301,41499
302,41500
490,41553
166,41556
199,41556
336,41599
415,41627
167,41628
290,41634
361,41634
167,41637
168,41638
166,41685
199,41685
62,41686
336,41706
164,41742
167,41850
142,41940
291,42029
362,42055
164,42069
165,42070
125,42091
210,42103
498,42187
303,42191
221,42293
222,42294
223,42295
224,42296
225,42297
352,42304
353,42305
471,42356
472,42357
362,42361
184,42406
124,42425
125,42426
124,42580
409,42625
444,42631
472,42660
291,42664
165,42668
166,42669
199,42669
200,42670
416,42670
430,42677
302,42685
264,42691
351,42696
290,42714
361,42714
200,42717
416,42717
257,42727
257,42792
206,42794
316,42798
377,42800
280,42851
206,42882
408,42903
142,42954
62,42971
125,42985
126,42986
184,43011
382,43122
294,43125
498,43174
385,43205
124,43220
415,43334
210,43445
211,43446
257,43495
142,43499
257,43530
408,43560
409,43561
62,43584
406,43622
316,43624
317,43625
437,43689
365,43746
188,43776
473,43836
474,43837
104,43928
406,44043
202,44046
453,44046
165,44089
166,44090
199,44090
300,44105
385,44119
408,44151
409,44152
352,44276
353,44277
107,44289
62,44413
200,44524
416,44524
317,44526
126,44565
481,44625
124,44739
365,44755
429,44781
223,44809
124,44839
498,44886
276,44959
142,45000
430,45079
294,45134
209,45183
474,45215
438,45216
362,45229
257,45320
291,45335
292,45336
221,45374
222,45375
430,45411
257,45441
408,45465
200,45478
416,45478
168,45482
408,45591
409,45592
332,45667
202,45727
453,45727
454,45728
331,45785
332,45786
498,45810
317,45982
116,45986
124,46000
140,46026
208,46026
358,46046
409,46075
187,46113
206,46136
207,46137
165,46219
396,46224
206,46253
221,46282
222,46283
362,46458
124,46484
125,46485
302,46623
469,46629
470,46630
408,46652
429,46733
498,46778
490,46877
415,46879
167,46880
168,46881
469,46929
277,47021
141,47023
209,47063
209,47091
257,47134
415,47179
200,47180
416,47180
352,47273
142,47309
198,47349
166,47350
199,47350
167,47351
241,47497
242,47498
80,47541
316,47570
123,47573
124,47574
358,47595
409,47634
472,47657
473,47658
152,47705
241,47756
428,47791
429,47792
430,47816
206,47845
210,47878
211,47879
164,47918
210,48007
164,48149
300,48151
384,48173
257,48210
294,48286
224,48304
363,48322
335,48323
364,48323
292,48332
300,48344
206,48389
471,48512
429,48608
430,48609
318,48632
264,48693
291,48833
376,48836
472,48983
429,48990
168,49002
408,49007
276,49073
277,49074
141,49076
320,49092
438,49118
276,49154
469,49164
141,49343
257,49348
290,49352
361,49352
290,49379
361,49379
417,49386
415,49453
167,49454
275,49464
206,49509
472,49529
164,49551
384,49572
186,49606
358,49607
359,49608
360,49609
290,49610
361,49610
198,49613
207,49671
290,49718
361,49718
473,49755
474,49756
438,49757
434,49759
209,49779
220,49811
257,49816
430,49825
202,49836
453,49836
365,49838
475,49850
476,49851
436,49859
437,49860
126,49895
177,49922
124,49981
442,49997
476,50004
358,50009
490,50055
491,50056
301,50071
302,50072
300,50093
429,50126
62,50138
472,50142
384,50160
385,50161
331,50208
290,50231
361,50231
206,50293
225,50433
428,50484
476,50556
318,50645
258,50647
207,50682
178,50685
179,50686
290,50687
361,50687
291,50688
80,50725
472,50752
80,50781
63,50844
164,50886
126,50910
315,50926
382,50946
383,50947
396,51053
415,51063
429,51132
384,51180
438,51341
471,51371
317,51482
165,51483
166,51484
199,51484
167,51485
200,51511
416,51511
417,51512
276,51523
316,51554
184,51565
209,51567
210,51568
223,51606
381,51648
382,51649
476,51684
473,51745
408,51797
409,51798
377,51880
374,51983
374,51985
375,51986
206,51990
302,52011
183,52116
185,52148
439,52158
331,52162
332,52163
80,52269
351,52369
375,52381
376,52382
80,52388
124,52418
125,52419
225,52427
257,52453
185,52467
210,52492
162,52525
162,52538
163,52539
141,52607
124,52613
125,52614
167,52639
164,52647
301,52685
302,52686
209,52706
162,52868
163,52869
225,52871
141,52888
292,52898
142,52950
123,52977
124,52978
125,52979
126,52980
430,53022
429,53105
107,53144
107,53291
108,53292
358,53390
359,53391
360,53392
290,53393
361,53393
362,53394
123,53469
290,53515
361,53515
124,53521
417,53534
210,53584
211,53585
164,53604
318,53605
198,53607
166,53608
199,53608
62,53609
141,53614
290,53654
361,53654
319,53657
384,53662
385,53663
123,53729
206,53734
303,53737
291,53817
257,53824
141,53842
211,53888
212,53889
473,53940
183,54034
185,54077
473,54102
200,54107
416,54107
450,54154
429,54215
476,54237
475,54416
476,54417
126,54451
257,54489
428,54611
209,54631
332,54658
206,54661
351,54685
141,54836
142,54837
429,54859
206,54863
257,54906
206,54908
207,54909
140,54910
208,54910
209,54911
164,54956
165,54957
271,54968
489,54985
490,54986
351,55037
358,55043
359,55044
360,55045
290,55046
361,55046
200,55100
416,55100
417,55101
418,55102
438,55118
335,55134
364,55134
471,55147
472,55148
473,55149
474,55150
475,55151
476,55152
487,55158
391,55164
491,55188
291,55339
292,55340
478,55621
429,55705
377,55707
206,55711
487,55806
362,55810
358,55826
325,55904
454,55919
124,56023
125,56024
164,56055
209,56097
491,56103
206,56155
207,56156
186,56158
396,56204
141,56471
142,56472
316,56506
384,56532
276,56540
276,56548
302,56571
358,56621
359,56622
360,56623
375,56631
406,56669
187,56744
198,56761
429,56768
301,56787
302,56788
437,56827
316,56876
377,56878
469,56943
470,56944
291,56964
377,57012
375,57100
471,57164
472,57165
473,57166
469,57198
408,57215
409,57216
476,57219
375,57316
376,57317
183,57407
164,57503
206,57506
183,57542
184,57543
124,57548
317,57580
464,57642
360,57643
302,57647
377,57690
317,57709
224,57774
472,57780
473,57781
331,57863
332,57864
472,57872
165,57884
299,57892
472,57914
473,57915
474,57916
353,57971
257,58176
407,58294
408,58295
209,58328
179,58363
224,58411
257,58455
104,58510
116,58541
124,58595
124,58609
141,58688
391,58704
164,58710
318,58711
299,58712
300,58713
123,58722
124,58723
375,58741
167,58744
315,58760
167,58778
375,58926
376,58927
318,58946
198,58948
166,58949
199,58949
291,58959
292,58960
332,58967
333,58968
375,59172
491,59226
206,59228
223,59251
224,59252
472,59317
377,59402
381,59421
382,59422
317,59436
290,59519
361,59519
362,59520
291,59562
292,59563
291,59619
376,59622
408,59648
276,59664
316,59702
454,59754
332,59782
