74,48
489,130
324,134
421,160
422,161
284,263
302,266
466,367
467,368
468,368
467,369
468,369
467,370
468,370
95,511
190,524
195,573
196,574
321,606
446,626
321,640
255,648
303,650
304,651
190,654
94,765
467,798
468,798
302,799
466,936
467,937
468,937
467,938
468,938
195,979
465,1027
274,1028
257,1029
275,1029
467,1065
468,1065
446,1109
274,1225
244,1246
254,1300
369,1300
255,1301
193,1364
190,1383
189,1400
476,1448
465,1480
466,1481
93,1571
94,1572
465,1579
466,1580
302,1581
489,1599
195,1653
196,1654
489,1668
303,1727
312,1850
466,1876
343,1885
94,1887
73,1889
304,1920
308,2001
94,2073
316,2075
472,2078
244,2086
465,2198
466,2199
467,2200
468,2200
474,2205
193,2212
74,2230
465,2233
274,2234
257,2271
275,2271
466,2277
467,2278
468,2278
467,2279
468,2279
314,2371
256,2474
467,2489
468,2489
467,2490
468,2490
467,2491
468,2491
467,2492
468,2492
467,2493
468,2493
93,2512
94,2513
108,2568
304,2577
195,2598
452,2658
75,2660
196,2737
92,2740
256,2772
489,2820
368,2823
254,2824
369,2824
255,2825
73,2882
422,2889
312,2922
317,2981
190,2994
316,3024
371,3061
149,3111
423,3118
71,3121
465,3141
195,3147
314,3193
72,3194
152,3327
256,3332
321,3346
317,3352
475,3433
467,3465
468,3465
467,3466
468,3466
467,3467
468,3467
465,3477
71,3526
107,3536
108,3537
479,3579
189,3584
274,3657
190,3714
465,3834
256,3843
411,3874
412,3875
324,3906
423,3943
489,4038
195,4074
196,4075
92,4126
93,4127
94,4128
316,4130
467,4139
468,4139
108,4167
274,4193
194,4249
302,4282
368,4347
254,4348
369,4348
255,4349
255,4357
304,4368
465,4379
489,4424
400,4486
467,4499
468,4499
189,4600
446,4737
370,4797
314,4798
72,4799
218,4830
152,4962
423,4968
76,5027
317,5053
284,5061
92,5068
93,5069
94,5070
94,5145
489,5244
422,5271
105,5278
387,5278
388,5279
92,5440
93,5441
94,5442
192,5480
255,5497
256,5498
304,5559
95,5563
191,5594
423,5605
422,5612
282,5629
305,5638
201,5669
74,5728
75,5729
313,5737
321,5756
129,5856
94,5919
256,5933
92,6076
189,6282
190,6283
218,6327
274,6346
463,6360
464,6361
465,6362
466,6363
467,6364
468,6364
256,6410
422,6448
152,6579
97,6641
98,6642
345,6657
195,6711
92,6737
343,6748
453,6754
454,6755
455,6756
456,6757
165,6770
166,6771
298,6824
299,6825
300,6826
257,6828
275,6828
232,6835
233,6836
274,6873
302,6896
256,6916
311,6923
351,6951
430,6951
152,6965
98,7006
191,7027
192,7028
444,7039
108,7080
281,7137
465,7236
274,7237
281,7338
280,7367
73,7460
74,7461
74,7486
256,7520
422,7525
446,7535
475,7540
94,7548
85,7556
189,7604
274,7611
281,7656
94,7740
321,7746
256,7752
254,7842
369,7842
489,7875
280,7987
281,7988
93,7997
94,7998
195,8001
196,8002
489,8046
465,8109
303,8111
304,8112
255,8126
256,8127
422,8193
423,8209
93,8210
94,8211
422,8218
324,8275
251,8280
489,8358
96,8387
97,8388
98,8389
475,8512
95,8518
474,8556
475,8557
281,8579
103,8626
364,8797
195,8928
195,8937
429,9020
428,9038
282,9040
455,9074
164,9165
313,9205
74,9226
303,9239
304,9240
108,9258
284,9271
218,9333
232,9394
233,9395
190,9408
196,9412
197,9413
73,9416
454,9435
108,9445
103,9500
490,9502
452,9530
188,9565
189,9566
316,9581
317,9582
321,9641
195,9665
191,9684
321,9733
103,9761
195,9777
103,9867
80,9935
244,9980
321,9985
388,10039
465,10049
274,10050
92,10147
311,10205
195,10250
94,10391
95,10392
96,10393
310,10444
311,10445
152,10455
489,10473
94,10491
200,10600
201,10601
190,10632
489,10656
453,10673
285,10693
489,10731
255,10857
256,10858
92,10933
93,10934
94,10935
93,10955
94,10956
189,11017
244,11026
465,11048
201,11099
364,11275
95,11308
94,11330
467,11380
468,11380
465,11527
466,11528
422,11551
423,11552
93,11553
94,11554
95,11555
324,11574
321,11591
71,11695
118,11701
444,11771
335,11775
93,11798
94,11799
195,11802
422,11850
321,11868
465,11899
274,11900
465,12026
256,12059
256,12205
422,12213
312,12228
302,12325
282,12354
73,12544
467,12550
468,12550
422,12573
281,12594
274,12599
257,12600
275,12600
280,12602
311,12620
191,12622
192,12623
244,12690
74,12721
96,12766
467,12791
468,12791
274,12855
74,12898
256,12937
195,12990
97,12998
98,12999
456,13135
423,13149
93,13150
94,13151
73,13153
190,13167
465,13197
94,13237
74,13327
75,13328
427,13367
149,13517
465,13533
423,13620
191,13626
310,13628
311,13629
191,13691
192,13692
191,13698
192,13699
412,13709
388,13719
244,13735
189,13882
73,13889
92,13893
276,13900
190,13920
453,13931
335,13986
336,13987
197,14035
195,14042
73,14134
74,14135
475,14156
165,14174
465,14181
465,14195
274,14196
283,14237
244,14257
316,14291
73,14363
103,14374
320,14392
93,14491
94,14492
73,14494
118,14533
255,14543
256,14544
428,14587
432,14650
335,14658
335,14666
244,14689
422,14742
489,14900
103,14953
409,14971
253,14999
108,15047
280,15079
190,15110
303,15187
304,15188
218,15213
339,15366
94,15369
73,15371
424,15420
345,15421
422,15425
234,15479
465,15482
105,15494
387,15494
143,15512
363,15563
191,15600
192,15601
189,15610
94,15644
189,15651
73,15724
105,15764
387,15764
189,15885
282,15887
92,15906
454,15917
444,15920
311,16054
465,16060
466,16061
95,16133
371,16177
372,16178
189,16189
95,16236
465,16239
244,16266
95,16309
280,16353
281,16354
152,16440
73,16479
75,16483
195,16526
103,16549
363,16652
254,16656
369,16656
255,16657
197,16681
256,16699
256,16716
283,16741
324,16793
467,16820
468,16820
371,16839
195,16895
196,16896
276,16900
320,16924
321,16925
490,16928
420,16981
422,17009
195,17048
423,17059
93,17060
189,17083
190,17084
273,17095
274,17096
108,17124
313,17276
410,17324
422,17336
422,17384
423,17385
93,17386
94,17387
321,17504
274,17572
422,17588
274,17663
93,17665
94,17666
465,17749
465,17842
103,17914
192,17990
465,18003
256,18017
370,18062
314,18063
72,18064
282,18069
410,18083
94,18119
489,18233
108,18323
303,18331
304,18332
192,18346
93,18376
94,18377
454,18393
191,18469
465,18511
274,18512
370,18529
314,18530
72,18531
73,18532
274,18574
274,18621
139,18636
189,18643
119,18728
459,18729
92,18762
285,18775
218,18867
421,18884
422,18885
94,18902
152,18914
196,18933
489,18950
152,18997
195,19031
152,19046
454,19056
256,19128
257,19129
275,19129
276,19130
465,19189
284,19205
475,19344
191,19347
422,19392
422,19418
192,19468
72,19511
73,19512
74,19558
351,19573
430,19573
244,19610
95,19641
489,19697
94,19727
465,19817
466,19818
351,19836
430,19836
108,19907
317,20014
256,20021
489,20102
280,20115
281,20116
466,20122
467,20123
468,20123
302,20124
94,20168
465,20203
274,20204
137,20239
257,20260
275,20260
444,20308
285,20328
286,20329
363,20365
422,20406
92,20514
371,20573
168,20636
189,20651
422,20675
423,20676
311,20689
255,20709
256,20710
254,20849
369,20849
255,20882
388,20901
321,20914
421,20926
88,20942
489,20954
195,20990
196,20991
307,21031
152,21035
281,21038
255,21092
74,21114
465,21144
465,21181
274,21182
422,21245
465,21346
466,21347
467,21348
468,21348
302,21349
317,21385
466,21418
95,21429
281,21479
370,21485
316,21520
321,21599
103,21815
79,21835
254,21844
369,21844
255,21845
466,21863
475,21916
190,22041
191,22051
274,22107
469,22129
191,22189
192,22190
193,22191
194,22192
195,22193
308,22232
195,22235
218,22251
335,22273
336,22274
97,22284
317,22300
446,22320
190,22338
308,22410
465,22467
337,22500
244,22501
74,22562
75,22563
276,22649
94,22693
95,22694
108,22710
217,22764
274,22775
314,22809
465,22865
195,22893
321,22897
315,22920
94,23004
189,23034
94,23064
274,23084
244,23106
388,23125
297,23146
108,23148
351,23152
430,23152
456,23215
312,23217
351,23249
430,23249
94,23346
94,23400
490,23508
470,23514
195,23556
195,23655
152,23715
281,23718
94,23721
321,23742
72,23768
73,23769
312,23799
252,23825
188,23840
189,23841
325,23860
207,23904
208,23905
371,24033
422,24045
196,24082
208,24112
95,24189
96,24190
254,24310
369,24310
310,24337
244,24399
470,24522
244,24558
76,24575
280,24592
281,24593
217,24597
255,24607
108,24636
465,24648
274,24649
470,24694
244,24779
105,24786
387,24786
136,24848
137,24849
190,24927
92,24937
93,24938
94,24939
95,24940
256,24950
189,24986
467,25006
468,25006
467,25007
468,25007
93,25046
94,25047
489,25074
256,25103
316,25299
253,25402
254,25403
369,25403
255,25404
465,25443
256,25613
201,25668
465,25735
364,25839
446,25853
74,25857
72,25944
195,25946
274,25975
73,25990
94,26060
445,26075
446,26076
189,26130
475,26154
321,26162
192,26175
489,26275
489,26282
197,26313
72,26354
73,26355
343,26421
312,26434
313,26435
476,26438
428,26460
456,26537
95,26686
321,26695
322,26696
465,26753
74,26779
96,26808
475,26870
476,26871
148,26882
95,26969
465,27061
371,27083
189,27140
195,27151
97,27169
465,27233
466,27234
253,27253
314,27312
193,27314
254,27333
369,27333
285,27371
286,27372
276,27396
256,27453
97,27561
98,27562
388,27644
317,27698
280,27767
281,27768
244,27774
74,27783
274,27944
92,27989
345,27998
217,28030
280,28062
189,28148
280,28152
191,28154
316,28192
94,28234
195,28320
321,28345
322,28346
284,28356
489,28407
77,28445
304,28536
196,28558
108,28600
303,28622
304,28623
466,28676
467,28677
468,28677
302,28678
282,28729
465,28798
303,28800
255,28853
302,28879
244,28882
300,28894
97,28926
280,28948
255,29013
469,29121
71,29158
218,29177
208,29182
256,29216
191,29486
422,29552
284,29555
324,29626
321,29683
422,29751
321,29759
282,29766
467,29775
468,29775
302,29776
280,29812
321,29820
302,29859
152,29951
285,29965
286,29966
280,29984
316,30032
452,30039
149,30054
483,30066
102,30101
103,30102
370,30123
314,30124
74,30160
256,30195
189,30276
422,30283
317,30304
465,30318
466,30319
467,30320
468,30320
467,30321
468,30321
465,30342
256,30350
445,30405
446,30406
195,30435
465,30492
194,30548
409,30601
73,30724
321,30735
465,30909
466,30910
467,30911
468,30911
467,30912
468,30912
254,30970
369,30970
302,30983
316,31034
412,31078
467,31166
468,31166
218,31192
421,31246
190,31256
467,31331
468,31331
422,31358
321,31383
191,31626
192,31627
280,31644
281,31645
302,31665
303,31666
150,31693
312,31695
284,31699
190,31730
370,31742
256,31788
139,31794
92,31825
93,31826
94,31827
195,31857
465,31861
274,31862
92,31880
255,31900
230,32010
489,32030
422,32062
423,32075
93,32076
94,32077
466,32115
467,32116
468,32116
324,32180
422,32226
314,32280
73,32328
454,32330
195,32348
422,32374
423,32375
93,32376
94,32377
196,32471
280,32553
281,32554
323,32574
191,32664
192,32665
189,32707
311,32737
351,32739
430,32739
85,32791
256,32926
93,32928
94,32929
192,33059
281,33133
316,33224
321,33254
465,33346
256,33380
189,33441
105,33463
387,33463
324,33472
152,33513
324,33517
152,33520
454,33527
74,33578
72,33665
73,33666
480,33678
74,33711
321,33742
274,33786
256,33791
190,33857
139,33875
73,33885
274,33900
280,33912
280,33956
152,34039
255,34069
256,34070
302,34101
422,34136
388,34142
465,34189
466,34190
467,34191
468,34191
465,34231
303,34233
255,34254
165,34348
351,34432
430,34432
465,34458
274,34459
308,34554
254,34650
369,34650
422,34703
423,34704
489,34724
490,34725
491,34726
190,34755
321,34937
465,35004
466,35082
467,35083
468,35083
302,35084
423,35096
195,35159
465,35178
280,35204
281,35205
422,35213
256,35238
465,35320
151,35455
152,35456
465,35616
466,35617
282,35664
208,35686
274,35695
232,35749
96,35770
74,35830
244,35899
143,35909
446,35930
370,35986
314,35987
73,36023
363,36033
190,36057
74,36093
217,36116
312,36129
80,36178
467,36200
468,36200
467,36201
468,36201
257,36203
275,36203
280,36205
281,36206
323,36220
324,36221
152,36288
256,36350
256,36428
94,36444
232,36517
233,36518
321,36522
312,36611
465,36618
274,36619
280,36646
281,36647
195,36724
280,36739
281,36740
465,36749
308,36797
284,36823
314,36920
315,36921
191,36967
192,36968
244,37021
280,37060
281,37061
191,37081
192,37082
193,37083
194,37084
256,37129
190,37205
244,37219
320,37319
321,37320
232,37378
137,37495
311,37531
93,37537
466,37590
467,37591
468,37591
489,37610
465,37683
274,37684
254,37724
369,37724
370,37739
103,37855
280,37867
410,37897
95,37944
244,37949
245,37950
308,38018
422,38092
465,38124
274,38125
256,38149
257,38150
275,38150
280,38152
281,38153
465,38163
466,38164
467,38165
468,38165
316,38240
256,38326
191,38384
466,38391
467,38392
468,38392
467,38393
468,38393
467,38394
468,38394
136,38409
137,38410
312,38432
119,38437
459,38438
422,38539
423,38540
280,38558
281,38559
256,38585
424,38587
345,38588
274,38621
73,38671
208,38798
312,38851
453,38899
454,38900
189,38904
190,38905
95,39341
371,39398
191,39503
192,39504
255,39544
280,39653
489,39682
308,39765
321,39823
208,39833
226,39869
321,39934
422,39967
423,39968
190,39982
217,40017
94,40095
489,40101
423,40140
424,40141
345,40142
166,40148
274,40186
423,40198
465,40206
409,40254
410,40255
232,40274
233,40275
256,40280
339,40336
94,40339
95,40340
321,40361
465,40420
274,40421
230,40458
190,40477
274,40486
317,40497
257,40578
275,40578
139,40660
476,40669
489,40749
469,40786
280,40847
311,40931
80,40955
231,41115
274,41318
233,41493
446,41530
371,41539
194,41663
314,41666
193,41668
194,41669
321,41671
71,41719
255,41742
256,41743
218,41806
256,41903
321,41917
422,41925
195,41980
422,42017
255,42069
191,42103
422,42109
98,42179
321,42214
456,42293
312,42295
118,42326
422,42349
217,42415
351,42423
430,42423
140,42468
314,42530
193,42532
108,42573
137,42593
444,42606
253,42635
254,42636
369,42636
274,42727
274,42792
422,42799
423,42800
93,42801
94,42802
95,42803
321,42817
489,42862
351,42911
430,42911
73,42924
454,42926
422,43177
93,43193
94,43194
95,43195
96,43196
321,43255
422,43383
191,43445
192,43446
92,43454
93,43455
94,43456
274,43495
489,43525
274,43530
314,43539
256,43626
93,43628
94,43629
280,43637
281,43638
282,43639
232,43766
233,43767
73,43911
232,44078
95,44190
218,44195
152,44289
305,44422
73,44433
95,44479
73,44564
312,44809
92,44881
489,44898
195,44980
189,45031
256,45044
226,45100
256,45107
363,45169
274,45320
456,45374
74,45391
207,45430
208,45431
465,45440
274,45441
189,45469
351,45471
430,45471
256,45539
226,45541
489,45564
321,45586
189,45617
308,45723
410,45856
256,45983
73,45993
256,46061
195,46121
273,46159
465,46194
73,46247
74,46248
233,46275
456,46282
72,46346
73,46347
74,46476
73,46613
321,46632
188,46642
189,46656
280,46660
281,46661
232,46711
230,46724
422,46747
74,46780
452,46790
334,46807
103,46843
282,47024
351,47122
430,47122
465,47133
274,47134
388,47149
422,47182
364,47193
189,47252
282,47254
73,47276
190,47313
95,47341
273,47347
466,47348
244,47591
304,47703
321,47823
256,47843
73,47851
74,47852
324,47857
189,47876
190,47877
191,47878
192,47879
317,47905
254,47917
369,47917
255,47918
256,47919
321,47967
191,48007
310,48009
256,48116
422,48138
255,48149
274,48210
324,48294
188,48301
189,48302
256,48314
422,48387
345,48408
281,48462
320,48599
321,48600
308,48739
422,48783
321,48794
188,48844
189,48845
218,48876
489,48903
321,48934
335,49129
74,49174
321,49246
489,49340
274,49348
308,49391
422,49430
188,49493
189,49494
189,49522
255,49551
256,49552
285,49593
465,49611
466,49612
422,49619
409,49760
189,49805
274,49816
273,49936
466,49937
317,49979
446,50007
370,50015
256,50080
370,50136
280,50185
281,50186
321,50268
80,50377
106,50392
107,50393
108,50394
422,50432
280,50435
281,50436
281,50453
282,50454
218,50461
232,50470
334,50593
93,50638
94,50639
257,50647
275,50647
280,50649
195,50729
401,50792
92,50806
321,50820
93,50854
94,50855
255,50886
256,50887
280,50998
324,51005
371,51087
93,51164
94,51165
73,51415
489,51440
218,51509
321,51540
322,51541
422,51555
191,51568
312,51606
194,51709
195,51723
232,51760
282,51857
422,51879
423,51880
489,51923
94,51944
368,51979
256,51988
476,52045
283,52087
455,52151
189,52173
189,52182
190,52183
317,52281
409,52403
280,52429
281,52430
274,52453
191,52492
311,52531
351,52611
430,52611
74,52615
218,52637
255,52647
280,52714
281,52715
282,52716
283,52717
284,52718
285,52719
135,52724
136,52725
137,52726
422,52801
489,52830
244,52880
135,52883
136,52884
137,52885
298,52972
299,52973
300,52974
188,52999
189,53000
280,53038
324,53067
321,53076
454,53083
455,53084
152,53144
335,53181
489,53216
300,53229
152,53291
244,53450
92,53473
191,53584
192,53585
255,53604
467,53606
468,53606
465,53655
466,53656
355,53688
195,53790
274,53824
192,53888
322,53896
323,53897
324,53898
73,53915
74,53916
453,53933
321,54054
371,54130
73,54141
454,54143
455,54144
272,54308
273,54309
95,54326
308,54342
208,54403
232,54445
465,54488
274,54489
93,54491
94,54492
103,54535
74,54559
321,54579
103,54587
422,54703
321,54723
95,54820
489,54833
256,54861
314,54872
72,54873
371,54882
218,54901
465,54905
274,54906
255,54956
72,54980
139,54990
256,55064
308,55076
232,55093
233,55094
234,55095
190,55259
189,55362
280,55373
218,55414
256,55457
320,55523
194,55547
422,55549
321,55608
423,55707
256,55730
465,55737
314,55751
489,55760
97,55945
255,56055
256,56056
244,56110
422,56153
314,56210
72,56211
280,56257
195,56300
165,56307
166,56308
283,56434
446,56458
465,56640
466,56641
321,56672
446,56724
445,56738
446,56739
446,56742
466,56759
467,56760
468,56760
282,56853
194,56858
321,56860
422,56877
423,56878
232,56905
423,57012
93,57016
321,57051
323,57068
195,57078
422,57093
371,57102
489,57182
467,57296
468,57296
465,57331
370,57483
314,57484
317,57488
255,57503
256,57504
351,57546
430,57546
256,57581
193,57588
423,57690
93,57691
94,57692
315,57756
195,57761
321,57805
465,57817
94,57831
465,57890
466,57891
302,57892
345,57951
351,58032
430,58032
422,58041
136,58056
230,58079
92,58155
93,58156
94,58157
465,58175
274,58176
95,58248
96,58249
489,58270
256,58349
197,58377
465,58454
274,58455
322,58461
253,58577
254,58578
369,58578
195,58611
196,58612
255,58710
302,58712
310,58764
311,58765
281,58865
103,58933
467,58947
468,58947
422,58988
335,59090
137,59109
324,59132
325,59133
190,59193
150,59249
312,59251
444,59257
108,59376
423,59402
93,59403
94,59404
256,59437
480,59495
92,59578
343,59638
344,59639
321,59655
281,59668
313,59682
371,59704
