452,48
453,49
269,70
104,81
363,138
78,188
322,209
294,303
134,405
105,413
66,425
155,425
335,457
383,461
110,466
362,558
346,600
355,601
107,606
107,640
471,827
309,856
77,975
78,976
410,998
66,1121
155,1121
410,1127
411,1128
460,1198
361,1238
220,1258
387,1275
104,1291
346,1418
355,1419
431,1457
202,1527
289,1569
268,1657
269,1658
134,1716
453,1732
362,1779
153,1838
493,1839
282,1850
283,1851
138,1935
414,2053
337,2097
338,2098
494,2160
78,2227
452,2230
453,2231
469,2299
470,2300
468,2306
104,2324
309,2370
190,2402
191,2403
109,2419
465,2551
104,2611
184,2739
185,2751
186,2752
191,2803
282,2922
283,2923
289,2952
231,2970
289,3042
310,3061
105,3068
346,3086
385,3114
289,3201
274,3225
363,3273
364,3274
275,3293
276,3294
274,3345
107,3346
342,3484
510,3532
250,3613
471,3648
156,3687
326,3712
104,3754
453,3757
289,3759
385,3909
219,3917
66,3974
155,3974
311,4124
184,4125
297,4207
298,4208
363,4231
273,4249
220,4291
106,4292
340,4296
487,4396
387,4449
388,4450
336,4461
387,4491
274,4801
311,4853
184,4854
66,4907
155,4907
274,5043
294,5047
309,5158
219,5268
220,5269
153,5367
493,5368
220,5422
106,5423
311,5438
184,5439
97,5468
362,5628
452,5728
363,5749
107,5756
108,5757
362,5760
153,5931
493,5932
362,5952
149,5958
364,5995
384,6028
385,6029
104,6051
184,6156
326,6166
328,6228
336,6252
337,6253
387,6261
185,6399
66,6470
155,6470
154,6478
494,6526
414,6547
78,6553
362,6654
363,6679
363,6760
75,6786
363,6794
112,6911
149,6947
281,7025
361,7124
362,7125
364,7305
97,7312
336,7315
362,7364
452,7461
453,7462
452,7486
109,7493
362,7545
363,7621
107,7746
326,7783
363,7786
108,7990
184,8004
494,8014
288,8108
109,8130
154,8178
157,8189
254,8189
66,8252
155,8252
369,8279
78,8329
309,8366
362,8451
336,8496
362,8562
363,8563
268,8662
268,8899
268,8980
283,9013
78,9091
452,9226
453,9227
104,9250
289,9268
361,9317
453,9322
289,9324
326,9406
336,9420
337,9421
362,9428
107,9641
77,9687
78,9688
274,9732
107,9733
363,9736
362,9755
362,9765
362,9843
274,9912
337,9931
78,9949
107,9985
494,10091
361,10115
363,10207
281,10235
206,10253
469,10312
97,10386
336,10554
337,10555
156,10560
220,10610
326,10630
269,10736
270,10737
363,10762
289,10836
202,10894
134,10902
135,10903
289,10953
410,10978
153,10990
493,10991
274,11042
362,11059
369,11222
311,11239
184,11240
185,11272
285,11273
104,11358
386,11447
359,11544
107,11591
451,11607
274,11685
289,11722
314,11740
289,11796
218,11809
107,11868
453,11922
284,11968
285,11969
104,12052
105,12053
296,12126
336,12219
282,12228
190,12375
346,12505
453,12565
289,12567
75,12640
296,12648
297,12649
379,12657
452,12721
362,12759
464,12776
487,12805
157,12846
254,12846
255,12847
452,12898
453,12899
454,12900
112,12941
289,13083
432,13121
363,13138
363,13174
379,13200
356,13242
357,13243
267,13290
452,13327
454,13343
357,13368
326,13563
363,13590
364,13591
190,13611
363,13631
364,13632
294,13716
363,13848
363,13884
364,13885
380,13939
289,13943
139,14046
140,14047
452,14135
453,14136
454,14137
202,14179
288,14194
494,14270
156,14272
202,14303
269,14371
336,14465
337,14466
510,14521
476,14523
385,14528
89,14529
90,14530
186,14605
133,14618
134,14619
97,14624
111,14648
380,14669
494,14731
156,14733
66,14857
155,14857
384,14928
326,14940
89,14973
269,14975
270,14976
157,14986
254,14986
326,15108
362,15433
369,15455
432,15483
362,15509
202,15527
269,15614
270,15615
104,15659
105,15660
97,15732
269,15778
311,15904
184,15905
103,15964
453,15966
289,15968
325,16105
310,16177
78,16284
386,16296
387,16297
268,16545
269,16546
385,16613
325,16649
494,16658
274,16739
384,16747
385,16748
386,16749
387,16750
310,16839
184,16850
184,16898
107,16925
111,17027
476,17117
376,17260
414,17364
379,17485
107,17504
453,17509
104,17585
105,17586
134,17591
275,17693
335,17794
111,17918
153,18015
493,18016
361,18067
362,18068
153,18072
102,18097
385,18140
383,18243
336,18358
289,18374
111,18580
112,18581
335,18841
336,18842
134,18888
363,18929
184,18935
385,18943
190,18966
156,19081
361,19102
213,19146
214,19147
453,19231
104,19291
468,19297
296,19322
134,19337
363,19357
108,19413
487,19525
452,19558
453,19559
454,19560
468,19645
346,19749
111,19862
294,19893
510,19935
336,19949
337,19950
363,20001
89,20009
362,20033
465,20070
157,20141
254,20141
275,20145
149,20150
190,20157
363,20179
380,20228
274,20336
363,20343
364,20344
181,20419
310,20573
153,20591
493,20592
266,20728
116,20735
184,20747
139,20835
140,20836
66,20851
155,20851
494,20883
206,20897
207,20898
220,20912
106,20913
107,20914
309,20927
78,20936
250,20940
251,20941
252,20942
253,20943
157,20944
254,20944
157,20977
254,20977
270,20983
336,21014
337,21015
439,21103
452,21114
453,21115
454,21116
337,21134
476,21137
432,21145
363,21282
276,21498
281,21593
363,21595
107,21599
108,21600
109,21601
465,21614
294,21737
432,21789
433,21790
157,21890
254,21890
376,21900
105,21950
289,21981
157,22026
254,22026
181,22035
117,22116
493,22127
273,22192
184,22200
127,22256
66,22296
155,22296
326,22336
454,22358
190,22488
452,22562
111,22641
276,22762
311,22769
184,22770
218,22799
363,22822
289,22836
510,22858
157,22883
254,22883
107,22897
363,22900
363,22906
281,22934
336,22965
337,22966
362,23001
363,23017
364,23018
294,23049
362,23061
471,23183
289,23205
282,23217
283,23218
174,23305
266,23543
309,23562
362,23613
336,23619
77,23673
78,23674
328,23691
153,23730
493,23731
107,23742
108,23743
361,23786
157,23792
254,23792
336,23796
282,23799
283,23800
134,23853
135,23854
275,23937
467,23996
97,24025
310,24033
184,24084
309,24195
309,24228
355,24244
362,24342
240,24379
362,24410
363,24411
460,24415
220,24554
276,24595
202,24646
66,24674
155,24674
361,24736
362,24737
283,24988
493,25004
289,25014
289,25044
116,25095
510,25219
362,25250
363,25251
493,25292
153,25438
336,25597
337,25598
338,25599
439,25619
274,25720
414,25758
336,25818
363,25842
364,25843
452,25857
362,25871
311,25903
184,25904
134,25907
309,26045
66,26149
155,26149
274,26161
107,26162
206,26232
361,26385
283,26387
282,26434
363,26462
149,26481
269,26504
157,26526
254,26526
514,26563
515,26564
384,26582
276,26663
274,26694
107,26695
103,26712
78,26716
452,26779
453,26780
362,26846
309,27082
310,27083
336,27125
78,27175
275,27349
105,27433
298,27438
109,27456
220,27514
78,27585
156,27665
157,27666
254,27666
362,27709
363,27769
364,27770
452,27783
363,27817
153,28036
283,28064
363,28121
361,28184
88,28204
449,28317
450,28318
157,28334
254,28334
106,28344
107,28345
414,28409
274,28487
275,28488
289,28509
220,28545
309,28547
220,28562
106,28563
385,28614
336,28671
337,28672
346,28687
362,28836
157,28847
254,28847
153,28876
493,28877
311,28913
184,28914
78,28938
290,28946
363,29101
220,29550
107,29683
153,29696
493,29697
107,29759
369,29786
290,29810
274,29819
107,29820
337,29850
290,29982
219,30015
452,30160
360,30254
361,30255
362,30256
364,30311
153,30385
103,30448
104,30449
134,30521
358,30528
453,30531
289,30533
273,30548
267,30557
268,30558
274,30734
107,30735
467,30871
77,31073
309,31085
294,31171
355,31203
309,31247
274,31282
107,31383
108,31384
202,31390
289,31392
376,31418
432,31469
400,31475
289,31546
106,31641
275,31642
363,31646
363,31675
282,31695
283,31696
379,31711
275,31736
336,31811
309,31831
157,31948
254,31948
275,32027
157,32038
254,32038
410,32106
336,32260
309,32279
363,32447
289,32479
363,32491
157,32518
254,32518
269,32531
362,32550
283,32709
184,32762
220,32788
514,32856
363,32891
326,32999
311,33051
202,33116
363,33134
150,33137
493,33231
107,33254
335,33280
336,33281
290,33287
326,33464
339,33475
355,33483
452,33578
78,33581
105,33670
451,33707
452,33711
453,33712
289,33714
107,33742
108,33743
356,33746
357,33747
309,33764
206,33767
207,33768
326,33771
362,33779
464,33806
157,33828
254,33828
97,33838
139,33887
362,33909
66,33918
155,33918
153,33933
362,33944
344,34023
345,34024
105,34134
494,34217
385,34333
274,34380
105,34385
99,34441
335,34522
336,34523
363,34545
386,34570
336,34575
334,34601
335,34602
337,34714
184,34758
281,34805
107,34937
139,34942
105,35014
66,35017
155,35017
156,35018
467,35167
281,35200
363,35206
364,35207
269,35232
270,35233
290,35333
283,35431
294,35512
139,35599
140,35600
104,35643
105,35644
220,35721
379,35744
77,35801
78,35802
376,35810
452,35830
363,35859
289,35906
336,35928
363,35953
274,36044
361,36070
452,36093
453,36094
335,36125
336,36126
282,36129
167,36187
283,36212
335,36295
153,36348
493,36349
386,36368
112,36432
107,36522
108,36526
282,36611
65,36612
66,36613
155,36613
460,36639
89,36651
66,36690
155,36690
156,36691
157,36692
254,36692
116,36694
89,36864
289,36886
363,36890
363,36896
218,36935
363,36974
363,37035
273,37084
274,37085
153,37089
154,37090
107,37320
188,37414
78,37622
116,37735
117,37736
275,37745
361,37803
362,37804
290,37837
269,37852
274,38021
202,38122
359,38157
363,38170
410,38228
450,38247
281,38297
363,38299
282,38432
283,38433
363,38514
275,38524
510,38639
380,38679
274,38736
282,38851
99,38915
379,38925
149,38954
206,38962
207,38963
336,38965
309,39000
111,39040
289,39155
333,39171
334,39172
335,39173
401,39186
362,39219
289,39319
281,39387
116,39392
117,39393
310,39398
363,39422
259,39464
281,39501
283,39597
289,39613
363,39617
364,39618
362,39650
274,39678
275,39679
220,39821
106,39822
107,39823
283,39826
361,39919
362,39920
363,39921
289,39927
107,39934
108,39935
111,39996
188,40011
186,40106
432,40207
380,40235
269,40356
270,40357
274,40360
107,40361
202,40418
362,40435
363,40439
364,40440
325,40474
326,40475
465,40523
289,40543
281,40553
108,40556
49,40596
104,40630
105,40631
298,40755
296,40807
297,40808
298,40809
362,40884
363,40885
336,40921
337,40922
385,40924
337,40951
453,41004
454,41005
88,41054
108,41096
346,41196
202,41228
108,41244
206,41404
335,41409
336,41410
379,41499
510,41525
511,41526
309,41538
310,41539
311,41540
184,41541
185,41542
186,41543
273,41663
309,41665
273,41669
274,41670
107,41671
108,41672
453,41690
358,41699
274,41715
284,41826
97,41914
107,41917
105,42015
296,42040
184,42126
469,42184
470,42185
107,42214
108,42215
438,42278
282,42295
283,42296
363,42353
220,42477
106,42478
309,42518
309,42529
102,42549
309,42562
107,42817
296,43147
297,43148
298,43149
289,43191
111,43234
107,43255
414,43354
105,43536
309,43538
509,43591
510,43592
274,43752
274,43944
153,43948
376,43996
385,44038
346,44349
464,44425
494,44527
78,44587
274,44595
514,44609
326,44624
103,44769
282,44809
471,44939
336,44944
289,44984
274,45156
450,45190
476,45311
363,45380
452,45391
453,45392
153,45570
107,45586
108,45587
363,45619
386,45647
363,45912
363,45948
220,45980
274,46002
77,46071
326,46079
452,46248
453,46249
289,46251
117,46257
220,46309
66,46380
155,46380
220,46423
380,46452
452,46476
453,46477
335,46546
401,46572
191,46577
75,46615
107,46632
297,46702
298,46703
77,46706
452,46780
453,46781
104,46791
336,46797
154,46948
361,47022
362,47023
337,47029
104,47059
360,47061
361,47062
464,47233
465,47371
309,47403
294,47534
471,47614
337,47651
107,47823
452,47852
289,47883
107,47967
363,48055
309,48064
358,48085
337,48193
338,48194
359,48214
283,48304
270,48377
215,48412
336,48563
337,48564
338,48565
386,48578
387,48579
107,48600
414,48682
309,48743
105,48781
107,48794
139,48802
107,48934
494,48992
363,49034
361,49075
362,49076
218,49130
78,49171
452,49174
138,49224
274,49245
107,49246
256,49252
362,49343
274,49369
289,49380
469,49482
294,49513
89,49563
156,49595
106,49636
386,49653
108,49670
289,49719
311,49765
184,49766
433,49772
361,49778
274,49786
335,49861
336,49862
149,49903
149,49924
295,49959
270,49962
289,49966
116,50011
117,50012
363,50060
379,50071
363,50112
364,50113
105,50140
289,50232
206,50265
107,50268
336,50304
289,50636
202,50686
107,50820
376,50837
336,51020
289,51072
309,51086
310,51087
439,51124
188,51176
189,51177
190,51196
275,51233
77,51338
111,51351
112,51352
267,51418
268,51419
337,51531
107,51540
282,51606
347,51637
157,51680
254,51680
336,51699
273,51709
219,51928
274,51941
475,51950
476,51951
296,52014
297,52015
298,52016
363,52082
471,52132
274,52189
360,52195
465,52327
322,52504
410,52537
336,52566
362,52607
452,52615
379,52685
206,52691
156,52721
157,52722
254,52722
158,52723
206,52748
335,52793
290,52806
362,52888
363,53002
274,53075
107,53076
335,53153
336,53154
153,53172
154,53173
218,53182
104,53259
471,53326
97,53478
336,53481
103,53489
360,53612
361,53613
362,53614
450,53773
363,53802
453,53815
362,53842
363,53843
294,53849
357,53867
452,53916
66,54017
155,54017
363,54047
107,54054
309,54105
310,54130
104,54156
323,54236
309,54459
471,54470
452,54559
453,54560
274,54578
107,54579
360,54629
361,54630
274,54722
107,54723
514,54733
432,54801
156,54803
362,54836
310,54882
311,54883
184,54884
453,54976
289,55047
153,55110
510,55182
108,55226
109,55227
220,55366
273,55547
363,55565
338,55598
107,55608
274,55628
240,55642
298,55838
299,55839
300,55840
336,55872
337,55873
385,55875
336,56010
346,56079
355,56080
414,56093
66,56148
155,56148
220,56196
106,56197
363,56251
157,56279
254,56279
362,56471
281,56501
363,56503
66,56508
155,56508
363,56523
364,56524
107,56672
379,56787
273,56858
274,56859
107,56860
220,56923
357,56939
157,56948
254,56948
157,57005
254,57005
116,57007
117,57008
107,57051
108,57052
310,57102
138,57291
357,57385
309,57400
414,57454
471,57635
336,57715
283,57774
107,57805
111,57811
453,57815
510,57838
335,57917
202,58363
283,58411
66,58580
155,58580
336,58620
337,58621
386,58628
309,58637
89,58659
97,58671
362,58688
117,58772
476,58793
108,58867
49,58979
510,58983
359,58992
309,59027
274,59048
269,59114
270,59115
514,59146
99,59149
432,59211
282,59251
283,59252
157,59305
254,59305
97,59367
471,59371
218,59485
109,59500
335,59611
287,59617
288,59618
220,59628
107,59655
363,59669
309,59703
310,59704
