166,17
497,50
455,138
197,265
198,266
443,266
431,286
432,287
442,368
442,369
442,370
431,392
160,412
161,413
225,483
293,523
167,531
202,539
362,573
438,597
536,624
440,648
524,648
525,649
293,653
431,793
441,797
442,798
198,799
443,799
473,914
229,927
442,937
442,938
499,971
500,972
362,979
463,995
391,1001
415,1010
416,1011
166,1026
498,1027
197,1064
442,1065
275,1128
167,1243
440,1301
524,1301
482,1353
415,1362
191,1364
197,1390
294,1401
277,1441
499,1458
498,1480
483,1501
57,1542
165,1577
166,1578
498,1579
198,1581
443,1581
199,1582
444,1582
384,1607
385,1608
166,1614
167,1615
431,1639
158,1651
362,1653
271,1672
65,1676
66,1677
354,1765
158,1768
435,1805
181,1831
483,1888
159,1889
166,1917
167,1918
200,1951
247,1955
239,1995
473,2096
391,2169
166,2197
498,2198
442,2200
353,2202
354,2203
191,2212
497,2232
498,2233
353,2235
441,2269
442,2278
442,2279
287,2347
167,2350
410,2353
353,2475
442,2489
442,2490
442,2491
442,2492
442,2493
197,2509
483,2514
441,2523
375,2530
392,2576
483,2581
362,2598
439,2635
264,2739
271,2800
356,2808
440,2825
524,2825
441,2826
197,2860
238,2868
483,2881
159,2882
160,2883
179,2887
285,2887
181,2916
166,2951
499,2961
266,2991
459,3017
340,3022
166,3041
65,3048
271,3052
160,3067
161,3068
528,3087
498,3141
362,3147
271,3175
166,3200
483,3223
473,3258
455,3273
158,3277
65,3299
295,3336
376,3372
460,3374
158,3394
168,3400
197,3464
442,3465
442,3466
442,3467
498,3477
181,3562
483,3610
483,3625
202,3638
413,3655
292,3712
293,3713
287,3724
412,3746
413,3747
497,3758
498,3834
526,3836
441,3888
483,3967
229,4032
158,4072
362,4074
79,4115
454,4118
264,4125
441,4138
442,4139
455,4231
361,4249
441,4281
198,4282
443,4282
390,4302
523,4302
440,4349
524,4349
440,4357
524,4357
166,4365
167,4366
166,4378
498,4379
441,4390
167,4407
168,4408
413,4480
499,4482
533,4492
441,4498
442,4499
357,4510
166,4637
167,4638
168,4639
536,4693
537,4694
482,4707
536,4807
473,4826
441,4850
264,4854
441,4951
459,5028
193,5048
224,5057
225,5058
483,5146
525,5150
473,5172
390,5223
523,5223
526,5230
483,5282
158,5301
529,5418
530,5419
264,5439
238,5456
431,5471
163,5479
363,5479
440,5497
524,5497
382,5533
383,5534
499,5550
392,5558
197,5661
287,5699
455,5749
533,5835
225,5853
353,5934
354,5935
228,5936
229,5937
355,5996
271,6030
494,6031
375,6054
391,6105
264,6156
292,6166
356,6171
357,6172
525,6205
354,6213
483,6241
167,6302
467,6311
166,6318
353,6347
241,6355
498,6362
442,6364
356,6398
271,6406
376,6456
377,6559
391,6585
318,6620
532,6621
171,6653
455,6679
158,6709
362,6711
473,6717
455,6760
455,6794
391,6860
412,6870
413,6871
356,6879
198,6896
443,6896
421,6976
200,7064
498,7236
219,7286
171,7363
483,7459
159,7460
353,7521
473,7533
171,7544
197,7580
391,7587
353,7612
455,7621
265,7627
296,7697
356,7717
291,7782
292,7783
293,7784
455,7786
271,7801
158,7825
464,7841
391,7843
357,7945
483,7999
362,8001
264,8004
431,8068
498,8109
293,8114
294,8115
440,8126
524,8126
383,8166
158,8215
277,8303
287,8326
228,8336
534,8425
473,8432
391,8465
499,8544
354,8554
171,8561
455,8563
66,8684
356,8697
181,8704
181,8788
265,8829
441,8842
420,8866
473,8889
171,8894
362,8928
362,8937
181,8938
431,8988
306,9043
307,9044
482,9177
293,9242
497,9323
287,9376
288,9377
292,9406
293,9407
157,9414
158,9415
159,9416
160,9417
181,9475
532,9479
537,9513
482,9579
362,9665
164,9685
455,9736
171,9764
362,9777
473,9930
57,9933
525,9943
158,9953
498,10049
473,10122
455,10207
456,10208
208,10234
362,10250
265,10324
499,10441
500,10442
483,10492
353,10547
292,10630
293,10631
473,10644
482,10683
241,10696
497,10698
160,10746
499,10756
455,10762
456,10763
532,10783
500,10824
166,10835
390,10856
523,10856
440,10857
524,10857
353,10859
415,10919
165,10940
166,11047
498,11048
499,11049
171,11058
420,11198
166,11236
264,11240
224,11261
225,11262
534,11284
441,11379
442,11380
166,11441
497,11461
166,11526
498,11527
157,11532
483,11548
536,11567
537,11568
166,11721
413,11755
354,11790
165,11794
166,11795
483,11800
362,11802
181,11803
160,11815
357,11837
498,11899
497,11923
498,12026
499,12027
161,12053
391,12145
171,12170
383,12254
166,12263
167,12264
441,12324
198,12325
443,12325
520,12367
224,12380
225,12381
158,12403
65,12420
382,12458
383,12459
159,12544
197,12549
442,12550
497,12566
354,12583
171,12686
441,12790
442,12791
483,12813
166,12833
167,12834
362,12990
181,12991
293,13022
197,13036
455,13138
483,13152
159,13153
160,13154
455,13174
498,13197
526,13199
181,13225
483,13238
311,13319
367,13363
168,13389
296,13424
297,13425
356,13435
357,13436
498,13533
292,13563
455,13590
158,13594
241,13614
455,13631
271,13683
455,13848
455,13884
158,13888
159,13889
318,13937
296,13938
166,13942
439,14026
157,14036
158,14040
362,14042
181,14043
266,14068
171,14074
482,14132
483,14133
159,14134
498,14181
498,14195
167,14264
168,14265
483,14331
224,14341
225,14342
159,14363
311,14404
225,14415
14,14436
483,14493
159,14494
440,14543
524,14543
353,14545
160,14552
181,14627
412,14711
413,14712
391,14726
482,14738
483,14739
357,14790
473,14839
15,14875
292,14940
238,14992
391,15088
292,15108
293,15109
525,15186
318,15266
532,15267
527,15308
528,15309
353,15329
483,15370
159,15371
160,15372
240,15472
498,15482
415,15578
294,15611
65,15641
230,15648
294,15652
161,15660
238,15665
490,15686
482,15722
483,15723
159,15724
160,15725
266,15757
391,15775
354,15785
483,15832
224,15834
239,15840
240,15841
499,15902
264,15905
166,15931
497,15967
498,16060
165,16134
482,16148
483,16149
367,16221
165,16237
166,16238
498,16239
482,16320
431,16340
441,16429
159,16479
160,16480
532,16515
483,16524
362,16526
181,16527
163,16556
363,16556
431,16562
375,16565
271,16614
439,16637
440,16657
524,16657
375,16673
157,16682
353,16717
439,16765
441,16819
442,16820
264,16850
482,16856
483,16893
362,16895
264,16898
392,16962
353,16976
362,17048
181,17049
166,17073
66,17077
200,17190
421,17206
353,17228
239,17325
240,17326
383,17333
483,17388
415,17401
412,17471
413,17472
353,17573
354,17574
161,17586
466,17627
506,17627
413,17661
483,17667
166,17748
498,17749
498,17842
241,17970
163,17989
363,17989
166,18002
498,18003
499,18004
318,18041
309,18092
310,18093
412,18173
230,18182
202,18191
530,18275
441,18311
525,18330
483,18336
163,18345
363,18345
483,18378
166,18437
498,18511
159,18532
375,18585
318,18634
294,18644
481,18653
482,18654
483,18655
481,18710
482,18711
483,18712
356,18761
311,18792
340,18813
158,18814
375,18838
463,18873
295,18918
455,18929
264,18935
321,18999
360,19013
223,19014
537,19020
340,19028
158,19029
362,19031
181,19032
535,19136
536,19137
498,19189
499,19190
500,19191
497,19232
455,19357
357,19383
163,19467
363,19467
287,19476
377,19486
415,19510
159,19512
160,19513
356,19520
266,19539
318,19625
499,19673
353,19738
354,19739
318,19748
481,19765
498,19817
289,19822
318,19825
171,19834
166,19840
65,19886
455,20001
171,20032
377,20079
442,20123
198,20124
443,20124
526,20125
483,20169
455,20179
498,20203
500,20211
499,20220
500,20221
197,20233
353,20246
354,20247
202,20299
455,20343
162,20432
180,20432
286,20432
482,20495
483,20496
165,20524
166,20525
167,20526
229,20582
287,20611
290,20662
440,20709
524,20709
264,20747
287,20865
440,20882
524,20882
421,20920
15,20985
362,20990
66,21027
318,21080
440,21092
524,21092
441,21093
461,21123
166,21143
498,21144
166,21180
498,21181
455,21282
498,21346
442,21348
198,21349
443,21349
526,21350
533,21352
536,21378
482,21428
158,21540
473,21546
455,21595
171,21779
309,21806
440,21845
524,21845
441,21846
353,21848
202,21895
357,21902
158,21937
161,21950
224,22012
225,22013
441,22128
412,22140
413,22141
356,22149
191,22191
361,22192
362,22193
264,22200
362,22235
287,22236
292,22336
293,22337
318,22401
230,22438
231,22439
165,22465
166,22466
498,22467
353,22515
358,22516
165,22538
166,22539
309,22553
181,22573
383,22633
309,22658
264,22770
353,22776
166,22793
167,22794
357,22816
455,22822
166,22864
498,22865
499,22866
362,22893
181,22894
455,22900
455,22906
441,22929
353,22931
208,22933
441,22955
171,23000
483,23005
455,23017
308,23052
171,23060
483,23065
383,23121
390,23142
523,23142
266,23145
496,23255
497,23256
294,23296
181,23335
181,23338
483,23401
197,23413
353,23415
536,23427
362,23556
179,23604
285,23604
362,23655
56,23681
535,23690
415,23767
159,23769
483,23872
181,23950
467,23990
441,24000
459,24077
264,24084
431,24124
432,24125
224,24214
171,24278
391,24311
354,24321
163,24335
363,24335
171,24341
166,24393
167,24394
200,24396
455,24411
499,24527
354,24535
355,24536
356,24537
357,24546
459,24576
439,24606
440,24607
524,24607
168,24614
498,24648
168,24689
357,24719
274,24773
391,24776
273,24814
295,24889
532,24890
534,24925
353,24951
270,24992
441,25005
442,25006
442,25007
412,25026
413,25027
353,25104
354,25105
228,25106
229,25107
247,25110
499,25131
500,25132
166,25167
167,25168
287,25181
171,25243
455,25251
459,25265
294,25341
295,25342
296,25343
441,25357
440,25404
524,25404
498,25443
65,25451
266,25497
225,25518
158,25530
167,25558
65,25590
482,25639
498,25735
499,25736
197,25781
296,25797
297,25798
455,25842
171,25870
264,25904
415,25943
362,25946
181,25947
483,25989
159,25990
160,25991
483,26061
354,26094
163,26174
363,26174
295,26184
532,26185
57,26201
241,26264
497,26266
159,26355
160,26356
158,26379
431,26382
537,26440
455,26462
166,26500
167,26501
383,26531
536,26598
537,26599
537,26618
421,26629
526,26644
498,26753
499,26754
500,26755
171,26768
375,26775
497,26781
167,26782
149,26837
150,26838
537,26900
392,26940
309,27052
498,27061
383,27079
367,27105
265,27107
294,27141
295,27142
532,27143
362,27151
181,27152
498,27233
191,27314
391,27334
227,27375
355,27376
356,27377
160,27432
161,27433
390,27484
523,27484
391,27485
162,27515
180,27515
286,27515
57,27535
507,27655
441,27662
171,27708
318,27745
455,27769
228,27771
536,27804
537,27805
455,27817
309,27918
431,27969
536,28003
537,28004
535,28012
536,28013
455,28121
456,28122
166,28242
342,28285
439,28298
362,28320
181,28321
179,28343
285,28343
197,28358
471,28406
200,28454
357,28504
358,28505
166,28508
392,28535
271,28572
266,28577
356,28581
357,28582
358,28583
77,28635
442,28677
198,28678
443,28678
158,28705
168,28789
498,28798
440,28853
524,28853
383,28870
441,28878
198,28879
443,28879
264,28914
295,28950
296,28951
534,28972
296,28981
319,28996
440,29013
524,29013
391,29037
179,29093
285,29093
455,29101
441,29120
501,29159
340,29167
158,29168
536,29210
230,29262
294,29327
295,29328
229,29340
224,29468
225,29469
532,29539
79,29592
454,29595
167,29611
370,29618
441,29698
441,29774
442,29775
198,29776
443,29776
441,29858
198,29859
443,29859
526,29860
391,29946
289,30072
318,30075
64,30135
65,30136
409,30200
490,30212
167,30217
168,30218
273,30220
277,30226
160,30252
166,30317
498,30318
442,30320
442,30321
498,30342
536,30368
166,30425
483,30433
362,30435
197,30440
520,30462
166,30491
498,30492
224,30498
497,30532
360,30547
361,30548
385,30591
159,30724
160,30725
284,30738
179,30739
285,30739
162,30740
180,30740
286,30740
525,30756
383,30774
383,30777
158,30812
383,30862
498,30909
442,30911
442,30912
441,30982
198,30983
443,30983
441,31045
160,31051
416,31060
181,31105
308,31132
441,31165
442,31166
353,31168
358,31169
223,31183
527,31202
224,31212
181,31271
441,31330
442,31331
500,31333
483,31355
296,31372
167,31403
265,31420
166,31545
390,31586
523,31586
537,31591
284,31639
179,31640
285,31640
455,31646
456,31647
197,31664
198,31665
443,31665
455,31675
463,31755
56,31767
295,31792
459,31817
483,31828
362,31857
287,31858
498,31861
440,31900
524,31900
442,32116
167,32162
490,32210
158,32254
65,32267
483,32327
159,32328
362,32348
181,32349
179,32372
285,32372
483,32378
274,32393
391,32396
455,32447
14,32458
455,32491
456,32492
171,32549
431,32587
63,32589
64,32590
65,32591
483,32604
264,32762
383,32768
356,32797
65,32848
265,32886
266,32887
455,32891
483,32930
295,32945
266,32977
271,32981
272,32982
499,32994
292,32999
293,33000
294,33001
295,33002
532,33003
311,33016
163,33058
363,33058
383,33074
525,33121
199,33122
444,33122
455,33134
536,33151
537,33152
482,33157
483,33158
520,33192
521,33193
389,33194
522,33194
390,33195
523,33195
391,33196
525,33203
525,33232
383,33251
165,33267
498,33346
383,33429
392,33448
292,33464
293,33465
527,33482
166,33541
224,33651
225,33652
295,33656
159,33666
160,33667
161,33670
536,33686
497,33713
271,33718
292,33771
293,33772
171,33778
534,33805
367,33811
158,33884
159,33885
461,33938
171,33943
318,33974
319,34025
440,34069
524,34069
409,34075
441,34100
198,34101
443,34101
383,34114
383,34117
430,34119
431,34120
161,34134
498,34189
442,34191
498,34231
463,34240
440,34254
524,34254
441,34287
525,34293
160,34298
181,34315
441,34337
161,34385
498,34458
432,34500
473,34514
383,34520
455,34545
166,34639
27,34653
357,34688
473,34713
431,34749
264,34758
208,34804
309,34853
483,34884
166,34950
525,34972
199,34973
444,34973
497,35003
498,35004
160,35013
161,35014
202,35056
499,35070
442,35083
198,35084
443,35084
199,35085
444,35085
362,35159
181,35160
383,35163
498,35178
455,35206
158,35210
459,35220
271,35296
65,35300
166,35319
498,35320
499,35321
500,35322
168,35422
179,35470
285,35470
197,35590
498,35616
161,35644
455,35859
181,35863
166,35905
375,35916
431,35925
432,35926
455,35953
159,36023
497,36095
229,36172
57,36176
337,36188
441,36199
442,36200
442,36201
266,36214
57,36224
309,36400
383,36414
226,36506
354,36548
165,36552
166,36553
167,36554
168,36555
438,36561
439,36562
391,36563
165,36574
481,36599
166,36617
498,36618
353,36620
354,36621
228,36622
229,36623
362,36724
181,36725
166,36748
498,36749
166,36834
167,36835
64,36858
65,36859
270,36863
455,36890
455,36896
455,36974
455,37035
191,37083
361,37084
200,37118
353,37130
383,37152
441,37253
482,37272
483,37273
224,37279
383,37333
384,37334
463,37349
464,37350
441,37355
265,37370
266,37371
271,37474
197,37489
166,37525
167,37526
296,37583
297,37584
309,37585
442,37591
166,37682
498,37683
353,37685
464,37723
241,37728
294,37769
499,37842
165,37945
241,37992
497,37994
359,38024
166,38027
376,38035
409,38100
498,38124
498,38163
442,38165
455,38170
284,38215
340,38238
158,38254
455,38299
266,38307
383,38371
442,38392
442,38393
442,38394
500,38396
391,38416
473,38429
14,38490
455,38514
482,38629
483,38630
240,38648
158,38670
159,38671
532,38700
238,38766
237,38873
229,38990
230,38991
56,39078
270,39108
171,39218
527,39376
455,39422
202,39488
440,39544
524,39544
455,39617
158,39621
171,39649
311,39717
266,39787
528,39796
356,39867
265,39868
455,39921
359,39923
166,39926
321,39938
483,40096
483,40128
532,40165
166,40205
498,40206
354,40224
266,40282
294,40313
383,40351
239,40401
498,40420
455,40439
292,40475
293,40476
309,40520
166,40542
340,40599
161,40631
537,40671
197,40785
483,40824
171,40883
455,40885
309,40946
473,40950
57,40953
158,41028
168,41111
273,41113
528,41197
441,41292
354,41328
355,41329
356,41330
377,41399
383,41407
57,41437
431,41461
432,41462
433,41463
537,41532
264,41541
297,41587
65,41598
537,41606
361,41663
191,41668
361,41669
499,41684
497,41691
440,41742
524,41742
482,41749
158,41840
430,41877
295,41929
294,41950
362,41980
181,41981
161,42015
167,42029
527,42031
520,42065
521,42066
389,42067
522,42067
390,42068
523,42068
440,42069
524,42069
160,42092
481,42098
264,42126
534,42263
266,42285
455,42353
160,42427
466,42450
506,42450
473,42454
483,42515
191,42532
431,42625
432,42626
459,42647
167,42664
165,42804
166,42805
160,42839
497,42852
375,42877
158,42923
159,42924
271,43070
181,43108
530,43122
181,43144
265,43227
163,43240
363,43240
158,43261
375,43278
200,43324
309,43400
507,43436
161,43536
431,43561
432,43562
483,43630
482,43675
483,43676
340,43703
271,43719
389,43872
522,43872
390,43873
523,43873
391,43874
159,43911
160,43912
483,43917
354,43951
355,43952
356,43953
356,43959
357,43960
358,43961
340,43989
391,44006
64,44046
65,44047
525,44104
526,44105
431,44152
383,44215
158,44254
321,44291
160,44305
454,44344
295,44348
159,44433
160,44434
165,44480
192,44512
308,44515
483,44563
159,44564
181,44605
292,44624
171,44637
534,44656
368,44694
535,44705
536,44706
65,44754
266,44823
463,44825
467,44853
158,44978
362,44980
287,44981
309,45029
430,45147
158,45154
383,45235
409,45261
266,45267
309,45290
166,45334
167,45335
455,45380
497,45393
527,45413
498,45440
166,45475
181,45480
358,45490
357,45510
431,45592
375,45595
455,45619
439,45706
64,45727
357,45735
353,45788
356,45878
265,45879
309,45905
455,45912
375,45918
455,45948
159,45993
160,45994
535,46044
536,46045
430,46074
431,46075
432,46076
292,46079
354,46106
536,46112
483,46119
362,46121
181,46122
166,46193
498,46194
500,46220
467,46230
159,46247
497,46250
460,46268
159,46347
357,46385
473,46391
162,46424
180,46424
286,46424
497,46478
224,46527
225,46528
383,46544
179,46548
285,46548
162,46549
180,46549
286,46549
367,46562
483,46612
159,46613
179,46753
285,46753
311,46897
225,46980
158,47014
483,47019
498,47133
353,47135
291,47148
481,47238
482,47239
483,47240
483,47275
159,47276
482,47340
158,47400
421,47469
193,47535
357,47561
412,47606
413,47607
430,47633
431,47634
432,47635
181,47661
525,47688
410,47691
483,47727
536,47740
537,47741
159,47851
158,47867
166,47882
440,47918
524,47918
410,47926
265,47979
266,47980
483,48015
202,48025
536,48038
166,48044
197,48050
455,48055
353,48117
354,48118
355,48119
356,48120
357,48121
440,48149
524,48149
525,48150
526,48151
271,48228
272,48229
318,48233
526,48344
367,48492
441,48632
532,48736
409,48759
161,48781
167,48833
294,48846
56,48887
471,48902
383,48969
455,49034
413,49068
357,49085
383,49116
367,49281
265,49283
295,49318
532,49319
391,49328
295,49333
532,49334
171,49342
353,49349
158,49367
532,49388
340,49532
440,49551
524,49551
353,49553
270,49562
498,49611
499,49763
264,49766
64,49836
65,49837
160,49869
391,49909
166,49965
455,50060
391,50069
526,50093
533,50095
455,50112
158,50116
161,50140
295,50159
499,50262
295,50271
391,50282
339,50316
171,50508
441,50645
295,50651
527,50660
528,50661
167,50688
362,50729
181,50730
383,50787
440,50886
524,50886
530,50946
531,50947
296,50948
297,50949
377,51070
160,51110
181,51138
483,51166
318,51179
383,51186
483,51414
159,51415
309,51526
473,51530
354,51557
355,51558
356,51559
527,51636
530,51649
158,51654
412,51660
240,51663
361,51709
362,51723
277,51743
490,51757
431,51798
537,51887
171,51932
483,51945
202,51982
201,51983
202,51984
201,51985
537,52047
202,52076
293,52080
455,52082
353,52454
391,52540
466,52554
506,52554
390,52598
523,52598
65,52633
440,52647
524,52647
171,52705
202,52757
270,52772
391,52812
415,52912
455,53002
483,53073
383,53151
353,53231
310,53320
311,53321
166,53406
466,53500
506,53500
384,53505
158,53553
390,53603
523,53603
440,53604
524,53604
441,53605
442,53606
498,53655
224,53775
225,53776
362,53790
455,53802
497,53816
167,53817
527,53819
353,53825
171,53841
455,53843
193,53850
163,53887
363,53887
158,53914
159,53915
463,53966
464,53967
455,54047
287,54109
480,54137
481,54138
482,54139
483,54140
159,54141
354,54203
482,54265
483,54266
165,54327
166,54328
375,54376
409,54390
14,54482
165,54486
166,54487
498,54488
483,54493
158,54522
497,54561
160,54627
224,54750
225,54751
483,54761
483,54810
171,54835
264,54884
498,54905
440,54956
524,54956
160,54973
497,54977
415,54979
65,55022
536,55042
392,55112
66,55135
166,55215
459,55331
166,55338
167,55339
294,55363
536,55387
297,55539
309,55540
361,55547
455,55565
482,55572
483,55573
496,55735
497,55736
498,55737
525,55793
166,55809
467,55901
166,55974
440,56055
524,56055
171,56096
537,56159
158,56169
473,56231
455,56251
158,56298
362,56300
181,56301
340,56351
158,56352
483,56374
376,56420
460,56422
409,56456
537,56460
171,56470
473,56481
455,56503
455,56523
498,56640
537,56726
442,56760
459,56779
163,56791
363,56791
375,56825
361,56858
459,56956
497,56963
167,56964
158,57076
362,57078
157,57104
15,57157
430,57168
431,57216
432,57217
433,57218
483,57280
197,57295
442,57296
498,57331
536,57361
353,57464
319,57477
440,57503
524,57503
534,57509
191,57588
360,57599
391,57614
483,57693
376,57737
377,57738
473,57750
158,57759
362,57761
181,57762
295,57808
497,57816
498,57817
499,57818
498,57890
198,57892
443,57892
354,57898
355,57899
356,58154
498,58175
239,58264
171,58327
498,58454
370,58494
362,58611
192,58618
528,58653
357,58695
500,58703
440,58710
524,58710
441,58711
198,58712
443,58712
526,58713
533,58715
163,58762
363,58762
383,58847
287,58850
358,58878
441,58946
442,58947
167,58959
158,58974
166,59118
306,59186
528,59244
499,59298
428,59360
530,59422
532,59447
165,59512
166,59513
356,59547
265,59548
223,59556
497,59561
167,59562
497,59599
490,59607
167,59619
455,59669
456,59670
199,59784
444,59784
