419,81
420,84
190,134
382,163
301,171
443,219
185,240
386,293
151,348
287,365
285,372
252,390
225,480
204,483
225,545
299,576
283,648
339,666
340,667
341,668
381,760
348,763
191,828
497,831
420,833
382,842
171,892
148,939
149,940
477,1058
381,1141
288,1192
191,1247
446,1256
419,1291
420,1292
283,1301
411,1363
415,1373
396,1374
397,1375
398,1376
446,1435
310,1447
149,1459
150,1460
98,1471
99,1472
252,1637
296,1753
276,1802
170,1805
171,1806
365,1849
497,1934
150,2069
381,2093
382,2094
258,2134
446,2150
152,2155
281,2167
282,2168
411,2211
446,2288
419,2324
310,2341
411,2372
276,2434
284,2474
275,2584
419,2611
228,2614
447,2644
284,2772
286,2798
283,2825
285,2828
486,2869
420,2884
303,2939
286,2954
287,2955
288,2956
286,2958
287,2959
286,2987
287,2988
288,2989
446,3009
152,3070
303,3174
252,3213
381,3241
382,3242
446,3323
346,3329
284,3332
212,3367
446,3390
286,3556
287,3557
150,3560
202,3578
100,3591
150,3635
151,3636
225,3644
477,3645
285,3658
310,3702
419,3754
284,3843
285,3844
322,3875
323,3876
324,3877
190,3906
152,3970
471,4042
287,4121
415,4148
242,4187
308,4322
309,4323
283,4349
283,4357
497,4434
149,4483
482,4485
148,4500
149,4501
340,4710
341,4711
303,4752
483,4765
484,4766
166,4805
167,4824
148,4851
212,4921
213,4922
382,4954
204,5058
167,5170
395,5204
286,5226
287,5227
275,5377
287,5426
150,5429
486,5457
283,5497
284,5498
285,5499
387,5506
149,5551
257,5573
397,5712
398,5713
304,5805
166,5845
204,5853
385,5870
338,5876
339,5877
348,5917
284,5933
385,5966
213,6038
419,6051
381,6058
382,6059
105,6112
338,6130
213,6152
381,6157
381,6337
285,6366
302,6404
303,6405
284,6410
287,6416
193,6465
288,6595
260,6622
261,6623
348,6655
105,6675
339,6731
441,6835
442,6836
284,6916
366,6924
348,7126
347,7137
415,7214
228,7336
346,7337
347,7338
284,7520
348,7546
291,7608
365,7619
497,7635
228,7654
346,7655
347,7656
348,7657
286,7661
287,7662
381,7718
381,7735
348,7738
340,7743
284,7752
381,7891
445,7981
347,7988
381,8005
422,8061
283,8126
284,8127
190,8275
386,8304
503,8338
504,8339
509,8355
149,8545
150,8546
347,8579
338,8587
339,8588
451,8626
286,8672
287,8673
381,8698
481,8705
302,8728
288,8730
285,8844
286,8845
381,8877
308,9117
225,9146
348,9244
419,9250
411,9335
225,9365
396,9393
441,9394
442,9395
420,9418
180,9425
312,9448
313,9449
314,9450
151,9477
451,9500
279,9503
348,9568
225,9638
451,9761
348,9766
152,9787
348,9844
451,9867
287,9915
85,9935
302,9938
303,9939
446,10142
302,10187
303,10188
274,10255
228,10282
225,10367
167,10403
348,10420
366,10446
262,10540
446,10612
167,10642
420,10747
283,10857
284,10858
213,10871
288,10878
150,10898
286,10916
287,10917
411,10920
166,11016
482,11112
228,11113
98,11116
110,11148
397,11157
204,11262
348,11328
419,11358
288,11397
167,11506
148,11529
190,11574
232,11646
233,11647
443,11865
444,11866
392,11934
339,11941
167,11945
419,12052
152,12055
284,12059
282,12144
302,12179
376,12195
377,12196
152,12201
284,12205
285,12206
382,12271
304,12281
377,12332
204,12381
261,12479
446,12486
381,12514
296,12541
286,12575
347,12594
287,12597
288,12713
213,12758
148,12792
306,12914
284,12937
148,12978
148,13037
225,13050
477,13051
497,13068
105,13113
287,13119
446,13178
338,13189
481,13305
424,13601
213,13624
192,13673
193,13674
322,13709
304,13754
167,13803
471,13808
446,13811
301,13819
286,13840
150,13972
387,13975
497,14012
291,14055
288,14057
150,14119
287,14123
415,14188
416,14189
415,14333
204,14342
288,14349
451,14374
204,14415
381,14442
348,14445
293,14529
281,14541
282,14542
283,14543
284,14544
381,14673
281,14724
282,14725
276,14727
381,14886
228,14898
252,14920
451,14953
303,14972
293,14973
294,14974
477,14988
486,14993
481,15071
481,15112
304,15141
484,15162
291,15202
485,15203
348,15255
321,15286
264,15360
420,15373
421,15374
290,15398
104,15400
105,15401
288,15408
393,15422
286,15427
287,15428
213,15432
420,15442
348,15510
481,15590
288,15621
419,15659
302,15820
455,15888
180,15976
288,15986
387,16006
148,16062
149,16063
381,16071
167,16091
286,16114
504,16203
340,16228
191,16267
513,16329
347,16354
365,16366
381,16398
288,16406
422,16417
148,16430
98,16444
212,16533
451,16549
409,16586
410,16587
283,16657
284,16699
285,16700
284,16716
190,16793
148,16821
502,16912
286,17011
481,17050
430,17179
225,17279
481,17294
286,17353
287,17354
100,17464
225,17501
275,17547
419,17585
382,17605
447,17701
193,17815
451,17914
286,17940
284,18017
421,18025
422,18026
167,18163
288,18221
152,18264
160,18292
161,18293
446,18297
478,18308
148,18312
149,18313
341,18356
302,18426
285,18513
257,18591
124,18606
286,18667
105,18693
446,18698
410,18735
346,18916
381,18936
284,19128
288,19169
285,19247
381,19278
419,19291
365,19345
308,19460
150,19474
149,19674
150,19675
377,19717
381,19722
348,19725
148,19819
381,19986
381,19998
286,20007
293,20009
284,20021
348,20034
150,20053
347,20116
291,20119
381,20163
348,20166
411,20212
290,20261
104,20263
287,20273
365,20281
504,20302
105,20378
281,20391
288,20459
382,20620
166,20650
283,20709
284,20710
381,20748
286,20778
287,20779
288,20780
283,20882
124,20975
477,20979
422,20981
310,21033
346,21037
347,21038
348,21039
283,21092
171,21133
288,21395
148,21419
347,21479
348,21528
365,21605
348,21661
308,21702
309,21703
225,21705
477,21706
381,21796
166,21802
451,21815
348,21823
283,21845
497,21948
377,22008
204,22013
213,22049
152,22096
381,22150
346,22187
482,22254
228,22255
288,22416
124,22749
148,22767
286,22772
287,22773
445,22978
446,22979
447,22980
348,23002
348,23062
366,23151
477,23186
323,23307
481,23339
415,23403
416,23404
165,23448
110,23488
308,23493
288,23539
446,23588
346,23717
347,23718
348,23719
443,23760
444,23761
287,23765
477,23794
411,23920
366,23958
228,24010
346,24011
446,24052
381,24085
98,24088
288,24156
286,24158
287,24159
192,24207
213,24262
291,24284
338,24289
339,24290
394,24413
446,24552
446,24572
347,24593
283,24607
481,24734
416,24931
417,24932
418,24933
284,24950
290,24990
291,24991
292,24992
313,25022
284,25103
446,25225
212,25248
213,25249
271,25315
286,25328
308,25368
283,25404
291,25417
504,25422
204,25518
424,25564
471,25594
284,25613
275,25692
167,25867
166,25920
193,25938
446,26015
348,26058
381,26100
447,26104
303,26108
365,26155
388,26193
286,26227
287,26228
275,26258
276,26259
100,26320
339,26326
341,26371
192,26458
446,26471
366,26508
124,26524
188,26696
381,26788
225,26852
446,26909
447,26910
513,26932
275,26939
232,26960
402,26998
212,27161
98,27167
212,27190
288,27196
410,27285
411,27313
291,27351
288,27353
286,27355
206,27375
193,27447
284,27453
148,27464
192,27497
264,27505
301,27610
348,27710
347,27768
166,27919
167,27920
285,27945
262,27978
166,28001
213,28021
509,28027
287,28078
225,28101
381,28118
150,28176
149,28218
382,28277
124,28332
477,28336
188,28346
286,28367
287,28368
193,28528
446,28543
304,28615
423,28749
282,28852
283,28853
225,28857
477,28858
446,28866
382,28897
288,28945
289,28946
283,29013
167,29072
477,29195
477,29203
284,29216
387,29352
286,29399
287,29400
257,29437
271,29457
204,29469
387,29503
446,29522
513,29623
190,29626
286,29641
287,29642
288,29643
275,29730
455,29767
289,29810
289,29982
450,30101
451,30102
339,30172
340,30173
341,30174
284,30195
285,30196
286,30197
304,30199
180,30209
386,30227
387,30228
120,30258
160,30300
161,30301
284,30350
354,30392
419,30449
225,30469
394,30536
424,30560
425,30561
308,30721
201,30738
446,30825
396,30879
397,30880
503,30989
478,31042
410,31059
296,31066
321,31077
322,31078
171,31174
150,31194
150,31269
365,31306
291,31310
485,31311
148,31332
382,31360
150,31369
151,31370
321,31511
286,31548
287,31549
201,31639
347,31645
504,31668
381,31688
225,31733
284,31788
503,31839
504,31840
283,31900
382,31954
382,31968
290,32111
291,32112
190,32180
286,32185
287,32270
213,32274
444,32382
213,32399
478,32450
347,32554
189,32574
303,32579
252,32585
353,32589
287,32594
504,32690
447,32704
275,32730
366,32738
348,32774
381,32798
341,32853
340,32864
124,32867
213,32898
382,32911
284,32926
301,32978
302,32979
303,32980
149,32995
304,33012
257,33024
258,33025
347,33133
447,33147
257,33165
375,33194
289,33287
225,33362
284,33380
275,33447
190,33472
190,33517
443,33571
204,33652
443,33697
286,33716
124,33759
301,33782
302,33783
284,33791
417,33796
418,33797
382,33902
213,33908
338,33920
339,33921
98,33928
481,33959
382,33993
310,34037
283,34069
284,34070
285,34071
286,34072
304,34074
129,34091
285,34193
283,34254
130,34273
148,34338
149,34339
396,34342
397,34343
338,34370
339,34371
471,34563
323,34654
275,34683
167,34711
252,34747
288,34801
212,34842
213,34843
166,34854
446,34872
447,34873
389,34993
290,35172
347,35205
284,35238
477,35272
422,35280
289,35333
290,35334
291,35335
497,35502
130,35531
213,35549
419,35643
286,35740
287,35741
395,35747
396,35748
441,35749
286,35777
287,35778
477,35785
304,36051
471,36102
85,36178
478,36196
347,36206
189,36220
190,36221
486,36265
387,36315
284,36350
497,36386
284,36428
348,36442
205,36506
396,36516
441,36517
442,36518
443,36519
444,36520
310,36609
365,36610
347,36647
293,36651
294,36652
347,36740
486,36744
291,36862
292,36863
293,36864
294,36865
191,37022
304,37055
347,37061
286,37114
287,37115
284,37129
213,37146
288,37194
325,37307
396,37377
441,37378
313,37406
303,37473
348,37533
313,37633
422,37787
289,37837
290,37838
291,37839
451,37855
228,37878
287,37958
213,37985
382,38127
284,38149
347,38153
124,38174
201,38215
284,38326
148,38395
411,38397
513,38404
347,38559
122,38582
274,38583
284,38585
234,38634
483,38779
304,38875
448,38992
500,38993
382,39036
290,39106
291,39107
292,39108
212,39229
302,39245
288,39247
321,39258
382,39288
415,39357
416,39358
417,39359
418,39360
287,39433
288,39434
471,39495
105,39532
283,39544
341,39668
342,39669
171,39671
302,39719
288,39721
257,39730
497,39745
340,39768
287,39891
288,39892
288,40033
382,40035
443,40066
422,40078
348,40093
228,40099
302,40183
285,40187
257,40232
258,40233
441,40274
442,40275
443,40276
444,40277
284,40280
382,40423
213,40434
166,40521
446,40528
290,40579
419,40630
420,40649
213,40665
313,40676
314,40677
424,40717
425,40718
443,40729
513,40819
446,40827
225,40879
477,40880
166,40947
167,40948
85,40955
212,40980
302,40986
302,41100
286,41108
287,41109
397,41116
398,41117
301,41128
166,41159
446,41338
228,41374
171,41465
442,41493
443,41494
444,41495
275,41497
149,41556
381,41571
287,41601
288,41602
411,41667
149,41685
283,41742
284,41743
287,41788
308,41894
284,41903
286,41961
287,41962
252,41966
124,41976
275,41999
296,42008
497,42013
421,42039
375,42067
283,42069
420,42093
365,42101
286,42111
287,42112
296,42154
290,42298
291,42299
507,42332
212,42406
420,42428
446,42475
340,42487
411,42531
313,42597
504,42644
122,42658
149,42669
150,42670
117,42675
258,42683
150,42717
381,42759
100,42774
130,42812
420,42840
381,42881
213,42895
366,42910
396,42943
397,42944
166,42980
339,43005
501,43009
212,43011
422,43060
423,43061
424,43062
446,43090
319,43189
395,43215
193,43269
167,43317
167,43351
166,43401
497,43534
504,43574
284,43626
347,43638
443,43726
165,43736
287,43759
288,43760
441,43766
442,43767
105,43774
447,43781
448,43782
323,43852
288,43868
375,43872
446,43978
387,43987
381,43998
382,43999
304,44039
484,44063
396,44077
441,44078
149,44090
444,44231
287,44235
288,44236
421,44265
420,44306
286,44319
287,44320
389,44361
279,44376
104,44394
105,44395
308,44430
397,44475
150,44524
328,44623
286,44647
287,44648
302,44674
288,44676
124,44742
310,44807
365,44808
301,44824
470,44826
477,44942
286,44995
296,45020
166,45030
284,45044
225,45055
260,45082
448,45090
284,45107
285,45108
302,45317
219,45384
150,45478
481,45481
284,45539
313,45546
314,45547
167,45681
395,45765
398,45845
514,45846
483,45889
484,45890
213,45895
166,45906
389,45921
304,45978
284,45983
513,46033
284,46061
411,46221
442,46275
443,46276
444,46277
258,46329
387,46342
410,46345
166,46388
167,46389
204,46528
323,46579
99,46616
347,46661
348,46662
105,46683
396,46710
441,46711
382,46736
192,46761
419,46791
420,46792
193,46805
451,46843
279,46857
286,46924
204,46980
444,47044
419,47059
167,47155
150,47180
366,47195
148,47349
149,47350
381,47391
382,47392
296,47441
225,47568
477,47597
422,47599
171,47650
302,47699
415,47733
287,47799
234,47830
284,47843
190,47857
446,47870
283,47918
284,47919
284,48116
283,48149
190,48294
284,48314
213,48346
296,48361
347,48462
513,48541
477,48561
260,48580
509,48584
446,48672
478,49088
392,49157
497,49223
395,49229
500,49280
281,49326
282,49327
213,49331
260,49335
287,49346
151,49386
121,49433
122,49434
166,49521
387,49530
283,49551
284,49552
290,49560
291,49561
292,49562
293,49563
340,49568
288,49575
397,49601
398,49602
148,49613
167,49701
422,49710
171,49852
382,49940
422,49960
171,50005
284,50080
347,50186
288,50242
348,50251
503,50312
504,50313
304,50354
85,50377
347,50436
509,50450
346,50452
347,50453
411,50463
340,50466
396,50469
441,50470
287,50540
288,50541
171,50557
377,50603
302,50720
233,50766
234,50767
225,50784
381,50839
288,50852
283,50886
284,50887
446,50928
190,51005
191,51006
192,51007
513,51028
396,51042
397,51043
481,51139
288,51162
470,51223
105,51224
302,51295
274,51481
149,51484
422,51498
150,51511
151,51512
166,51527
167,51528
188,51541
389,51564
212,51565
213,51566
225,51579
234,51589
252,51610
260,51617
261,51618
286,51643
287,51644
288,51645
477,51682
171,51685
348,51703
386,51744
441,51760
415,51773
416,51774
341,51778
422,51780
423,51781
424,51782
425,51783
502,51850
503,51851
504,51852
483,51948
284,51988
310,52044
191,52133
193,52154
285,52165
304,52229
286,52319
287,52320
288,52321
166,52325
275,52411
347,52430
130,52446
341,52564
286,52601
287,52602
213,52606
283,52647
347,52715
471,52730
290,52770
291,52771
292,52772
304,52773
286,52803
287,52804
288,52805
289,52806
213,52887
411,52913
348,52932
302,52987
190,53067
104,53120
105,53121
291,53252
419,53259
420,53262
192,53274
446,53417
151,53534
228,53541
283,53604
148,53607
149,53608
348,53615
443,53721
381,53733
444,53761
275,53763
204,53776
188,53896
189,53897
190,53898
385,53938
386,53939
301,53992
365,54099
150,54107
502,54114
419,54156
420,54157
421,54158
171,54238
382,54336
304,54389
171,54418
441,54445
477,54473
381,54504
382,54505
451,54535
451,54587
502,54594
204,54751
284,54861
381,54885
283,54956
284,55064
396,55092
441,55093
442,55094
150,55100
151,55101
152,55102
504,55114
171,55153
382,55190
284,55457
382,55459
285,55473
287,55631
232,55691
284,55730
382,55732
497,55787
420,55789
213,55898
304,56018
283,56055
284,56056
285,56057
381,56089
382,56090
191,56111
305,56180
392,56215
167,56229
477,56281
477,56467
194,56499
446,56513
382,56644
124,56702
381,56707
148,56761
275,56785
481,56823
455,56854
225,56874
396,56904
441,56905
446,56921
192,56937
124,56946
477,56950
257,56959
189,57068
509,57122
171,57220
423,57271
497,57290
288,57348
286,57350
304,57352
411,57485
283,57503
284,57504
212,57543
213,57544
284,57581
411,57587
414,57600
305,57741
167,57748
288,57798
387,57873
323,58024
199,58269
471,58289
284,58349
188,58461
293,58659
213,58687
281,58708
282,58709
283,58710
310,58737
365,58738
366,58766
347,58865
451,58933
360,58941
148,58948
149,58949
471,58985
486,59019
274,59026
251,59082
190,59132
124,59262
389,59290
260,59292
387,59318
381,59325
275,59351
234,59395
284,59437
446,59468
286,59624
304,59626
124,59630
228,59666
346,59667
347,59668
397,59693
