261,69
392,138
214,160
227,162
383,259
43,308
457,354
276,355
70,368
71,368
72,368
70,369
71,369
72,369
70,370
71,370
72,370
73,371
247,371
317,371
226,402
383,423
384,424
142,458
221,462
255,491
254,519
255,520
458,531
66,597
420,622
68,648
69,797
70,798
71,798
72,798
142,835
53,856
391,885
218,921
70,937
71,937
72,937
70,938
71,938
72,938
180,939
181,972
182,973
255,1016
141,1037
101,1059
70,1065
71,1065
72,1065
73,1066
247,1066
317,1066
228,1068
397,1147
265,1212
80,1213
458,1243
479,1255
479,1259
255,1260
427,1269
225,1300
68,1301
55,1363
56,1364
196,1378
73,1391
247,1391
317,1391
74,1392
254,1416
436,1442
457,1479
457,1568
254,1590
458,1615
253,1652
34,1706
473,1712
253,1769
474,1823
440,1851
458,1918
474,1949
44,2080
44,2145
254,2149
254,2154
480,2155
70,2200
71,2200
72,2200
73,2201
247,2201
317,2201
318,2202
55,2211
56,2212
318,2235
69,2269
73,2270
247,2270
317,2270
70,2278
71,2278
72,2278
70,2279
71,2279
72,2279
73,2280
247,2280
317,2280
248,2281
458,2350
53,2370
54,2371
55,2372
227,2417
228,2418
144,2441
318,2475
70,2489
71,2489
72,2489
70,2490
71,2490
72,2490
70,2491
71,2491
72,2491
70,2492
71,2492
72,2492
70,2493
71,2493
72,2493
473,2507
73,2510
247,2510
317,2510
248,2511
69,2523
253,2582
215,2620
67,2635
170,2751
479,2777
254,2790
103,2822
104,2823
225,2824
68,2825
69,2826
73,2827
247,2827
317,2827
254,2847
73,2861
247,2861
317,2861
478,2887
261,2904
262,2905
440,2923
479,3069
480,3070
254,3084
101,3097
441,3118
249,3119
250,3120
251,3121
457,3140
54,3193
252,3194
249,3203
249,3206
253,3224
393,3227
437,3255
392,3273
253,3278
189,3368
190,3369
427,3432
428,3433
192,3442
140,3443
101,3444
70,3465
71,3465
72,3465
70,3466
71,3466
72,3466
70,3467
71,3467
72,3467
73,3468
247,3468
317,3468
248,3469
249,3524
250,3525
251,3526
310,3568
464,3623
276,3685
196,3777
457,3833
226,3866
69,3888
44,3923
441,3943
249,3944
310,3964
253,3968
254,3969
480,3970
473,3989
474,3990
475,3991
103,4040
253,4073
69,4138
70,4139
71,4139
72,4139
73,4140
247,4140
317,4140
248,4141
74,4194
75,4195
145,4211
437,4228
438,4229
392,4231
275,4255
276,4256
69,4281
404,4300
405,4301
226,4303
103,4346
104,4347
225,4348
68,4349
68,4357
458,4366
69,4390
73,4391
247,4391
317,4391
74,4392
458,4407
414,4421
80,4459
141,4460
132,4485
69,4498
70,4499
71,4499
72,4499
180,4500
273,4511
118,4576
458,4638
334,4652
92,4764
93,4765
54,4798
252,4799
253,4800
69,4850
180,4851
227,4861
52,4905
145,4946
69,4951
73,4952
247,4952
317,4952
441,4968
442,4969
140,5020
101,5021
474,5062
253,5147
53,5158
226,5224
58,5311
52,5376
141,5405
68,5497
437,5538
441,5605
73,5662
247,5662
317,5662
228,5680
140,5683
392,5749
262,5791
334,5809
335,5810
436,5871
318,5934
436,5967
437,5968
438,5969
314,5996
228,6158
319,6173
457,6301
458,6302
318,6347
273,6348
274,6349
70,6364
71,6364
72,6364
73,6365
247,6365
317,6365
170,6399
189,6503
190,6504
474,6522
438,6563
228,6607
392,6679
393,6680
355,6682
253,6710
442,6738
392,6760
392,6794
393,6795
241,6861
228,6875
107,6908
512,6925
161,6944
161,7021
254,7073
161,7085
196,7086
80,7313
141,7314
92,7335
189,7381
265,7392
80,7393
141,7394
142,7395
228,7492
190,7506
318,7521
227,7526
428,7540
73,7581
247,7581
317,7581
318,7612
392,7621
393,7622
92,7653
404,7693
405,7694
406,7695
139,7698
140,7699
101,7700
392,7786
225,7842
183,7867
253,8000
101,8075
68,8126
228,8129
161,8144
265,8163
278,8180
226,8208
441,8209
253,8216
227,8219
228,8220
53,8366
226,8376
241,8466
428,8512
226,8531
428,8557
392,8563
393,8564
215,8571
310,8595
422,8616
423,8617
192,8777
140,8778
69,8842
73,8843
247,8843
317,8843
228,8878
29,8940
262,8981
310,8998
440,9013
227,9014
512,9021
226,9030
391,9039
192,9045
101,9069
55,9335
392,9736
254,9786
480,9787
427,9812
241,9824
288,9908
434,9966
101,9975
213,10140
331,10144
332,10145
392,10207
391,10260
80,10269
275,10275
276,10276
92,10281
192,10330
261,10380
101,10429
181,10442
117,10500
273,10508
195,10517
318,10547
141,10553
479,10611
297,10625
203,10715
391,10761
392,10762
181,10824
404,10854
405,10855
68,10857
318,10859
275,10895
92,10907
55,10920
438,10944
275,10952
512,11019
127,11045
128,11046
101,11056
132,11112
442,11140
235,11220
170,11272
406,11300
249,11366
69,11379
70,11380
71,11380
72,11380
73,11381
247,11381
317,11381
228,11383
228,11399
397,11439
275,11495
142,11523
180,11529
253,11549
441,11552
183,11556
423,11563
331,11676
251,11695
276,11738
253,11801
43,11881
275,11898
101,11929
161,11931
312,11934
87,11960
226,11967
479,12054
480,12055
74,12060
276,12099
404,12193
405,12194
254,12200
480,12201
227,12214
458,12264
226,12269
227,12270
473,12309
69,12324
437,12351
438,12352
70,12550
71,12550
72,12550
80,12588
139,12658
413,12673
474,12680
189,12683
190,12684
228,12715
69,12790
70,12791
71,12791
72,12791
180,12792
458,12834
471,12841
472,12842
248,12856
249,12857
473,12881
474,12882
248,12938
92,12951
133,12952
180,12978
212,13005
213,13006
180,13037
226,13104
392,13138
393,13139
441,13149
392,13174
393,13175
102,13182
275,13196
139,13201
140,13202
101,13203
102,13204
213,13223
211,13257
330,13336
195,13384
334,13473
142,13484
228,13522
456,13531
457,13532
392,13590
441,13620
392,13631
44,13634
103,13806
479,13810
227,13845
392,13848
393,13849
404,13862
241,13867
392,13884
249,13894
249,13897
265,13905
80,13906
101,13907
404,13911
128,13941
427,13993
437,14000
438,14001
67,14026
226,14027
253,14041
80,14071
101,14072
275,14116
92,14145
428,14156
275,14180
458,14264
161,14300
80,14463
141,14464
68,14543
318,14545
391,14588
262,14698
195,14706
253,14740
273,14791
437,14836
74,14964
101,14989
102,14990
224,14999
284,15021
190,15035
161,15037
241,15089
139,15135
140,15136
101,15137
102,15138
226,15156
103,15171
318,15329
273,15330
419,15447
275,15466
117,15518
118,15519
119,15520
120,15521
192,15540
140,15541
101,15542
195,15592
261,15613
228,15623
241,15635
261,15654
262,15655
479,15661
284,15675
296,15686
357,15686
297,15687
298,15688
299,15689
101,15697
249,15702
80,15733
101,15734
102,15735
44,15787
464,15830
249,15907
273,15910
249,15970
419,16009
180,16062
228,16072
83,16105
274,16181
275,16182
276,16183
310,16245
389,16261
390,16262
227,16276
228,16277
196,16331
128,16389
228,16399
69,16429
180,16430
253,16525
189,16534
190,16535
67,16637
83,16649
225,16656
68,16657
318,16717
178,16732
179,16733
67,16765
226,16766
273,16768
437,16800
438,16801
69,16819
70,16820
71,16820
72,16820
180,16821
464,16891
253,16894
318,16976
101,17000
102,17001
226,17058
441,17059
128,17072
276,17074
140,17110
141,17111
284,17140
222,17182
318,17228
273,17229
248,17254
227,17273
438,17291
195,17296
183,17319
265,17360
80,17361
101,17362
273,17374
441,17385
275,17399
183,17463
265,17496
254,17533
255,17534
318,17573
248,17664
284,17675
285,17676
74,17787
275,17930
226,17938
161,17958
196,17959
473,17995
54,18063
252,18064
227,18074
480,18264
254,18296
228,18304
140,18307
69,18311
180,18312
434,18327
253,18337
456,18372
457,18373
456,18399
190,18422
128,18436
276,18438
275,18510
54,18530
252,18531
463,18539
464,18540
382,18544
248,18622
211,18676
212,18677
356,18680
333,18734
212,18882
213,18883
214,18884
427,18893
392,18929
393,18930
143,18958
427,18983
253,19030
457,19188
181,19191
161,19198
196,19199
528,19262
184,19267
427,19343
428,19344
392,19357
273,19426
252,19511
249,19536
80,19542
397,19551
275,19614
276,19615
479,19630
52,19676
318,19738
254,19781
457,19788
275,19816
180,19819
335,19821
101,19832
308,19892
330,19928
331,19929
141,19948
203,19958
392,20001
74,20022
75,20023
190,20030
474,20048
70,20123
71,20123
72,20123
58,20175
392,20179
275,20202
383,20208
181,20211
55,20212
181,20221
73,20245
247,20245
317,20245
318,20246
418,20249
392,20343
418,20501
458,20526
189,20529
190,20530
356,20604
226,20618
227,20619
441,20676
68,20709
74,20711
227,20725
273,20740
228,20782
195,20804
140,20807
101,20808
225,20849
68,20882
275,20893
214,20926
53,20927
262,20959
464,21067
68,21092
69,21093
226,21163
74,21183
392,21282
393,21283
457,21345
70,21348
71,21348
72,21348
44,21366
180,21419
404,21440
392,21595
393,21596
101,21777
33,21835
34,21836
225,21844
68,21845
69,21846
73,21847
247,21847
317,21847
318,21848
428,21916
92,21939
133,21940
265,21956
513,21960
457,21980
442,21983
227,22021
275,22029
276,22030
254,22062
141,22075
480,22096
69,22128
310,22134
56,22191
276,22211
253,22234
101,22247
132,22254
262,22276
103,22397
227,22457
318,22515
52,22575
275,22593
236,22661
382,22689
228,22702
229,22703
161,22739
196,22740
180,22767
318,22776
128,22792
458,22794
474,22804
475,22805
54,22809
182,22810
319,22817
392,22822
275,22835
392,22900
392,22906
69,22929
73,22930
247,22930
317,22930
318,22931
145,22950
69,22955
73,22956
247,22956
317,22956
265,22962
80,22963
141,22964
253,23006
254,23007
392,23017
350,23047
254,23103
226,23143
265,23179
80,23180
101,23187
440,23218
58,23245
276,23257
73,23414
247,23414
317,23414
318,23415
456,23470
195,23522
253,23555
53,23562
478,23604
479,23605
183,23636
44,23669
252,23768
141,23795
440,23800
102,23822
223,23825
474,23863
253,23873
473,23908
55,23920
512,23959
275,23978
383,23998
69,24000
73,24001
247,24001
317,24001
92,24009
101,24172
53,24195
213,24221
53,24228
473,24295
248,24298
225,24310
241,24312
242,24313
226,24319
44,24323
140,24350
141,24351
212,24378
458,24394
227,24406
228,24407
392,24411
393,24412
513,24464
314,24536
479,24555
67,24606
68,24607
476,24615
275,24647
437,24910
195,24922
196,24923
318,24951
440,24988
69,25005
70,25006
71,25006
72,25006
70,25007
71,25007
72,25007
275,25013
275,25043
44,25082
297,25089
298,25090
318,25104
102,25117
181,25132
458,25168
189,25191
331,25227
392,25251
393,25252
355,25254
356,25255
139,25270
139,25344
69,25357
413,25363
224,25402
225,25403
68,25404
215,25433
264,25514
265,25515
275,25557
458,25558
248,25614
356,25714
189,25755
190,25756
190,25759
73,25782
247,25782
317,25782
526,25815
141,25817
423,25822
392,25842
393,25887
275,25900
275,25941
252,25944
253,25945
406,25981
393,26042
53,26045
253,26062
195,26116
419,26139
428,26154
358,26215
263,26217
103,26284
252,26354
440,26387
391,26461
392,26462
161,26478
458,26501
253,26547
254,26548
404,26558
526,26636
511,26670
143,26692
474,26732
181,26755
182,26756
458,26782
331,26785
332,26786
255,26819
428,26870
139,26906
227,26924
273,27058
274,27059
275,27060
476,27064
53,27082
189,27162
190,27163
73,27235
247,27235
317,27235
228,27237
224,27253
333,27284
54,27312
55,27313
56,27314
225,27333
241,27335
101,27367
314,27376
479,27434
228,27455
180,27464
404,27482
405,27483
397,27564
275,27626
69,27662
262,27674
474,27749
392,27769
392,27817
393,27818
355,27820
254,27847
255,27848
330,27992
74,28033
440,28064
392,28121
273,28171
274,28172
275,28173
261,28208
196,28271
67,28298
226,28299
467,28323
141,28337
142,28338
143,28339
144,28340
478,28343
74,28354
168,28364
169,28365
190,28410
101,28497
102,28498
127,28506
128,28507
53,28547
227,28589
70,28677
71,28677
72,28677
226,28698
68,28853
254,28865
69,28878
102,28906
103,28907
139,28952
140,28953
145,28959
196,28970
139,28982
68,29013
360,29068
478,29093
479,29094
255,29095
392,29101
69,29120
457,29127
276,29128
251,29158
353,29194
228,29218
73,29237
247,29237
317,29237
275,29249
276,29250
457,29270
414,29282
474,29426
475,29427
236,29560
458,29611
473,29638
69,29698
241,29711
227,29752
69,29774
70,29775
71,29775
72,29775
511,29813
103,29846
69,29858
511,29985
334,30070
335,30071
54,30124
182,30125
296,30212
357,30212
297,30213
458,30217
70,30320
71,30320
72,30320
70,30321
71,30321
72,30321
253,30434
73,30441
247,30441
317,30441
248,30442
102,30459
254,30549
254,30584
413,30609
139,30626
140,30627
101,30628
419,30642
389,30662
390,30663
391,30664
310,30715
356,30728
478,30739
383,30873
101,30896
70,30911
71,30911
72,30911
70,30912
71,30912
72,30912
254,30948
255,30949
225,30970
69,30982
331,30986
383,31016
69,31045
53,31085
101,31091
102,31092
69,31165
70,31166
71,31166
72,31166
73,31167
247,31167
317,31167
318,31168
142,31180
90,31182
383,31199
241,31201
213,31245
214,31246
53,31247
192,31275
69,31330
70,31331
71,31331
72,31331
180,31332
181,31333
227,31340
253,31356
227,31359
275,31391
275,31402
458,31403
190,31484
226,31587
227,31588
389,31636
478,31640
392,31646
392,31675
440,31696
139,31712
140,31713
141,31714
253,31829
53,31831
68,31900
241,31958
242,31959
226,31966
227,31967
241,31991
263,32012
227,32063
215,32068
441,32075
226,32109
70,32116
71,32116
72,32116
73,32117
247,32117
317,32117
254,32129
261,32131
458,32162
296,32210
357,32210
52,32278
53,32279
54,32280
182,32281
183,32282
473,32366
478,32372
441,32375
241,32397
392,32447
393,32448
241,32453
275,32478
392,32491
473,32647
440,32709
228,32799
473,32813
126,32821
455,32830
456,32831
227,32836
228,32837
392,32891
145,32920
248,32927
297,33070
263,33082
392,33134
413,33170
241,33197
209,33373
74,33381
297,33384
128,33540
418,33610
419,33611
252,33665
29,33726
393,33756
53,33764
128,33824
241,33873
526,33963
527,33964
68,34069
226,34088
69,34100
227,34176
275,34188
70,34191
71,34191
72,34191
73,34192
247,34192
317,34192
457,34230
68,34254
69,34287
73,34288
247,34288
317,34288
69,34337
180,34338
418,34350
419,34375
393,34382
479,34386
254,34445
255,34446
275,34457
171,34461
392,34545
393,34546
139,34572
140,34573
141,34574
276,34640
225,34650
253,34681
441,34704
442,34705
275,34730
276,34731
197,34737
434,34819
227,34976
276,35034
70,35083
71,35083
72,35083
441,35096
249,35097
383,35169
392,35206
253,35211
141,35273
181,35322
350,35402
227,35428
440,35431
101,35447
102,35448
478,35470
512,35476
73,35591
247,35591
317,35591
248,35592
73,35618
247,35618
317,35618
437,35628
438,35629
434,35650
437,35661
438,35662
139,35745
228,35759
101,35786
226,35836
392,35859
393,35860
392,35953
393,35954
59,35980
54,35987
182,35988
44,35999
228,36038
92,36113
74,36119
297,36122
69,36199
70,36200
71,36200
72,36200
70,36201
71,36201
72,36201
73,36202
247,36202
317,36202
440,36212
284,36228
101,36242
195,36250
196,36251
80,36280
141,36281
142,36282
74,36351
248,36429
389,36439
390,36440
391,36441
161,36481
228,36497
161,36535
458,36554
66,36561
67,36562
318,36620
384,36689
227,36773
44,36830
458,36835
456,36884
457,36885
392,36890
392,36896
54,36920
392,36974
203,37011
392,37035
276,37070
56,37083
318,37130
319,37131
474,37143
161,37246
162,37247
69,37253
265,37330
69,37355
254,37429
227,37433
458,37526
140,37550
141,37551
101,37563
36,37570
70,37591
71,37591
72,37591
318,37685
225,37724
107,37746
389,37847
390,37848
261,37851
92,37877
276,37995
253,38020
276,38028
261,38115
262,38116
275,38123
70,38165
71,38165
72,38165
73,38166
247,38166
317,38166
392,38170
393,38171
383,38187
241,38274
392,38299
70,38392
71,38392
72,38392
70,38393
71,38393
72,38393
70,38394
71,38394
72,38394
180,38395
181,38396
55,38397
241,38417
437,38426
440,38433
227,38511
392,38514
441,38540
249,38541
248,38586
248,38622
119,38729
190,38763
92,38778
93,38779
297,38860
474,38923
139,38926
140,38927
177,38957
178,38958
161,38976
161,38986
53,39000
512,39057
254,39062
226,39104
182,39144
512,39149
513,39150
457,39154
92,39265
265,39271
59,39274
275,39318
241,39375
392,39422
80,39515
101,39516
102,39517
68,39544
440,39597
275,39612
392,39617
440,39826
227,39827
44,39846
101,39885
102,39886
392,39921
161,39947
441,39968
142,40006
92,40098
441,40140
441,40198
128,40204
139,40249
140,40250
228,40306
261,40355
275,40419
392,40439
83,40474
103,40751
101,40767
161,40769
190,40801
253,40825
254,40826
44,40855
101,40881
392,40885
189,40981
190,40982
253,41029
101,41070
526,41082
422,41161
423,41162
228,41184
140,41187
382,41241
196,41247
118,41255
119,41256
120,41257
69,41292
73,41293
247,41293
317,41293
248,41319
442,41320
314,41329
254,41337
473,41361
226,41446
360,41477
241,41498
139,41500
53,41538
170,41542
196,41619
275,41634
195,41639
53,41665
54,41666
55,41667
56,41668
250,41718
251,41719
68,41742
80,41759
211,41775
226,41825
227,41926
319,42019
458,42029
276,42055
68,42069
253,42157
254,42158
255,42159
265,42226
195,42260
196,42261
440,42296
464,42304
227,42350
392,42353
393,42354
276,42361
101,42369
437,42451
253,42516
53,42518
53,42529
54,42530
55,42531
56,42532
255,42552
53,42562
224,42635
225,42636
458,42664
139,42685
140,42686
101,42687
102,42688
275,42714
183,42773
228,42794
441,42800
192,42814
103,42864
228,42882
140,42885
44,43034
382,43038
254,43152
255,43153
407,43299
156,43314
190,43355
103,43357
53,43538
54,43539
353,43558
351,43613
248,43627
358,43642
474,43651
195,43667
358,43764
145,43919
386,43937
314,43952
331,44009
145,44101
195,44147
513,44219
463,44275
464,44276
117,44337
30,44338
101,44374
254,44381
255,44382
52,44525
117,44557
418,44629
265,44633
80,44634
101,44635
512,44639
103,44720
92,44841
141,44943
253,44979
319,44986
169,44993
332,45011
248,45045
474,45061
241,45080
427,45114
253,45155
276,45229
360,45239
473,45246
273,45295
458,45335
392,45380
241,45412
209,45466
195,45483
196,45484
427,45577
392,45619
189,45649
190,45650
67,45706
253,45725
161,45744
318,45788
190,45847
92,45888
93,45889
392,45912
393,45913
161,45939
196,45942
392,45948
196,46035
319,46099
253,46120
227,46135
228,46136
181,46220
55,46221
228,46253
334,46301
252,46346
382,46442
457,46457
276,46458
478,46548
437,46556
255,46596
139,46623
209,46653
227,46735
141,46751
478,46753
479,46754
195,46882
310,47016
318,47135
141,47138
52,47181
464,47273
180,47349
253,47401
53,47403
427,47582
227,47794
228,47845
253,47868
254,47869
249,47885
225,47917
68,47918
253,48016
254,48023
73,48051
247,48051
317,48051
392,48055
53,48064
318,48117
314,48119
68,48149
242,48152
227,48158
440,48304
227,48305
331,48350
332,48351
227,48388
228,48389
196,48543
141,48562
69,48632
73,48633
247,48633
317,48633
190,48683
253,48741
53,48743
227,48766
227,48784
44,48809
457,48832
458,48833
227,48837
131,49001
195,49003
310,49018
392,49034
393,49035
310,49155
311,49156
312,49157
59,49191
241,49329
318,49349
273,49350
274,49351
275,49352
253,49368
297,49373
275,49379
226,49415
389,49423
512,49496
513,49497
228,49509
141,49538
68,49551
318,49553
273,49554
275,49610
180,49613
195,49626
275,49718
178,49723
179,49724
73,49725
247,49725
317,49725
278,49773
474,49800
145,49823
297,49847
73,49938
247,49938
317,49938
392,50060
241,50070
139,50072
140,50073
101,50074
74,50081
463,50100
392,50112
383,50190
474,50220
275,50231
241,50283
228,50293
101,50423
297,50445
55,50463
391,50493
382,50519
81,50555
473,50572
474,50622
69,50645
73,50646
247,50646
317,50646
189,50653
190,50654
275,50687
458,50688
474,50712
253,50728
68,50886
226,50896
190,50916
53,51086
103,51103
92,51168
59,51189
473,51203
195,51308
140,51311
437,51373
358,51467
80,51496
255,51513
314,51558
254,51625
81,51683
253,51722
195,51748
162,51749
356,51756
296,51757
357,51757
358,51758
441,51880
92,51947
93,51948
104,51979
228,51990
139,52011
140,52012
226,52030
392,52082
393,52083
393,52191
227,52383
318,52454
192,52507
241,52541
404,52596
405,52597
226,52599
36,52624
68,52647
139,52686
319,52846
226,52870
55,52913
392,53002
393,53003
241,53023
253,53074
427,53096
318,53231
192,53265
512,53280
382,53306
161,53314
275,53393
276,53394
80,53479
141,53480
437,53501
275,53515
92,53540
117,53555
404,53601
405,53602
68,53604
69,53605
70,53606
71,53606
72,53606
180,53607
103,53629
273,53652
274,53653
275,53654
215,53683
228,53734
392,53802
393,53803
458,53817
318,53825
392,53843
393,53844
190,53948
392,54047
473,54070
53,54105
227,54217
141,54425
53,54459
248,54490
385,54542
228,54661
273,54705
297,54825
228,54863
54,54872
252,54873
228,54908
68,54956
252,54980
80,55030
101,55031
275,55046
383,55068
227,55070
480,55102
145,55130
381,55166
458,55339
479,55367
511,55374
383,55455
330,55544
90,55546
392,55565
393,55566
141,55619
474,55687
441,55707
249,55708
228,55711
140,55714
101,55715
161,55717
196,55718
54,55751
161,55762
140,55765
101,55766
128,55808
276,55810
80,55870
141,55871
44,55889
80,55939
437,56031
438,56032
68,56055
190,56094
227,56154
228,56155
117,56171
118,56172
119,56173
120,56174
383,56208
54,56210
252,56211
310,56213
311,56214
312,56215
382,56246
392,56251
142,56262
253,56299
297,56348
298,56349
161,56404
101,56468
392,56503
393,56504
254,56512
392,56523
254,56530
139,56571
254,56629
73,56642
247,56642
317,56642
70,56760
71,56760
72,56760
180,56761
455,56776
241,56786
139,56788
441,56878
479,56924
458,56964
226,57011
441,57012
249,57013
226,57065
227,57066
253,57077
227,57094
479,57098
195,57151
265,57162
527,57199
101,57204
474,57208
475,57209
476,57210
437,57267
70,57296
71,57296
72,57296
73,57297
247,57297
317,57297
248,57298
227,57318
457,57330
53,57400
463,57412
101,57452
190,57455
318,57464
54,57484
55,57485
68,57503
228,57506
511,57524
438,57559
358,57569
55,57587
56,57588
139,57647
226,57689
441,57690
101,57699
253,57760
440,57774
314,57899
313,57952
418,57954
101,57968
254,57976
226,58101
189,58111
190,58112
103,58114
161,58150
457,58174
248,58177
58,58220
222,58391
440,58411
190,58429
457,58453
74,58456
473,58468
224,58577
225,58578
90,58617
53,58637
80,58672
101,58673
254,58684
273,58696
181,58703
68,58710
69,58711
140,58870
101,58871
69,58946
70,58947
71,58947
72,58947
180,58948
458,58959
473,58966
227,58989
284,59015
53,59027
228,59228
440,59252
255,59309
177,59335
178,59336
80,59368
473,59386
441,59402
255,59457
438,59479
275,59519
276,59520
264,59544
458,59562
249,59579
296,59607
357,59607
297,59608
458,59619
389,59643
92,59665
392,59669
192,59700
53,59703
473,59781
