507,83
508,84
320,131
397,161
398,162
399,163
30,243
484,251
385,253
386,254
152,266
68,368
69,368
148,368
149,368
150,368
151,368
199,368
68,369
69,369
148,369
149,369
150,369
151,369
199,369
68,370
69,370
148,370
149,370
150,370
151,370
199,370
70,371
129,371
200,371
371,372
372,373
378,416
216,480
417,503
79,513
424,519
44,536
215,544
216,545
45,547
524,558
284,594
43,603
44,604
385,736
175,768
127,796
369,796
128,797
68,798
69,798
148,798
149,798
150,798
151,798
199,798
152,799
79,814
508,833
64,838
65,839
399,842
396,855
143,856
68,937
69,937
148,937
149,937
150,937
151,937
199,937
68,938
69,938
148,938
149,938
150,938
151,938
199,938
201,1029
72,1035
131,1035
73,1036
387,1044
217,1058
218,1059
68,1065
69,1065
148,1065
149,1065
150,1065
151,1065
199,1065
70,1066
129,1066
200,1066
410,1067
411,1068
286,1108
384,1134
158,1192
440,1213
410,1226
52,1239
117,1261
508,1292
175,1340
307,1378
70,1391
129,1391
200,1391
417,1406
424,1416
319,1425
312,1427
123,1448
78,1497
390,1571
152,1581
424,1590
384,1628
385,1629
320,1645
394,1651
395,1652
312,1670
394,1768
395,1769
396,1770
524,1779
385,1799
386,1800
29,1815
45,1830
165,1850
419,2041
268,2045
79,2049
320,2052
399,2094
424,2149
424,2154
386,2158
387,2159
167,2160
30,2173
68,2200
69,2200
148,2200
149,2200
150,2200
151,2200
199,2200
70,2201
129,2201
200,2201
71,2202
130,2202
71,2235
130,2235
72,2236
131,2236
132,2237
86,2238
72,2251
131,2251
132,2252
133,2253
386,2267
387,2268
128,2269
70,2270
129,2270
200,2270
201,2271
68,2278
69,2278
148,2278
149,2278
150,2278
151,2278
199,2278
68,2279
69,2279
148,2279
149,2279
150,2279
151,2279
199,2279
70,2280
129,2280
200,2280
389,2281
45,2346
368,2369
143,2370
55,2373
386,2415
398,2417
411,2418
387,2473
370,2474
388,2474
409,2474
71,2475
130,2475
72,2476
131,2476
68,2489
69,2489
148,2489
149,2489
150,2489
151,2489
199,2489
68,2490
69,2490
148,2490
149,2490
150,2490
151,2490
199,2490
68,2491
69,2491
148,2491
149,2491
150,2491
151,2491
199,2491
68,2492
69,2492
148,2492
149,2492
150,2492
151,2492
199,2492
68,2493
69,2493
148,2493
149,2493
150,2493
151,2493
199,2493
63,2504
70,2510
129,2510
200,2510
389,2511
390,2512
128,2523
455,2530
286,2539
287,2540
98,2580
395,2582
396,2583
386,2652
29,2653
319,2691
370,2772
388,2772
409,2772
410,2773
125,2776
424,2790
128,2826
70,2827
129,2827
200,2827
371,2828
424,2847
70,2861
129,2861
200,2861
508,2884
126,2888
397,2889
45,2915
165,2922
158,2956
158,2989
72,3006
131,3006
144,3061
424,3084
218,3097
336,3146
419,3211
98,3222
395,3224
180,3225
399,3242
394,3277
395,3278
396,3279
181,3293
286,3325
166,3331
370,3332
388,3332
409,3332
410,3333
180,3345
403,3371
394,3394
218,3444
68,3465
69,3465
148,3465
149,3465
150,3465
151,3465
199,3465
68,3466
69,3466
148,3466
149,3466
150,3466
151,3466
199,3466
68,3467
69,3467
148,3467
149,3467
150,3467
151,3467
199,3467
70,3468
129,3468
200,3468
389,3469
396,3516
29,3633
30,3634
216,3644
217,3645
371,3658
419,3676
307,3777
153,3836
370,3843
388,3843
409,3843
371,3844
128,3888
385,3951
386,3952
395,3968
424,3969
394,4072
395,4073
386,4103
145,4124
390,4127
128,4138
68,4139
69,4139
148,4139
149,4139
150,4139
151,4139
199,4139
70,4140
129,4140
200,4140
389,4141
386,4216
29,4217
175,4246
176,4247
179,4249
423,4249
365,4252
128,4281
152,4282
387,4389
128,4390
70,4391
129,4391
200,4391
440,4459
128,4498
68,4499
69,4499
148,4499
149,4499
150,4499
151,4499
199,4499
442,4554
441,4676
65,4700
319,4719
320,4720
156,4766
157,4767
395,4800
180,4801
108,4836
387,4849
128,4850
145,4853
398,4861
419,4879
142,4905
128,4951
70,4952
129,4952
200,4952
410,4953
399,4954
218,5021
180,5043
390,5069
395,5147
396,5148
127,5149
369,5149
396,5157
143,5158
153,5230
63,5236
320,5245
349,5253
126,5270
397,5271
98,5281
394,5301
396,5324
419,5332
142,5376
365,5432
145,5438
390,5441
99,5443
387,5448
319,5453
312,5455
45,5478
54,5480
370,5498
388,5498
409,5498
371,5499
372,5500
98,5562
79,5565
80,5566
79,5587
53,5594
386,5603
368,5611
397,5612
305,5626
524,5628
70,5662
129,5662
200,5662
411,5680
441,5684
45,5698
51,5714
52,5715
304,5757
305,5758
524,5760
365,5842
370,5933
388,5933
409,5933
71,5934
130,5934
524,5952
326,5989
242,6005
327,6014
455,6054
399,6059
268,6096
386,6119
52,6153
411,6158
305,6159
52,6161
386,6203
387,6204
195,6334
196,6335
71,6347
130,6347
68,6364
69,6364
148,6364
149,6364
150,6364
151,6364
199,6364
70,6365
129,6365
200,6365
371,6366
387,6409
370,6410
388,6410
409,6410
410,6411
116,6438
117,6439
396,6447
397,6448
403,6455
374,6457
43,6466
44,6467
368,6468
354,6477
355,6478
320,6505
167,6526
320,6546
312,6593
158,6595
72,6597
131,6597
410,6606
411,6607
320,6652
523,6653
524,6654
287,6677
132,6681
246,6682
433,6705
394,6709
395,6710
46,6712
164,6758
201,6828
446,6862
410,6874
411,6875
152,6896
336,6913
396,6914
127,6915
369,6915
370,6916
388,6916
409,6916
321,6944
327,6999
320,7020
321,7021
53,7027
54,7028
336,7072
424,7073
320,7084
321,7085
307,7086
524,7125
378,7226
268,7229
410,7238
440,7313
79,7353
320,7362
523,7363
524,7364
440,7393
410,7407
433,7447
79,7450
80,7451
284,7464
411,7492
370,7520
388,7520
409,7520
71,7521
130,7521
72,7522
131,7522
368,7524
397,7525
398,7526
320,7543
523,7544
524,7545
79,7564
70,7581
129,7581
200,7581
157,7609
71,7612
130,7612
72,7613
131,7613
132,7614
218,7700
370,7752
388,7752
409,7752
410,7753
394,7825
324,7906
442,7929
72,7946
131,7946
73,7947
79,7953
306,7956
98,7970
304,7990
390,7997
395,8000
127,8013
369,8013
167,8014
220,8048
221,8049
274,8061
218,8075
268,8096
370,8127
388,8127
409,8127
410,8128
411,8129
320,8143
321,8144
322,8145
323,8146
354,8177
355,8178
368,8192
397,8193
372,8195
390,8210
394,8215
395,8216
396,8217
397,8218
398,8219
411,8220
72,8229
131,8229
132,8230
133,8231
419,8240
420,8241
442,8260
443,8261
79,8269
320,8272
433,8298
45,8325
143,8366
30,8367
196,8392
50,8449
51,8450
524,8451
79,8520
320,8560
523,8561
524,8562
396,8570
158,8730
441,8779
442,8780
386,8840
387,8841
128,8842
70,8843
129,8843
200,8843
371,8844
411,8878
320,8893
523,8894
52,8895
98,8947
398,9014
45,9047
43,9067
218,9069
522,9070
64,9109
79,9121
80,9122
216,9146
99,9178
410,9183
507,9252
52,9318
216,9365
45,9375
393,9414
394,9415
508,9418
51,9427
524,9428
216,9638
336,9664
53,9684
351,9689
336,9731
180,9732
305,9753
524,9755
320,9763
523,9764
524,9765
336,9776
424,9786
324,9827
524,9843
319,9894
180,9912
394,9953
43,9973
218,9975
347,10011
327,10013
410,10051
396,10089
127,10090
369,10090
167,10091
52,10116
440,10269
72,10301
131,10301
432,10319
433,10320
420,10334
216,10367
320,10405
218,10429
522,10430
320,10474
52,10485
49,10532
71,10547
130,10547
30,10585
508,10747
81,10841
370,10858
388,10858
409,10858
71,10859
130,10859
52,10872
158,10878
390,10934
390,10955
99,10957
180,11042
218,11056
522,11057
523,11058
524,11059
268,11232
145,11239
419,11337
128,11379
68,11380
69,11380
148,11380
149,11380
150,11380
151,11380
199,11380
70,11381
129,11381
200,11381
410,11382
411,11383
305,11384
158,11397
411,11399
323,11401
98,11478
99,11479
393,11532
79,11541
80,11542
81,11543
82,11544
395,11549
396,11550
397,11551
390,11553
319,11597
327,11662
284,11674
180,11685
390,11798
395,11801
30,11823
31,11824
368,11849
397,11850
72,11919
131,11919
218,11929
522,11930
321,11931
284,12036
387,12058
370,12059
388,12059
409,12059
301,12143
79,12151
320,12169
523,12170
52,12171
433,12197
424,12200
387,12204
370,12205
388,12205
409,12205
371,12206
336,12211
396,12212
397,12213
398,12214
165,12228
219,12246
247,12257
398,12270
399,12271
128,12324
152,12325
433,12333
433,12377
394,12403
286,12468
320,12471
44,12484
221,12507
68,12550
69,12550
148,12550
149,12550
150,12550
151,12550
199,12550
397,12573
440,12588
201,12600
52,12612
53,12622
54,12623
79,12642
45,12660
320,12685
523,12686
158,12713
411,12715
323,12717
341,12744
351,12746
524,12759
386,12788
387,12789
128,12790
68,12791
69,12791
148,12791
149,12791
150,12791
151,12791
199,12791
98,12812
296,12823
389,12856
286,12865
287,12866
135,12892
365,12925
166,12936
370,12937
388,12937
409,12937
389,12938
45,13047
216,13050
217,13051
441,13052
453,13057
84,13059
72,13106
131,13106
287,13115
164,13136
132,13140
390,13150
521,13181
153,13199
218,13203
110,13217
322,13385
433,13393
79,13396
72,13437
131,13437
73,13438
441,13439
411,13522
412,13523
31,13560
286,13587
287,13588
394,13594
52,13625
53,13626
43,13675
53,13691
54,13692
55,13693
53,13698
54,13699
417,13764
398,13845
394,13888
440,13906
218,13907
219,13908
393,14036
394,14040
395,14041
157,14056
158,14057
440,14071
218,14072
522,14073
523,14074
52,14075
386,14268
387,14269
167,14270
321,14300
72,14326
131,14326
132,14327
158,14349
159,14350
440,14463
390,14491
419,14502
370,14544
388,14544
409,14544
71,14545
130,14545
507,14554
419,14592
45,14626
387,14730
167,14731
395,14740
396,14741
397,14742
43,14816
319,14821
320,14822
396,14855
453,14896
217,14988
218,14989
312,14991
320,15036
321,15037
218,15137
312,15139
156,15162
157,15163
372,15259
71,15329
130,15329
139,15368
508,15373
134,15380
312,15406
158,15408
368,15424
397,15425
524,15433
507,15441
508,15442
168,15484
341,15497
524,15509
134,15534
135,15535
218,15542
53,15600
54,15601
63,15603
158,15621
411,15623
218,15697
440,15733
218,15734
354,15754
84,15796
319,15806
79,15815
43,15877
145,15904
80,15913
81,15914
175,15927
176,15928
110,15944
158,15986
175,16035
419,16056
411,16072
366,16118
354,16175
144,16177
80,16206
372,16224
398,16276
411,16277
305,16278
52,16280
49,16292
307,16331
419,16368
411,16399
158,16406
372,16408
274,16417
128,16429
286,16438
395,16525
99,16539
455,16565
375,16636
167,16658
455,16673
79,16677
393,16682
51,16696
166,16698
370,16699
388,16699
409,16699
371,16700
370,16716
388,16716
409,16716
71,16717
130,16717
180,16739
128,16819
68,16820
69,16820
148,16820
149,16820
150,16820
151,16820
199,16820
29,16838
144,16839
368,16866
127,16867
369,16867
395,16894
71,16976
130,16976
218,17000
368,17008
397,17009
72,17035
131,17035
433,17045
390,17060
417,17142
98,17171
71,17228
130,17228
389,17254
398,17273
216,17279
322,17297
397,17336
440,17361
218,17362
522,17363
336,17382
396,17383
397,17384
390,17386
84,17391
81,17420
442,17430
45,17498
216,17501
424,17533
309,17555
71,17573
130,17573
126,17587
397,17588
399,17605
389,17664
390,17665
181,17693
387,17723
49,17735
50,17736
43,17816
98,17828
79,17898
319,17956
320,17957
321,17958
307,17959
54,17990
63,17992
372,17998
370,18017
388,18017
409,18017
410,18018
520,18024
274,18026
524,18068
398,18074
419,18077
49,18089
79,18148
158,18221
72,18223
131,18223
320,18234
176,18241
498,18258
424,18296
411,18304
387,18310
128,18311
387,18329
98,18335
395,18337
337,18338
45,18344
54,18346
390,18376
268,18385
366,18441
367,18442
53,18469
79,18491
80,18492
371,18513
455,18585
433,18607
459,18617
389,18622
419,18747
194,18752
319,18771
326,18800
327,18801
394,18814
455,18838
324,18839
268,18845
397,18885
45,18932
122,18995
342,19001
394,19029
395,19030
372,19069
52,19103
370,19128
388,19128
409,19128
201,19129
158,19169
522,19197
321,19198
307,19199
371,19247
53,19347
324,19389
397,19392
304,19413
368,19417
397,19418
80,19429
159,19441
54,19468
55,19469
312,19501
440,19542
441,19543
125,19629
142,19676
127,19677
369,19677
433,19718
372,19732
71,19738
130,19738
403,19771
324,19772
325,19773
336,19780
424,19781
45,19810
218,19832
522,19833
523,19834
370,20021
388,20021
409,20021
320,20031
523,20032
524,20033
30,20052
286,20094
287,20095
157,20120
68,20123
69,20123
148,20123
149,20123
150,20123
151,20123
199,20123
152,20124
153,20125
181,20145
385,20156
433,20159
63,20214
110,20235
70,20245
129,20245
200,20245
71,20246
130,20246
201,20260
122,20280
288,20282
180,20336
417,20341
396,20405
397,20406
286,20446
158,20459
507,20486
144,20573
286,20577
398,20619
399,20620
419,20653
419,20658
368,20674
397,20675
370,20710
388,20710
409,20710
386,20723
398,20725
319,20773
158,20780
411,20782
441,20799
218,20808
522,20809
167,20883
143,20927
368,20947
217,20979
274,20981
384,21076
128,21093
51,21218
52,21219
403,21241
324,21242
397,21245
79,21318
68,21348
69,21348
148,21348
149,21348
150,21348
151,21348
199,21348
152,21349
153,21350
45,21361
158,21395
60,21404
79,21431
394,21540
319,21557
304,21600
44,21624
176,21630
177,21631
64,21673
368,21687
216,21705
217,21706
99,21742
73,21776
218,21777
522,21778
523,21779
52,21780
128,21846
70,21847
129,21847
200,21847
71,21848
130,21848
320,21919
394,21937
126,21951
433,22009
398,22021
52,22050
53,22051
424,22062
43,22073
410,22108
354,22126
128,22128
53,22189
54,22190
179,22192
423,22192
395,22234
218,22247
80,22355
158,22416
354,22449
398,22457
110,22469
384,22486
385,22487
71,22515
130,22515
110,22529
142,22575
386,22626
387,22627
110,22629
410,22701
411,22702
320,22738
321,22739
307,22740
79,22758
145,22769
71,22776
130,22776
72,22777
131,22777
29,22808
433,22890
128,22929
70,22930
129,22930
200,22930
71,22931
130,22931
128,22955
70,22956
129,22956
200,22956
410,22957
440,22963
110,22971
79,22996
320,22999
523,23000
524,23001
395,23006
424,23007
320,23059
523,23060
524,23061
347,23073
327,23075
410,23085
424,23103
306,23171
440,23180
217,23186
218,23187
522,23188
164,23216
165,23217
84,23341
70,23414
129,23414
200,23414
71,23415
130,23415
158,23539
395,23555
143,23562
268,23574
44,23586
286,23590
287,23591
51,23612
524,23613
287,23621
419,23623
385,23662
386,23663
29,23664
351,23675
63,23702
43,23739
44,23740
304,23743
320,23775
52,23787
217,23794
287,23798
165,23799
418,23808
98,23871
395,23873
377,23886
63,23922
181,23937
128,24000
70,24001
129,24001
200,24001
144,24033
397,24045
319,24064
45,24081
158,24156
446,24162
447,24163
218,24172
219,24173
98,24188
126,24194
143,24195
419,24201
143,24228
320,24277
523,24278
52,24279
157,24285
389,24298
154,24313
45,24334
320,24340
523,24341
524,24342
398,24406
411,24407
305,24408
524,24410
337,24462
433,24516
396,24519
127,24520
369,24520
410,24650
387,24692
78,24704
79,24705
308,24708
72,24720
131,24720
73,24721
441,24722
417,24731
524,24737
79,24757
30,24835
386,24877
387,24878
79,24886
307,24923
390,24938
79,24942
370,24950
388,24950
409,24950
71,24951
130,24951
72,24952
131,24952
132,24953
86,24954
84,24955
354,25003
128,25005
68,25006
69,25006
148,25006
149,25006
150,25006
151,25006
199,25006
68,25007
69,25007
148,25007
149,25007
150,25007
151,25007
199,25007
159,25015
390,25046
387,25102
370,25103
388,25103
409,25103
71,25104
130,25104
312,25118
320,25242
523,25243
52,25244
524,25250
132,25253
246,25254
354,25291
387,25356
128,25357
110,25359
157,25418
336,25431
396,25432
368,25465
394,25530
370,25613
388,25613
409,25613
389,25614
368,25691
180,25720
320,25757
312,25761
70,25782
129,25782
200,25782
286,25852
320,25869
523,25870
524,25871
132,25888
145,25903
395,25945
83,25993
286,26017
441,26025
44,26039
368,26044
143,26045
395,26062
419,26132
396,26147
419,26157
420,26158
180,26161
45,26173
54,26175
79,26240
80,26241
368,26257
320,26276
268,26323
522,26373
394,26379
372,26389
165,26434
123,26438
321,26478
219,26515
395,26547
424,26548
319,26573
153,26644
79,26688
180,26694
320,26767
523,26768
455,26775
125,26791
441,26797
524,26846
215,26851
216,26852
420,26856
353,26859
354,26860
123,26871
347,26877
386,26922
398,26924
51,26933
419,26935
514,26991
387,27017
110,27019
442,27072
143,27082
144,27083
520,27123
320,27164
158,27196
70,27235
129,27235
200,27235
410,27236
411,27237
181,27349
157,27352
158,27353
326,27363
218,27367
370,27453
388,27453
409,27453
410,27454
411,27455
99,27459
128,27662
337,27685
522,27707
523,27708
524,27709
384,27740
446,27751
447,27752
132,27819
246,27820
84,27827
424,27847
319,27862
312,27864
431,27910
371,27945
327,27975
52,28022
386,28045
72,28066
131,28066
498,28096
216,28101
45,28103
53,28154
52,28185
307,28271
399,28277
375,28297
217,28336
320,28408
192,28412
193,28413
60,28427
180,28487
181,28488
218,28497
72,28519
131,28519
73,28520
43,28529
44,28530
43,28540
44,28541
126,28546
143,28547
398,28589
68,28677
69,28677
148,28677
149,28677
150,28677
151,28677
199,28677
152,28678
394,28705
419,28717
275,28749
387,28792
518,28803
284,28811
51,28835
524,28836
301,28851
216,28857
217,28858
424,28865
128,28878
152,28879
410,28896
399,28897
520,28904
521,28905
145,28913
158,28945
307,28970
377,29050
519,29092
117,29096
387,29119
128,29120
286,29139
287,29140
394,29168
217,29195
441,29196
217,29203
441,29204
368,29214
127,29215
369,29215
370,29216
388,29216
409,29216
410,29217
411,29218
308,29220
70,29237
129,29237
200,29237
284,29408
326,29434
53,29486
419,29495
44,29520
126,29551
397,29552
158,29643
348,29652
418,29671
419,29679
128,29698
168,29700
368,29729
127,29740
369,29740
397,29751
398,29752
128,29774
68,29775
69,29775
148,29775
149,29775
150,29775
151,29775
199,29775
152,29776
320,29801
180,29819
128,29858
152,29859
153,29860
446,29861
286,29949
52,30080
366,30144
387,30177
370,30195
388,30195
409,30195
371,30196
285,30200
524,30256
284,30272
433,30279
396,30282
397,30283
72,30285
131,30285
73,30286
441,30287
68,30320
69,30320
148,30320
149,30320
150,30320
151,30320
199,30320
68,30321
69,30321
148,30321
149,30321
150,30321
151,30321
199,30321
370,30350
388,30350
409,30350
506,30403
98,30432
395,30434
70,30441
129,30441
200,30441
389,30442
216,30469
72,30535
131,30535
327,30538
179,30548
423,30548
424,30549
30,30553
424,30584
72,30611
131,30611
218,30628
418,30637
419,30638
180,30734
396,30754
127,30755
369,30755
394,30812
326,30864
218,30896
219,30897
341,30905
68,30911
69,30911
148,30911
149,30911
150,30911
151,30911
199,30911
68,30912
69,30912
148,30912
149,30912
150,30912
151,30912
199,30912
60,30918
396,30939
424,30948
128,30982
152,30983
520,31028
521,31029
387,31044
128,31045
143,31085
218,31091
403,31093
354,31114
128,31165
68,31166
69,31166
148,31166
149,31166
150,31166
151,31166
199,31166
70,31167
129,31167
200,31167
71,31168
130,31168
33,31173
143,31247
336,31281
180,31282
387,31329
128,31330
68,31331
69,31331
148,31331
149,31331
150,31331
151,31331
199,31331
398,31340
395,31356
396,31357
397,31358
398,31359
399,31360
28,31362
304,31384
396,31461
127,31490
369,31490
110,31552
398,31588
236,31623
53,31626
54,31627
55,31628
181,31642
152,31665
165,31695
216,31733
181,31736
370,31788
388,31788
409,31788
410,31789
390,31826
395,31829
396,31830
143,31831
385,31892
399,31954
28,31956
154,31959
398,31967
399,31968
110,32023
181,32027
312,32032
396,32061
397,32062
398,32063
125,32066
126,32067
390,32076
319,32100
157,32113
68,32116
69,32116
148,32116
149,32116
150,32116
151,32116
199,32116
70,32117
129,32117
200,32117
424,32129
72,32223
131,32223
368,32225
397,32226
372,32228
72,32240
131,32240
45,32242
394,32254
52,32275
142,32278
143,32279
98,32326
31,32369
126,32373
397,32374
390,32376
73,32449
366,32468
367,32469
45,32470
159,32480
418,32510
432,32516
319,32547
320,32548
523,32549
524,32550
98,32603
320,32630
410,32650
53,32664
54,32665
55,32666
442,32686
453,32693
59,32719
79,32743
372,32764
325,32766
284,32786
411,32799
442,32806
398,32836
411,32837
52,32899
410,32910
399,32911
370,32926
388,32926
409,32926
389,32927
390,32928
386,32984
312,32991
31,32996
145,33051
45,33057
54,33059
326,33076
72,33172
131,33172
354,33230
312,33258
320,33317
469,33352
216,33362
368,33364
387,33379
370,33380
388,33380
409,33380
320,33421
419,33443
387,33504
72,33623
131,33623
507,33669
126,33671
368,33690
30,33724
304,33743
412,33744
44,33753
433,33760
396,33763
143,33764
320,33777
523,33778
524,33779
410,33787
166,33790
370,33791
388,33791
409,33791
410,33792
45,33840
354,33871
394,33884
410,33901
399,33902
524,33909
320,33942
523,33943
524,33944
399,33993
370,34070
388,34070
409,34070
371,34071
285,34075
386,34098
387,34099
128,34100
152,34101
29,34130
30,34131
126,34135
397,34136
98,34144
398,34176
68,34191
69,34191
148,34191
149,34191
150,34191
151,34191
199,34191
70,34192
129,34192
200,34192
371,34193
372,34194
268,34198
396,34215
127,34216
369,34216
167,34217
377,34245
326,34248
319,34269
386,34285
387,34286
128,34287
70,34288
129,34288
200,34288
410,34289
166,34292
128,34337
433,34369
180,34380
79,34420
80,34421
336,34444
424,34445
287,34525
132,34547
133,34548
459,34560
395,34681
396,34682
72,34689
131,34689
396,34702
397,34703
372,34760
373,34761
158,34801
52,34844
387,34971
398,34976
126,35015
68,35083
69,35083
148,35083
149,35083
150,35083
151,35083
199,35083
152,35084
326,35165
394,35210
395,35211
396,35212
397,35213
336,35235
396,35236
127,35237
369,35237
370,35238
388,35238
409,35238
217,35272
274,35280
157,35336
396,35395
386,35426
398,35428
372,35433
396,35437
218,35447
72,35462
131,35462
219,35514
52,35550
79,35557
365,35580
70,35591
129,35591
200,35591
389,35592
70,35618
129,35618
200,35618
410,35619
418,35630
29,35652
30,35653
31,35654
342,35703
326,35705
411,35759
385,35773
386,35774
217,35785
218,35786
320,35824
45,35862
455,35916
215,35996
396,36003
411,36038
323,36040
180,36044
52,36071
521,36104
287,36128
165,36129
284,36158
521,36161
387,36198
128,36199
68,36200
69,36200
148,36200
149,36200
150,36200
151,36200
199,36200
68,36201
69,36201
148,36201
149,36201
150,36201
151,36201
199,36201
70,36202
129,36202
200,36202
201,36203
218,36242
307,36251
135,36253
440,36280
377,36314
370,36350
388,36350
409,36350
342,36372
366,36393
65,36402
370,36428
388,36428
409,36428
389,36429
320,36480
321,36481
411,36497
412,36498
304,36526
320,36534
321,36535
44,36580
165,36611
71,36620
130,36620
384,36698
386,36701
29,36702
398,36773
30,36805
65,36819
419,36877
53,36967
54,36968
55,36969
419,36980
418,36986
53,37081
54,37082
179,37084
423,37084
180,37085
355,37090
127,37128
369,37128
370,37129
388,37129
409,37129
71,37130
130,37130
419,37148
158,37194
320,37245
321,37246
128,37253
110,37255
196,37299
128,37355
320,37386
386,37417
424,37429
398,37433
441,37460
110,37491
390,37537
43,37561
218,37563
522,37564
68,37591
69,37591
148,37591
149,37591
150,37591
151,37591
199,37591
168,37593
71,37685
130,37685
64,37691
365,37706
386,37718
181,37745
274,37787
524,37804
157,37840
442,37872
368,37905
52,37986
395,38020
180,38021
386,38069
433,38088
396,38091
397,38092
285,38100
410,38126
399,38127
387,38148
370,38149
388,38149
409,38149
201,38150
82,38157
68,38165
69,38165
148,38165
149,38165
150,38165
151,38165
199,38165
70,38166
129,38166
200,38166
410,38167
287,38210
520,38216
521,38217
219,38218
394,38254
98,38286
387,38325
370,38326
388,38326
409,38326
53,38384
68,38392
69,38392
148,38392
149,38392
150,38392
151,38392
199,38392
68,38393
69,38393
148,38393
149,38393
150,38393
151,38393
199,38393
68,38394
69,38394
148,38394
149,38394
150,38394
151,38394
199,38394
55,38398
287,38431
165,38432
398,38511
181,38524
368,38538
397,38539
127,38584
369,38584
370,38585
388,38585
409,38585
389,38586
417,38594
389,38622
394,38670
180,38736
312,38765
453,38786
433,38815
396,38818
165,38851
442,38864
327,38879
441,38928
320,38975
321,38976
321,38986
396,38999
143,39000
399,39036
424,39062
342,39115
176,39121
79,39146
159,39156
418,39212
419,39213
522,39217
523,39218
524,39219
158,39247
159,39248
399,39288
98,39340
29,39397
144,39398
287,39420
158,39434
53,39503
54,39504
440,39515
218,39516
312,39518
287,39534
394,39621
319,39647
320,39648
523,39649
524,39650
33,39670
180,39678
181,39679
403,39684
158,39721
398,39827
218,39885
312,39887
158,39892
460,39896
524,39920
304,39935
342,39940
326,39942
320,39946
321,39947
368,39966
397,39967
158,40033
399,40035
274,40078
286,40112
287,40113
498,40123
64,40125
98,40127
371,40187
372,40188
441,40251
127,40279
369,40279
370,40280
388,40280
409,40280
411,40306
139,40338
336,40359
180,40360
419,40371
410,40422
399,40423
524,40435
296,40500
432,40538
433,40539
304,40556
319,40572
201,40578
126,40632
410,40644
507,40648
508,40649
52,40666
123,40669
396,40736
127,40737
369,40737
218,40767
522,40768
321,40769
395,40825
424,40826
216,40879
217,40880
218,40881
522,40882
523,40883
524,40884
394,41028
395,41029
51,41059
218,41070
446,41076
304,41096
380,41177
411,41184
304,41244
305,41245
306,41246
307,41247
387,41291
128,41292
70,41293
129,41293
200,41293
389,41319
424,41337
72,41452
131,41452
33,41464
322,41519
323,41520
143,41538
144,41539
145,41540
327,41559
158,41602
307,41619
179,41663
423,41663
396,41664
143,41665
179,41669
423,41669
180,41670
304,41672
180,41715
370,41743
388,41743
409,41743
440,41759
394,41840
30,41849
342,41875
370,41903
388,41903
409,41903
410,41904
396,41924
397,41925
398,41926
433,41977
336,41997
396,41998
126,42016
397,42017
508,42093
53,42103
397,42109
395,42157
424,42158
79,42174
80,42175
84,42190
304,42215
307,42261
164,42294
165,42295
157,42300
446,42303
320,42335
397,42349
398,42350
218,42369
522,42370
51,42393
508,42428
296,42486
46,42490
395,42516
396,42517
143,42518
336,42527
396,42528
143,42529
143,42562
520,42629
218,42687
45,42708
410,42728
410,42793
411,42794
368,42798
397,42799
390,42801
508,42840
453,42875
454,42876
455,42877
411,42882
441,42886
394,42923
29,42969
30,42970
274,43060
275,43061
84,43087
424,43152
117,43154
384,43170
396,43176
397,43177
45,43185
390,43193
418,43208
72,43252
131,43252
394,43261
43,43270
455,43278
286,43327
320,43353
396,43382
397,43383
286,43442
287,43443
53,43445
54,43446
390,43455
417,43468
410,43496
312,43527
126,43537
143,43538
453,43577
368,43624
127,43625
369,43625
370,43626
388,43626
409,43626
389,43627
390,43628
324,43688
116,43722
65,43738
180,43752
158,43760
158,43868
498,43894
64,43896
336,43943
180,43944
399,43999
156,44063
157,44064
387,44103
153,44105
446,44106
158,44236
394,44254
508,44306
65,44316
218,44374
424,44381
287,44397
419,44399
419,44508
420,44509
421,44510
422,44511
30,44523
142,44525
127,44526
369,44526
167,44527
229,44539
327,44571
108,44580
180,44595
440,44634
218,44635
522,44636
523,44637
158,44676
441,44688
336,44740
433,44743
385,44780
386,44781
29,44782
165,44809
319,44816
175,44832
176,44833
441,44856
217,44942
394,44978
395,44979
342,45016
387,45043
370,45044
388,45044
409,45044
389,45045
216,45055
284,45088
370,45107
388,45107
409,45107
371,45108
394,45154
395,45155
180,45156
51,45182
52,45183
442,45217
366,45232
285,45261
49,45287
65,45292
80,45298
410,45321
164,45375
366,45463
307,45484
320,45495
166,45538
370,45539
388,45539
409,45539
72,45583
131,45583
304,45587
455,45595
312,45645
483,45704
395,45725
72,45736
131,45736
320,45743
321,45744
45,45748
319,45759
43,45763
71,45788
130,45788
72,45789
131,45789
156,45890
157,45891
455,45918
320,45938
321,45939
306,45941
307,45942
126,45981
127,45982
369,45982
370,45983
388,45983
409,45983
336,46001
180,46002
117,46008
460,46022
307,46035
387,46060
370,46061
388,46061
409,46061
419,46086
395,46120
398,46135
411,46136
305,46137
306,46138
72,46171
131,46171
132,46172
494,46196
441,46233
411,46253
164,46283
126,46310
81,46538
98,46611
45,46625
507,46636
61,46675
62,46676
386,46733
398,46735
399,46736
396,46746
397,46747
72,46749
131,46749
73,46750
508,46792
520,46795
419,46837
30,46903
354,46947
355,46948
394,47014
524,47023
52,47063
519,47070
520,47071
52,47091
71,47135
130,47135
72,47136
131,47136
73,47137
98,47151
142,47181
397,47182
72,47184
131,47184
132,47185
86,47186
63,47250
49,47288
399,47392
394,47400
395,47401
396,47402
143,47403
417,47431
219,47523
216,47568
368,47570
217,47597
274,47599
342,47631
387,47687
64,47724
98,47726
79,47757
386,47792
398,47794
387,47842
370,47843
388,47843
409,47843
410,47844
411,47845
412,47846
394,47867
395,47868
424,47869
63,47874
53,47878
54,47879
433,47902
370,47919
388,47919
409,47919
53,48007
395,48016
424,48023
70,48051
129,48051
200,48051
410,48052
125,48062
126,48063
143,48064
370,48116
388,48116
409,48116
71,48117
130,48117
31,48129
396,48137
397,48138
153,48151
154,48152
398,48158
319,48187
410,48211
82,48214
83,48215
521,48241
319,48263
377,48279
79,48291
398,48305
370,48314
388,48314
409,48314
410,48315
153,48344
319,48370
397,48387
398,48388
411,48389
327,48528
327,48538
307,48543
319,48548
217,48561
342,48567
386,48608
30,48613
128,48632
70,48633
129,48633
200,48633
320,48681
395,48741
396,48742
143,48743
285,48759
398,48766
166,48769
110,48771
72,48778
131,48778
126,48782
397,48783
398,48784
398,48837
117,48848
87,48854
29,48870
236,48901
312,48947
386,48990
387,48991
167,48992
99,49021
380,49042
432,49054
524,49076
72,49086
131,49086
73,49087
387,49090
442,49119
320,49149
365,49198
433,49208
417,49233
180,49245
419,49289
320,49341
523,49342
524,49343
71,49349
130,49349
394,49367
395,49368
180,49369
79,49394
396,49429
397,49430
108,49506
410,49508
411,49509
522,49515
433,49525
370,49552
388,49552
409,49552
71,49553
130,49553
158,49575
397,49619
322,49627
323,49628
304,49670
305,49671
274,49710
70,49725
129,49725
200,49725
145,49765
52,49779
180,49786
433,49808
33,49851
268,49865
70,49938
129,49938
200,49938
410,49939
399,49940
229,49950
274,49960
29,49991
33,50004
387,50025
218,50074
370,50080
388,50080
409,50080
153,50093
394,50116
386,50126
29,50127
30,50137
158,50242
287,50249
411,50293
441,50390
218,50423
396,50431
397,50432
320,50507
523,50508
158,50541
33,50556
433,50604
354,50631
390,50638
128,50645
70,50646
129,50646
200,50646
201,50647
305,50682
306,50683
395,50728
494,50762
72,50776
131,50776
216,50784
72,50817
131,50817
158,50852
390,50854
441,50861
370,50887
388,50887
409,50887
418,50975
306,51031
143,51086
144,51087
385,51131
386,51132
72,51135
131,51135
45,51137
417,51156
158,51162
390,51164
342,51183
384,51194
385,51195
181,51233
127,51482
369,51482
440,51496
274,51498
368,51554
397,51555
372,51561
52,51567
53,51568
216,51579
165,51606
424,51625
158,51645
394,51654
87,51657
217,51682
33,51684
287,51701
179,51709
423,51709
395,51722
433,51735
274,51780
275,51781
65,51816
397,51879
521,51930
522,51931
523,51932
336,51940
180,51941
87,51963
366,51969
370,51988
388,51988
409,51988
410,51989
411,51990
123,52045
84,52096
43,52155
441,52157
371,52165
372,52166
180,52189
320,52260
158,52321
398,52383
110,52407
71,52454
130,52454
53,52492
460,52545
524,52607
87,52641
110,52649
45,52688
522,52704
523,52705
52,52706
45,52745
396,52800
397,52801
158,52805
312,52832
319,52850
320,52851
524,52888
395,53074
180,53075
386,53105
355,53173
312,53218
71,53231
130,53231
72,53232
131,53232
132,53233
133,53234
219,53247
157,53253
507,53261
508,53262
521,53263
319,53312
320,53313
321,53314
72,53424
131,53424
45,53454
440,53479
394,53553
242,53560
319,53567
53,53584
54,53585
128,53605
68,53606
69,53606
148,53606
149,53606
150,53606
151,53606
199,53606
524,53614
396,53682
411,53734
72,53757
131,53757
46,53791
71,53825
130,53825
72,53826
131,53826
132,53827
319,53839
320,53840
523,53841
524,53842
132,53845
86,53846
366,53859
367,53860
45,53886
54,53888
55,53889
79,53907
394,53914
288,54100
143,54105
30,54106
29,54129
144,54130
508,54157
30,54181
288,54187
385,54214
386,54215
398,54217
33,54237
110,54311
72,54318
131,54318
73,54319
399,54336
455,54376
285,54390
365,54410
33,54417
143,54459
30,54460
217,54473
389,54490
390,54491
399,54505
394,54522
180,54578
52,54631
49,54654
410,54660
411,54661
412,54662
324,54700
397,54703
180,54722
98,54760
98,54819
320,54834
523,54835
524,54836
386,54859
387,54860
370,54861
388,54861
409,54861
410,54862
411,54863
29,54881
144,54882
145,54883
410,54907
411,54908
305,54909
52,54911
268,54969
440,55030
218,55031
219,55032
387,55063
370,55064
388,55064
409,55064
398,55070
33,55152
399,55190
79,55197
356,55205
304,55226
419,55286
327,55290
370,55457
388,55457
409,55457
410,55458
399,55459
371,55473
179,55547
423,55547
396,55548
397,55549
132,55567
180,55628
498,55674
460,55683
385,55704
386,55705
411,55711
218,55715
522,55716
321,55717
307,55718
370,55730
388,55730
409,55730
410,55731
399,55732
320,55761
321,55762
218,55766
508,55789
509,55790
387,55792
79,55818
440,55870
348,55904
431,55917
440,55939
384,55968
370,56056
388,56056
409,56056
371,56057
372,56058
373,56059
366,56067
441,56069
43,56082
441,56084
399,56090
320,56092
320,56095
523,56096
52,56097
396,56152
397,56153
398,56154
411,56155
305,56156
394,56169
284,56179
418,56269
217,56281
394,56298
395,56299
394,56352
98,56373
320,56403
321,56404
403,56419
84,56430
285,56456
286,56457
217,56467
218,56468
522,56469
523,56470
524,56471
287,56483
368,56506
424,56512
424,56530
424,56629
70,56642
129,56642
200,56642
410,56643
399,56644
114,56659
45,56684
433,56703
68,56760
69,56760
148,56760
149,56760
150,56760
151,56760
199,56760
386,56768
319,56773
45,56790
455,56825
324,56826
206,56856
179,56858
423,56858
180,56859
216,56874
368,56876
397,56877
217,56950
441,56951
419,56991
390,57016
79,57029
304,57052
412,57053
398,57066
394,57076
395,57077
336,57091
396,57092
397,57093
398,57094
125,57097
144,57102
393,57104
354,57132
322,57152
286,57190
287,57191
218,57204
33,57219
320,57241
275,57271
98,57279
68,57296
69,57296
148,57296
149,57296
150,57296
151,57296
199,57296
70,57297
129,57297
200,57297
389,57298
398,57318
158,57348
419,57391
336,57398
396,57399
143,57400
354,57430
218,57452
522,57453
71,57464
130,57464
72,57465
131,57465
73,57466
441,57467
370,57504
388,57504
409,57504
410,57505
411,57506
396,57579
127,57580
369,57580
370,57581
388,57581
409,57581
390,57691
218,57699
127,57709
369,57709
110,57711
287,57717
403,57736
284,57740
394,57759
395,57760
372,57776
312,57796
158,57798
159,57799
152,57892
44,57947
218,57968
424,57976
396,58040
397,58041
319,58148
320,58149
321,58150
390,58156
389,58177
301,58185
114,58320
115,58321
521,58325
522,58326
523,58327
52,58328
370,58349
388,58349
409,58349
410,58350
79,58373
72,58413
131,58413
336,58486
45,58499
336,58610
143,58637
440,58672
218,58673
424,58684
524,58688
128,58711
152,58712
153,58713
60,58732
30,58743
45,58761
29,58776
30,58777
304,58867
218,58871
219,58872
441,58913
128,58946
68,58947
69,58947
148,58947
149,58947
150,58947
151,58947
199,58947
31,58950
219,58952
394,58974
126,58987
397,58988
398,58989
82,58992
206,58996
143,59027
30,59028
180,59048
458,59134
74,59144
411,59228
165,59251
43,59272
327,59280
195,59322
196,59323
396,59350
440,59368
390,59403
127,59436
369,59436
370,59437
388,59437
409,59437
286,59487
287,59488
433,59491
433,59631
368,59702
143,59703
144,59704
521,59709
433,59762
