373,129
61,160
266,164
267,165
318,222
290,303
268,306
485,335
329,368
330,368
331,368
345,368
329,369
330,369
331,369
345,369
329,370
330,370
331,370
345,370
346,371
102,373
103,374
104,375
105,376
100,402
101,403
300,475
260,534
261,535
262,536
221,539
222,540
123,574
262,604
263,605
264,606
193,638
194,639
264,640
265,641
343,648
462,658
463,659
193,701
344,797
413,797
329,798
330,798
331,798
345,798
266,843
267,844
481,855
206,892
329,937
330,937
331,937
345,937
329,938
330,938
331,938
345,938
51,973
99,1000
347,1029
445,1029
412,1044
203,1058
329,1065
330,1065
331,1065
345,1065
346,1066
223,1145
81,1207
82,1208
343,1301
66,1315
346,1391
103,1410
36,1532
101,1594
256,1600
257,1601
123,1654
124,1655
211,1705
212,1706
481,1770
63,1802
206,1806
256,1845
182,2014
98,2126
412,2159
329,2200
330,2200
331,2200
345,2200
346,2201
106,2214
107,2215
412,2268
344,2269
413,2269
346,2270
347,2271
445,2271
329,2278
330,2278
331,2278
345,2278
329,2279
330,2279
331,2279
345,2279
346,2280
182,2282
397,2371
230,2384
406,2404
407,2405
408,2406
63,2434
64,2435
462,2443
412,2473
329,2489
330,2489
331,2489
345,2489
329,2490
330,2490
331,2490
345,2490
329,2491
330,2491
331,2491
345,2491
329,2492
330,2492
331,2492
345,2492
329,2493
330,2493
331,2493
345,2493
346,2510
344,2523
413,2523
414,2524
483,2576
481,2583
62,2584
482,2584
454,2614
271,2634
272,2635
342,2635
245,2707
48,2711
49,2712
123,2737
181,2740
180,2808
343,2825
344,2826
413,2826
346,2827
260,2850
179,2852
346,2861
267,2967
474,3049
65,3054
65,3057
66,3058
65,3072
65,3075
66,3076
268,3094
261,3095
65,3177
66,3178
219,3186
65,3189
66,3190
397,3193
481,3279
264,3346
64,3401
329,3465
330,3465
331,3465
345,3465
329,3466
330,3466
331,3466
345,3466
329,3467
330,3467
331,3467
345,3467
346,3468
182,3470
481,3516
398,3527
211,3534
122,3561
221,3638
203,3645
111,3654
318,3680
182,3761
30,3786
100,3866
220,3885
344,3888
413,3888
414,3889
267,3984
298,3988
64,3992
373,4037
123,4075
124,4076
125,4077
101,4105
181,4126
344,4138
413,4138
329,4139
330,4139
331,4139
345,4139
346,4140
410,4211
344,4281
413,4281
195,4293
100,4303
101,4304
82,4315
343,4349
343,4357
411,4388
412,4389
344,4390
413,4390
346,4391
64,4409
446,4422
373,4423
344,4498
413,4498
329,4499
330,4499
331,4499
345,4499
280,4510
281,4511
282,4512
283,4513
263,4539
105,4562
317,4611
64,4640
224,4645
159,4675
422,4714
185,4761
453,4764
428,4766
397,4798
412,4849
344,4850
413,4850
106,4911
410,4946
66,4948
344,4951
413,4951
346,4952
447,4991
257,5023
290,5047
279,5067
181,5068
185,5113
256,5128
481,5148
481,5157
100,5224
101,5225
101,5272
481,5324
296,5344
62,5377
482,5377
105,5399
462,5406
195,5424
181,5440
412,5448
343,5497
102,5500
103,5501
104,5502
452,5523
483,5558
182,5606
346,5662
396,5737
263,5755
264,5756
48,5807
49,5808
296,5862
446,5910
263,5993
279,6075
181,6076
180,6171
280,6172
412,6204
461,6251
281,6348
329,6364
330,6364
331,6364
345,6364
346,6365
197,6368
180,6398
412,6409
377,6441
104,6445
481,6447
101,6449
262,6467
409,6530
462,6532
103,6573
176,6713
181,6737
347,6828
445,6828
180,6879
481,6914
490,7034
297,7114
173,7136
276,7210
408,7287
409,7288
185,7332
453,7335
454,7336
104,7346
444,7406
185,7429
64,7444
346,7581
122,7644
453,7653
454,7654
411,7671
180,7717
264,7746
65,7803
455,7874
256,7876
279,7944
280,7945
123,8002
373,8045
343,8126
104,8148
105,8149
106,8150
107,8151
101,8194
102,8195
100,8208
481,8217
385,8315
126,8320
455,8357
100,8376
403,8463
449,8470
450,8471
256,8515
100,8531
101,8532
481,8570
180,8697
122,8703
125,8715
122,8787
256,8800
257,8801
412,8841
344,8842
413,8842
346,8843
124,8897
107,8944
395,9012
100,9030
395,9204
396,9205
107,9255
256,9283
446,9287
122,9411
123,9412
78,9433
279,9483
283,9519
185,9601
256,9613
263,9640
264,9641
264,9733
176,9900
182,9906
183,9907
184,9908
185,9909
195,9913
211,9934
224,9946
225,9947
257,9977
263,9984
264,9985
265,9986
266,9987
267,9988
268,9989
269,9990
182,10001
394,10079
481,10089
415,10092
416,10093
417,10094
175,10101
176,10102
449,10110
450,10111
451,10112
452,10113
175,10117
176,10118
181,10147
282,10209
104,10248
265,10262
256,10264
268,10272
269,10273
453,10281
454,10282
263,10388
394,10418
281,10508
282,10509
198,10597
256,10657
24,10714
267,10725
256,10732
257,10733
282,10764
283,10765
126,10792
343,10857
195,10900
453,10907
101,10915
181,10933
99,10980
90,11010
454,11113
53,11118
301,11150
302,11151
344,11379
413,11379
329,11380
330,11380
331,11380
345,11380
346,11381
283,11428
265,11432
481,11550
265,11579
263,11590
264,11591
111,11754
260,11778
261,11779
280,11837
101,11851
264,11868
103,11873
267,11894
268,11895
269,11896
159,11928
256,11947
257,11948
100,11967
59,12050
412,12058
193,12156
412,12204
481,12212
99,12268
100,12269
344,12324
413,12324
256,12385
302,12440
426,12462
262,12484
175,12517
176,12518
329,12550
330,12550
331,12550
345,12550
417,12562
101,12574
347,12600
445,12600
446,12601
174,12603
424,12630
104,12719
469,12727
470,12728
412,12789
344,12790
413,12790
329,12791
330,12791
331,12791
345,12791
276,12829
298,12880
182,12939
453,12951
405,12957
296,13015
297,13016
298,13017
265,13025
203,13051
100,13104
425,13181
122,13227
405,13281
256,13333
257,13334
279,13364
64,13390
180,13435
280,13436
279,13443
103,13490
256,13551
407,13710
408,13711
290,13716
317,13717
48,13756
49,13757
103,13790
181,13893
175,14003
176,14004
272,14026
342,14026
100,14027
80,14046
195,14121
104,14143
453,14145
276,14241
412,14269
256,14376
297,14405
298,14406
265,14424
474,14508
343,14543
256,14646
185,14678
129,14703
63,14727
64,14728
412,14730
481,14741
265,14773
280,14790
281,14791
282,14792
481,14855
454,14898
455,14899
203,14988
267,15053
174,15080
100,15156
446,15158
428,15162
409,15227
102,15259
444,15328
281,15330
282,15331
283,15332
300,15357
101,15426
473,15485
106,15559
107,15560
469,15582
48,15715
265,15762
256,15807
126,15846
181,15906
281,15910
282,15911
283,15912
279,16070
256,16161
279,16222
102,16224
103,16225
215,16345
446,16352
103,16357
104,16358
195,16383
417,16393
102,16408
260,16413
261,16414
344,16429
413,16429
256,16536
50,16587
398,16588
185,16594
65,16616
260,16619
269,16620
272,16637
342,16637
343,16657
52,16684
414,16734
271,16764
272,16765
342,16765
100,16766
281,16768
282,16769
283,16770
344,16819
413,16819
329,16820
330,16820
331,16820
345,16820
125,16841
123,16896
264,16925
265,16926
483,16962
444,16975
101,17010
256,17025
100,17058
473,17076
462,17112
411,17187
222,17191
281,17229
282,17230
396,17276
281,17374
282,17375
481,17383
263,17393
317,17429
263,17442
88,17460
89,17461
263,17503
264,17504
62,17547
482,17547
452,17552
101,17589
263,17640
412,17723
256,17916
100,17938
101,17939
102,17998
103,17999
397,18063
126,18156
112,18174
221,18191
222,18192
106,18254
408,18294
411,18309
412,18310
344,18311
413,18311
412,18329
461,18357
129,18390
130,18391
263,18443
195,18444
397,18530
124,18547
125,18548
223,18601
182,18623
50,18735
180,18761
181,18762
182,18763
265,18829
61,18884
101,18886
486,18900
123,18933
446,18948
373,18949
279,19067
102,19069
461,19095
124,19105
347,19129
445,19129
104,19141
450,19264
101,19335
48,19381
280,19383
281,19426
282,19427
283,19428
122,19475
129,19479
179,19519
180,19520
223,19549
298,19592
256,19638
373,19696
102,19732
474,19887
290,19893
317,19894
318,19895
263,19913
297,19923
104,20040
329,20123
330,20123
331,20123
345,20123
263,20144
346,20245
444,20259
347,20260
445,20260
193,20285
221,20299
185,20333
481,20405
185,20417
181,20514
106,20548
107,20549
417,20565
125,20575
60,20609
100,20618
182,20677
343,20709
281,20740
282,20741
283,20742
256,20774
210,20830
80,20835
273,20850
343,20882
264,20914
61,20926
225,20934
256,20955
257,20956
203,20979
123,20991
343,21092
344,21093
413,21093
414,21094
206,21133
100,21163
101,21164
329,21348
330,21348
331,21348
345,21348
66,21444
256,21456
173,21478
182,21532
256,21558
263,21598
264,21599
260,21622
261,21623
262,21624
263,21625
384,21632
203,21706
268,21709
269,21710
290,21737
298,21770
256,21817
212,21836
343,21845
344,21846
413,21846
346,21847
221,21895
280,21902
256,21931
453,21939
256,21967
198,22089
344,22128
413,22128
180,22149
174,22188
159,22246
454,22255
283,22354
412,22627
279,22647
64,22806
397,22809
51,22810
52,22811
53,22812
279,22815
280,22816
264,22897
344,22929
413,22929
346,22930
410,22950
66,22952
344,22955
413,22955
346,22956
290,23049
200,23136
100,23143
203,23186
182,23207
404,23229
82,23238
52,23264
53,23265
406,23306
122,23337
263,23343
346,23414
256,23479
267,23530
126,23545
260,23584
261,23585
262,23586
267,23686
262,23740
263,23741
264,23742
195,23763
203,23794
211,23868
273,23896
263,23936
344,24000
413,24000
346,24001
453,24009
454,24010
125,24035
123,24082
182,24299
100,24319
260,24365
103,24507
481,24519
180,24537
280,24546
260,24583
261,24584
272,24606
342,24606
343,24607
273,24673
64,24690
412,24692
280,24719
99,24775
412,24878
181,24937
395,24987
344,25005
413,25005
329,25006
330,25006
331,25006
345,25006
329,25007
330,25007
331,25007
345,25007
414,25008
373,25073
412,25102
416,25122
193,25179
317,25207
124,25246
104,25304
263,25346
195,25347
245,25354
246,25355
412,25356
344,25357
413,25357
343,25404
481,25432
298,25499
474,25591
182,25615
129,25683
461,25685
62,25692
482,25692
60,25769
346,25782
129,25831
263,25885
98,25960
268,26037
261,26038
262,26039
263,26040
481,26147
264,26162
265,26163
82,26207
279,26225
62,26258
482,26258
63,26259
64,26260
373,26274
101,26388
102,26389
103,26390
396,26435
185,26511
296,26621
264,26695
446,26739
51,26756
52,26757
104,26777
159,26796
62,26939
482,26939
483,26940
412,27017
104,27048
281,27058
260,27087
269,27088
279,27106
407,27118
408,27119
409,27120
124,27188
346,27235
50,27285
398,27286
397,27312
263,27348
473,27373
180,27377
104,27407
411,27510
279,27539
344,27662
413,27662
414,27663
104,27693
452,27871
181,27989
282,28123
174,28153
281,28171
195,28178
103,28180
104,28181
297,28200
198,28282
199,28283
200,28284
272,28298
342,28298
100,28299
203,28336
264,28345
256,28411
103,28420
104,28421
280,28504
262,28530
483,28535
262,28541
122,28557
123,28558
124,28559
125,28560
180,28581
280,28582
329,28677
330,28677
331,28677
345,28677
100,28698
89,28704
90,28767
64,28790
412,28792
343,28853
203,28858
194,28872
344,28878
413,28878
266,28898
461,28902
425,28905
49,28911
446,28947
410,28959
411,28960
343,29013
485,29097
412,29119
344,29120
413,29120
473,29130
202,29194
203,29195
203,29203
346,29237
446,29283
65,29390
66,29391
279,29397
260,29404
269,29405
64,29428
260,29513
261,29514
268,29518
261,29519
262,29520
214,29663
264,29683
344,29698
413,29698
414,29699
62,29730
482,29730
264,29759
344,29774
413,29774
329,29775
330,29775
331,29775
345,29775
446,29811
185,29816
264,29820
344,29858
413,29858
473,29967
474,29968
446,29983
179,30047
256,30104
397,30124
51,30125
52,30126
53,30127
411,30176
412,30177
481,30282
329,30320
330,30320
331,30320
345,30320
329,30321
330,30321
331,30321
345,30321
64,30345
65,30346
66,30347
346,30441
263,30569
446,30655
264,30735
265,30736
481,30754
173,30787
174,30788
124,30790
125,30791
159,30895
329,30911
330,30911
331,30911
345,30911
329,30912
330,30912
331,30912
345,30912
414,30913
415,30914
481,30939
104,30946
273,30971
411,30977
344,30982
413,30982
425,31029
411,31043
412,31044
344,31045
413,31045
414,31046
50,31059
407,31079
159,31090
344,31165
413,31165
329,31166
330,31166
331,31166
345,31166
346,31167
290,31171
205,31173
206,31174
461,31179
61,31246
122,31270
263,31301
411,31328
412,31329
344,31330
413,31330
329,31331
330,31331
331,31331
345,31331
481,31357
48,31366
49,31367
264,31383
481,31461
185,31529
100,31587
193,31600
174,31625
282,31648
263,31735
181,31825
481,31830
104,31855
181,31880
343,31900
100,31966
373,32029
481,32061
99,32108
100,32109
329,32116
330,32116
331,32116
345,32116
346,32117
104,32127
452,32140
485,32189
486,32190
101,32227
102,32228
474,32268
397,32280
51,32281
99,32395
411,32451
123,32471
124,32472
282,32493
265,32556
474,32592
107,32600
395,32708
62,32730
482,32730
102,32764
180,32797
398,32862
48,32884
266,32912
410,32920
411,32921
462,33105
463,33106
446,33126
447,33127
448,33128
194,33253
264,33254
265,33255
260,33350
411,33378
412,33379
66,33395
260,33409
62,33447
482,33447
483,33448
412,33504
193,33545
185,33705
65,33720
66,33721
263,33741
264,33742
262,33753
263,33754
351,33758
481,33763
265,33775
279,33812
394,33856
80,33887
256,33904
257,33905
174,33957
409,33980
216,34065
217,34066
218,34067
343,34069
100,34088
412,34099
344,34100
413,34100
329,34191
330,34191
331,34191
345,34191
346,34192
102,34194
481,34215
98,34243
343,34254
412,34286
344,34287
413,34287
346,34288
344,34337
413,34337
462,34502
351,34508
185,34608
273,34651
274,34652
104,34668
481,34682
62,34683
482,34683
48,34686
280,34688
481,34702
373,34723
473,34733
107,34752
394,34754
102,34760
265,34894
256,34896
263,34936
264,34937
80,34942
411,34970
412,34971
104,35027
217,35052
218,35053
219,35054
220,35055
221,35056
329,35083
330,35083
331,35083
345,35083
185,35156
481,35212
481,35236
203,35272
474,35301
486,35358
481,35395
129,35416
101,35432
102,35433
103,35434
104,35435
481,35437
159,35446
409,35467
290,35512
346,35591
80,35599
346,35618
101,35776
203,35785
197,35814
394,35819
265,35822
98,35834
99,35835
100,35836
397,35987
51,35988
481,36003
104,36042
425,36104
453,36113
125,36147
425,36161
211,36177
411,36197
412,36198
344,36199
413,36199
329,36200
330,36200
331,36200
345,36200
329,36201
330,36201
331,36201
345,36201
346,36202
347,36203
445,36203
446,36204
395,36211
98,36312
182,36430
264,36522
64,36556
65,36557
272,36562
342,36562
260,36578
261,36579
262,36580
263,36581
446,36645
397,36920
394,36962
48,37009
101,37113
53,37163
394,37204
344,37253
413,37253
264,37320
220,37352
344,37355
413,37355
414,37356
65,37476
66,37477
98,37580
329,37591
330,37591
331,37591
345,37591
414,37592
473,37594
446,37608
373,37609
256,37650
273,37725
260,37772
265,37806
174,37868
453,37877
454,37878
263,37955
195,37956
174,38012
481,38091
101,38093
412,38148
347,38150
445,38150
446,38151
329,38165
330,38165
331,38165
345,38165
346,38166
351,38173
446,38190
265,38213
425,38217
267,38281
412,38325
173,38382
174,38383
329,38392
330,38392
331,38392
345,38392
329,38393
330,38393
331,38393
345,38393
329,38394
330,38394
331,38394
345,38394
446,38435
263,38523
182,38623
195,38737
453,38778
210,38781
481,38818
267,38944
256,38969
481,38999
256,39038
100,39104
51,39144
453,39265
195,39431
221,39488
222,39489
343,39544
395,39596
205,39670
206,39671
373,39681
264,39823
104,39856
317,39858
180,39867
264,39934
446,39961
182,39969
256,39994
256,40037
453,40098
454,40099
455,40100
256,40102
102,40188
103,40189
182,40199
296,40310
264,40361
446,40450
347,40578
445,40578
474,40587
59,40687
481,40736
416,40761
296,40835
297,40836
298,40837
263,40866
203,40880
211,40954
412,41291
344,41292
413,41292
346,41293
180,41330
48,41340
49,41341
298,41360
454,41374
100,41446
205,41464
206,41465
62,41497
482,41497
447,41564
448,41565
449,41566
450,41567
474,41599
481,41664
397,41666
264,41671
474,41706
343,41742
452,41816
100,41825
265,41870
263,41916
264,41917
481,41924
481,41998
62,41999
482,41999
416,42057
343,42069
101,42110
264,42214
176,42491
256,42512
481,42517
481,42528
397,42530
263,42816
264,42817
246,42968
263,43017
101,43074
481,43176
101,43178
263,43254
264,43255
106,43263
452,43303
481,43382
484,43411
300,43419
181,43454
397,43539
202,43558
260,43605
269,43606
106,43632
176,43711
65,43721
197,43861
410,43919
411,43920
180,43953
180,43959
280,43960
351,44045
428,44063
410,44101
411,44102
412,44103
105,44210
195,44233
36,44325
490,44484
265,44618
263,44661
267,44802
453,44841
48,44879
181,44881
373,44897
105,44930
203,44942
89,44974
412,45043
351,45126
281,45295
282,45296
283,45297
122,45479
280,45510
273,45516
263,45585
264,45586
271,45705
272,45706
342,45706
280,45735
28,45776
409,45833
296,45864
178,45876
179,45877
180,45878
453,45888
428,45890
182,45927
412,46060
106,46242
50,46345
280,46385
276,46523
279,46563
406,46578
263,46631
264,46632
481,46746
462,47139
279,47259
256,47394
481,47402
452,47476
290,47534
280,47561
203,47597
206,47650
104,47654
193,47659
64,47685
412,47687
246,47815
263,47822
264,47823
412,47842
89,47866
343,47918
185,47954
264,47967
265,47968
266,47969
267,47970
256,48012
221,48025
346,48051
180,48120
280,48121
481,48137
343,48149
425,48241
426,48273
395,48303
473,48323
129,48448
112,48456
279,48477
279,48493
203,48561
264,48600
265,48601
344,48632
413,48632
346,48633
481,48742
263,48793
264,48794
80,48802
264,48934
412,48991
103,49015
104,49016
415,49026
111,49067
280,49085
411,49089
412,49090
447,49141
225,49169
264,49246
279,49282
281,49350
88,49365
89,49366
100,49415
481,49429
407,49463
408,49464
409,49465
290,49513
343,49551
281,49554
282,49555
104,49630
346,49725
410,49823
411,49824
205,49851
206,49852
346,49938
291,49959
205,50004
206,50005
412,50025
302,50144
264,50268
279,50372
211,50376
279,50406
481,50431
446,50434
204,50555
205,50556
206,50557
344,50645
413,50645
346,50646
347,50647
445,50647
446,50648
426,50790
279,50805
181,50806
182,50807
263,50819
264,50820
260,50875
343,50886
100,50896
59,50991
174,50999
107,51066
453,51168
447,51218
263,51232
452,51291
256,51376
257,51377
256,51411
373,51439
90,51504
263,51539
264,51540
180,51559
102,51561
223,51627
224,51628
101,51642
112,51661
203,51682
204,51683
205,51684
206,51685
300,51765
185,51770
373,51922
425,51930
453,51947
417,51960
220,51981
221,51982
221,51984
100,52030
101,52031
197,52033
219,52074
220,52075
221,52076
263,52085
276,52091
263,52098
195,52099
124,52115
318,52158
319,52159
102,52166
296,52334
66,52380
211,52401
62,52411
482,52411
446,52428
211,52481
98,52486
99,52539
461,52565
100,52599
101,52600
66,52630
343,52647
195,52694
124,52708
125,52709
219,52755
220,52756
221,52757
222,52758
490,52760
481,52800
101,52802
99,52869
100,52870
174,53039
175,53040
176,53041
264,53076
425,53263
88,53341
89,53342
300,53463
193,53465
181,53473
223,53536
453,53540
454,53541
78,53557
343,53604
344,53605
413,53605
329,53606
330,53606
331,53606
345,53606
281,53652
481,53682
193,53686
352,53688
62,53763
482,53763
176,53792
290,53849
124,54033
263,54053
264,54054
193,54103
122,54108
205,54237
206,54238
416,54255
417,54256
266,54337
267,54338
104,54378
195,54386
205,54417
206,54418
462,54426
193,54457
203,54473
101,54512
106,54524
447,54553
448,54554
449,54555
450,54556
451,54557
264,54579
122,54634
302,54679
281,54705
282,54706
185,54719
264,54723
364,54741
256,54807
412,54860
397,54872
246,54880
407,54917
106,54941
343,54956
65,55059
412,55063
483,55112
410,55130
411,55131
473,55134
205,55152
206,55153
266,55191
124,55238
125,55239
126,55240
223,55348
195,55524
481,55548
263,55607
264,55608
195,55629
397,55751
373,55759
411,55791
412,55792
104,55848
105,55849
106,55850
107,56037
343,56055
102,56058
279,56088
279,56119
273,56147
481,56152
397,56210
174,56258
203,56281
263,56432
203,56467
103,56563
346,56642
266,56645
263,56671
264,56672
351,56701
329,56760
330,56760
331,56760
345,56760
62,56785
482,56785
264,56860
182,56879
351,56945
203,56950
100,57011
264,57051
100,57065
481,57092
373,57181
205,57219
206,57220
329,57296
330,57296
331,57296
345,57296
346,57297
220,57315
481,57399
256,57456
444,57463
397,57484
343,57503
173,57523
481,57579
100,57689
426,57765
101,57775
102,57776
263,57804
264,57805
90,57835
64,57894
220,57940
262,57947
263,57948
481,58040
100,58101
180,58154
181,58155
182,58178
220,58187
417,58191
351,58208
425,58325
395,58410
185,58436
265,58474
266,58475
223,58522
256,58562
273,58579
65,58587
123,58612
124,58613
125,58614
103,58691
280,58695
281,58696
282,58697
343,58710
344,58711
413,58711
101,58928
344,58946
413,58946
329,58947
330,58947
331,58947
345,58947
112,59078
65,59170
66,59171
351,59261
481,59350
62,59351
482,59351
180,59547
279,59577
181,59578
101,59623
193,59653
194,59654
264,59655
453,59665
454,59666
282,59671
396,59682
125,59706
425,59709
245,59751
