102,29
103,30
178,32
110,139
107,159
303,182
462,273
350,302
398,302
306,368
306,369
306,370
174,403
170,490
193,490
265,491
265,520
170,537
193,537
171,538
285,572
462,582
284,706
304,796
401,796
305,797
306,798
400,855
376,856
409,856
233,868
43,869
351,908
399,908
462,924
306,937
306,938
307,939
256,940
266,965
285,978
497,1002
265,1016
306,1065
499,1108
102,1114
103,1115
283,1137
89,1175
412,1236
233,1257
234,1258
265,1260
172,1316
495,1316
469,1363
462,1369
403,1392
266,1403
264,1434
256,1459
394,1570
351,1589
399,1589
171,1591
172,1592
495,1592
173,1593
174,1594
175,1595
311,1651
159,1706
311,1768
400,1770
181,1815
191,1828
192,1829
358,1853
124,2078
125,2079
126,2080
127,2081
117,2123
126,2145
127,2146
194,2155
195,2156
112,2187
127,2194
306,2200
469,2211
504,2248
305,2269
306,2278
306,2279
298,2286
170,2287
193,2287
283,2301
264,2318
191,2344
192,2345
498,2352
169,2368
376,2370
409,2370
410,2371
469,2372
496,2433
497,2438
313,2442
487,2461
402,2474
306,2489
306,2490
306,2491
306,2492
306,2493
305,2523
499,2539
400,2583
89,2594
181,2653
138,2739
402,2772
288,2804
305,2826
127,2844
314,2886
103,2912
169,2914
170,3008
193,3008
172,3059
495,3059
127,3064
194,3070
172,3077
495,3077
173,3117
172,3179
495,3179
172,3191
495,3191
410,3193
411,3194
507,3194
89,3196
394,3202
109,3226
233,3235
311,3277
400,3279
298,3321
170,3322
193,3322
499,3325
402,3332
311,3394
412,3395
497,3404
498,3405
501,3435
306,3465
306,3466
306,3467
400,3516
501,3540
412,3611
181,3633
171,3637
117,3665
191,3705
394,3760
402,3843
120,3885
172,3886
495,3886
305,3888
173,3912
43,3918
126,3923
127,3924
283,3961
284,3962
194,3970
497,3995
498,3996
311,4072
174,4105
134,4120
138,4125
305,4138
306,4139
403,4194
195,4214
181,4217
286,4250
352,4250
305,4281
233,4290
234,4291
174,4304
175,4305
191,4336
501,4344
153,4385
180,4388
305,4390
403,4392
498,4443
256,4483
305,4498
306,4499
307,4500
256,4501
348,4510
410,4798
411,4799
507,4799
109,4802
69,4805
305,4850
307,4851
308,4852
138,4854
172,4949
495,4949
305,4951
134,4981
191,5019
109,5044
350,5046
398,5046
173,5103
501,5127
400,5148
304,5149
401,5149
400,5157
376,5158
409,5158
377,5159
426,5198
191,5202
338,5204
339,5205
174,5225
291,5243
234,5269
174,5272
311,5301
504,5318
400,5324
462,5356
231,5419
232,5420
233,5421
234,5422
134,5425
138,5439
236,5479
402,5498
285,5503
256,5551
237,5595
298,5610
491,5630
357,5663
358,5664
191,5682
115,5700
358,5826
69,5845
402,5933
103,5990
169,5992
109,5994
102,6013
429,6055
497,6106
138,6156
348,6172
498,6207
412,6294
306,6364
171,6385
172,6386
495,6386
402,6410
134,6415
285,6446
400,6447
174,6449
175,6450
102,6497
313,6531
501,6545
497,6586
501,6591
501,6651
396,6657
167,6661
198,6690
177,6697
311,6709
346,6735
347,6736
505,6819
498,6898
400,6914
304,6915
401,6915
402,6916
357,6917
358,6918
102,6998
501,7019
496,7062
71,7069
501,7083
497,7175
498,7176
109,7304
285,7347
501,7361
462,7432
502,7507
503,7508
504,7509
402,7520
501,7542
501,7575
180,7671
284,7677
172,7750
495,7750
402,7752
225,7814
311,7825
497,7844
498,7845
171,7909
172,7910
495,7910
348,7945
283,7950
191,7958
138,8004
304,8013
401,8013
402,8127
174,8194
497,8201
498,8202
311,8215
400,8217
169,8324
376,8366
409,8366
175,8395
412,8422
501,8514
174,8532
256,8545
501,8559
400,8570
71,8623
501,8627
501,8799
283,8809
127,8820
305,8842
347,8876
500,8891
501,8892
127,8934
283,8995
284,8996
491,9041
192,9046
169,9167
170,9168
193,9168
171,9169
469,9335
191,9373
192,9374
310,9414
385,9414
311,9415
172,9465
495,9465
496,9466
501,9501
501,9612
437,9628
191,9722
501,9762
194,9787
501,9868
134,9914
311,9953
412,9954
102,10012
400,10089
304,10090
401,10090
264,10141
428,10172
429,10173
102,10200
103,10201
285,10249
192,10331
102,10369
103,10370
298,10387
172,10583
495,10583
234,10610
291,10655
284,10667
436,10833
175,10838
402,10858
115,10874
116,10875
172,10913
495,10913
173,10914
174,10915
469,10920
394,10954
68,11015
69,11016
109,11043
117,11081
283,11203
501,11211
138,11240
305,11379
306,11380
462,11425
307,11529
308,11530
309,11531
384,11531
310,11532
385,11532
400,11550
102,11661
394,11797
257,11824
348,11837
191,11847
192,11848
174,11851
175,11852
397,11935
350,11936
398,11936
89,11938
261,12049
262,12050
194,12055
402,12059
403,12060
259,12126
501,12168
194,12201
402,12205
400,12212
305,12324
491,12355
311,12403
167,12434
168,12435
169,12436
499,12468
500,12469
501,12470
170,12485
193,12485
339,12540
306,12550
174,12574
134,12596
115,12605
116,12606
259,12648
192,12659
305,12790
306,12791
307,12792
498,12864
499,12865
498,12884
402,12937
288,12958
289,12959
204,12968
503,12974
504,12975
307,12978
285,12989
307,13037
282,13095
283,13096
134,13118
169,13129
170,13177
193,13177
233,13179
412,13239
492,13302
501,13332
348,13436
257,13560
487,13584
499,13587
311,13594
412,13595
173,13619
237,13627
126,13634
462,13713
339,13786
131,13828
173,13844
311,13888
115,13922
168,13962
178,13963
261,13990
310,14036
385,14036
311,14040
115,14084
134,14122
501,14158
357,14197
501,14375
108,14392
496,14483
497,14484
498,14485
402,14544
478,14621
298,14625
478,14653
400,14741
348,14790
400,14855
127,14877
346,14884
347,14885
204,14926
501,14954
403,14964
492,14966
493,14967
462,14979
117,14998
118,14999
504,15092
429,15300
283,15376
284,15377
500,15403
501,15404
395,15420
396,15421
174,15426
462,15525
501,15548
126,15787
462,15795
308,15903
138,15905
497,15952
394,15969
307,16062
256,16063
428,16140
429,16141
412,16150
501,16160
436,16195
305,16429
307,16430
499,16438
501,16487
501,16550
236,16556
429,16566
504,16576
310,16682
385,16682
402,16699
402,16716
102,16760
103,16761
305,16819
306,16820
307,16821
181,16838
138,16850
304,16867
401,16867
138,16898
139,16899
107,16923
108,16924
298,17007
174,17010
191,17109
283,17154
180,17187
182,17277
400,17383
412,17389
462,17390
192,17392
312,17428
508,17428
109,17443
298,17497
117,17517
351,17532
399,17532
265,17534
365,17538
412,17561
174,17589
502,17607
491,17642
403,17787
501,17915
174,17939
236,17989
363,18011
402,18017
314,18023
315,18024
410,18063
411,18064
507,18064
412,18065
491,18070
492,18071
107,18098
264,18099
291,18232
194,18264
497,18268
498,18269
231,18275
191,18306
179,18308
180,18309
305,18311
307,18312
256,18313
236,18345
344,18354
394,18375
204,18382
237,18470
130,18472
175,18514
410,18530
411,18531
507,18531
286,18605
352,18605
412,18656
170,18697
193,18697
312,18713
508,18713
311,18814
412,18815
462,18816
174,18886
138,18935
173,18946
505,19008
89,19015
311,19029
103,19035
283,19113
172,19126
495,19126
402,19128
504,19160
505,19161
70,19182
259,19322
174,19335
237,19348
348,19383
191,19415
192,19416
236,19467
501,19499
411,19511
507,19511
264,19547
284,19556
501,19637
256,19674
304,19677
401,19677
501,19769
339,19775
340,19776
261,19785
169,19809
307,19819
191,19911
192,19912
178,19947
402,20021
403,20022
462,20042
499,20094
357,20108
306,20123
412,20170
462,20171
469,20212
400,20405
172,20413
495,20413
235,20432
499,20446
412,20497
462,20498
462,20506
499,20577
263,20609
115,20612
69,20650
314,20668
103,20671
169,20673
402,20710
403,20711
43,20731
138,20747
191,20806
233,20911
234,20912
376,20927
409,20927
377,20928
127,20987
127,20994
175,21043
487,21064
305,21093
174,21164
403,21183
314,21227
198,21228
501,21239
313,21290
306,21348
126,21366
127,21367
307,21419
172,21445
495,21445
173,21446
311,21540
109,21626
462,21667
298,21686
104,21800
69,21802
501,21816
159,21836
305,21846
170,21893
193,21893
171,21894
348,21902
501,21918
501,21930
311,21937
412,21938
298,21957
394,21982
462,21988
463,21989
173,22020
314,22076
198,22077
169,22094
170,22095
193,22095
194,22096
305,22128
138,22200
67,22204
283,22348
284,22349
462,22351
204,22371
225,22443
349,22516
350,22517
398,22517
103,22520
139,22648
501,22737
307,22767
308,22768
138,22770
181,22808
410,22809
348,22816
394,22837
468,22919
305,22929
172,22953
495,22953
305,22955
171,23008
501,23058
102,23074
89,23156
191,23173
192,23174
394,23206
313,23253
285,23303
286,23304
352,23304
287,23305
365,23325
192,23342
501,23478
408,23498
501,23507
191,23524
408,23561
376,23562
409,23562
116,23565
170,23587
193,23587
499,23590
314,23603
285,23654
181,23664
182,23665
126,23669
127,23670
134,23764
411,23768
507,23768
505,23918
506,23919
469,23920
305,24000
172,24014
495,24014
127,24073
169,24080
138,24084
376,24195
409,24195
408,24227
376,24228
409,24228
342,24249
501,24276
126,24323
127,24324
102,24330
103,24331
169,24333
236,24335
237,24336
501,24339
191,24349
102,24414
351,24461
399,24461
400,24519
304,24520
401,24520
348,24546
233,24553
234,24554
348,24719
429,24750
172,24833
495,24833
402,24950
305,25005
306,25006
306,25007
394,25045
126,25082
127,25083
402,25103
37,25123
391,25128
392,25129
392,25160
115,25182
264,25224
127,25230
192,25345
305,25357
117,25401
118,25402
400,25432
311,25530
312,25531
508,25531
402,25613
169,25690
497,25693
263,25769
264,25770
499,25852
109,25886
138,25904
69,25920
70,25921
411,25944
507,25944
127,26001
170,26014
193,26014
499,26017
109,26041
376,26045
409,26045
400,26147
192,26172
236,26174
298,26256
291,26281
411,26354
507,26354
311,26379
174,26388
43,26399
182,26436
171,26549
172,26550
495,26550
496,26551
169,26568
297,26816
298,26817
170,26818
193,26818
265,26819
497,26862
498,26863
192,26907
170,26908
193,26908
462,27050
376,27082
409,27082
313,27121
314,27122
315,27123
351,27150
399,27150
491,27184
492,27185
394,27197
117,27252
118,27253
410,27312
469,27313
103,27364
178,27366
139,27378
117,27390
402,27453
307,27464
497,27486
180,27510
497,27512
234,27514
235,27515
127,27616
172,27660
495,27660
305,27662
351,27684
399,27684
71,27779
313,27792
314,27793
198,27794
462,27826
285,27846
265,27848
69,27919
391,27941
392,27942
175,27946
345,27954
346,27955
347,27956
396,27998
69,28001
115,28024
403,28033
492,28035
497,28038
498,28039
256,28218
238,28285
313,28341
314,28342
403,28354
351,28486
399,28486
348,28504
349,28505
394,28510
170,28531
193,28531
171,28532
172,28533
495,28533
496,28534
170,28542
193,28542
233,28544
234,28545
376,28547
409,28547
182,28548
234,28562
348,28582
349,28583
497,28610
498,28611
233,28651
306,28677
169,28684
170,28685
193,28685
311,28705
312,28706
508,28706
497,28777
498,28778
351,28864
399,28864
233,28867
491,28874
492,28875
305,28878
314,28903
315,28904
138,28914
283,28956
284,28957
180,28960
498,29029
497,29038
265,29095
305,29120
498,29138
499,29139
497,29153
498,29154
311,29168
312,29169
508,29169
313,29170
388,29193
304,29215
401,29215
402,29216
312,29228
508,29228
357,29238
172,29392
495,29392
303,29462
170,29521
193,29521
233,29549
234,29550
345,29586
346,29587
347,29588
175,29645
305,29698
497,29731
304,29740
401,29740
305,29774
306,29775
496,29793
497,29794
501,29800
428,29835
429,29836
501,29844
305,29858
497,29947
498,29948
499,29949
501,30103
410,30124
353,30135
180,30176
402,30195
400,30282
109,30310
306,30320
306,30321
172,30348
495,30348
402,30350
357,30351
492,30384
497,30387
286,30391
352,30391
314,30402
102,30471
102,30537
171,30550
172,30551
495,30551
351,30583
399,30583
171,30585
172,30586
495,30586
39,30622
40,30623
283,30712
284,30713
235,30740
400,30754
304,30755
401,30755
498,30758
497,30767
313,30799
311,30812
312,30813
508,30813
313,30814
314,30815
198,30816
170,30824
193,30824
298,30848
306,30911
306,30912
400,30939
285,30947
265,30949
180,30977
305,30982
497,31018
314,31027
315,31028
168,31040
178,31041
179,31042
180,31043
305,31045
339,31065
376,31085
409,31085
429,31094
127,31125
305,31165
306,31166
349,31169
350,31170
398,31170
88,31211
376,31247
409,31247
182,31248
192,31276
191,31299
192,31300
180,31328
305,31330
306,31331
307,31332
130,31336
131,31337
400,31357
497,31364
400,31461
304,31490
401,31490
107,31565
402,31788
400,31830
376,31831
409,31831
285,31856
127,31874
502,31970
281,32009
400,32061
306,32116
285,32128
498,32164
174,32227
311,32254
376,32279
409,32279
410,32280
257,32369
314,32371
179,32450
180,32451
175,32507
358,32540
353,32590
412,32605
358,32711
425,32722
303,32729
138,32762
234,32788
350,32822
398,32822
173,32835
497,32882
312,32919
508,32919
180,32921
402,32926
290,32942
256,32995
257,32996
236,33058
173,33124
312,33159
508,33159
89,33323
172,33357
495,33357
180,33378
402,33380
403,33381
443,33557
283,33575
284,33576
290,33640
411,33665
507,33665
365,33682
172,33722
495,33722
109,33755
400,33763
376,33764
409,33764
402,33791
422,33795
298,33839
311,33884
102,33965
402,34070
195,34095
305,34100
498,34103
181,34130
167,34185
306,34191
400,34215
304,34216
401,34216
502,34270
305,34287
305,34337
307,34338
256,34339
351,34379
399,34379
109,34381
171,34387
265,34446
167,34505
168,34506
169,34507
313,34670
314,34671
400,34682
497,34684
348,34688
400,34702
138,34758
169,34795
170,34796
193,34796
69,34854
127,34865
170,34871
193,34871
412,34885
182,34916
169,34935
180,34970
173,34975
127,35010
443,35040
120,35055
306,35083
127,35131
462,35134
311,35210
400,35212
400,35236
304,35237
401,35237
402,35238
498,35339
282,35367
283,35368
284,35369
400,35395
174,35432
285,35436
400,35437
313,35468
314,35469
103,35585
165,35602
181,35652
257,35654
491,35665
492,35666
493,35667
233,35720
234,35721
338,35747
174,35776
284,35888
394,35907
410,35987
126,35999
127,36000
400,36003
285,36043
116,36099
117,36100
503,36106
504,36107
403,36119
178,36195
179,36196
180,36197
305,36199
306,36200
306,36201
365,36276
46,36284
492,36347
402,36350
403,36351
402,36428
115,36476
191,36528
102,36530
134,36649
181,36702
377,36703
103,36728
134,36742
173,36772
43,36786
125,36829
126,36830
127,36831
225,36843
286,36857
352,36857
353,36858
410,36920
491,37087
492,37088
174,37113
304,37128
401,37128
402,37129
127,37160
305,37253
89,37275
108,37319
119,37351
120,37352
172,37353
495,37353
305,37355
347,37369
501,37410
171,37430
172,37431
495,37431
173,37432
502,37445
172,37478
495,37478
501,37541
191,37549
306,37591
505,37665
501,37856
412,37876
491,37889
492,37890
313,37930
314,37931
462,37938
134,37957
109,38022
428,38034
400,38091
174,38093
175,38094
402,38149
306,38165
315,38216
89,38249
311,38254
402,38326
43,38350
237,38385
306,38392
306,38393
306,38394
307,38395
469,38397
304,38584
401,38584
402,38585
395,38587
396,38588
397,38589
166,38592
339,38611
340,38612
392,38619
497,38658
498,38659
311,38670
176,38739
127,38794
400,38818
500,38967
501,38968
501,38974
127,38996
400,38999
376,39000
409,39000
412,39024
171,39063
172,39064
495,39064
173,39065
37,39126
468,39143
497,39240
498,39241
181,39397
350,39424
398,39424
351,39425
399,39425
134,39432
175,39436
175,39479
298,39485
170,39486
193,39486
171,39487
311,39621
351,39677
399,39677
429,39685
233,39820
234,39821
125,39845
126,39846
127,39847
191,39964
192,39965
501,39993
313,40005
412,40097
497,40110
498,40111
499,40112
412,40129
462,40130
395,40141
396,40142
167,40146
304,40279
401,40279
402,40280
357,40281
233,40315
69,40521
169,40526
170,40527
193,40527
462,40638
260,40685
261,40686
262,40687
283,40733
284,40734
285,40735
400,40736
304,40737
401,40737
172,40777
495,40777
496,40778
497,40779
498,40780
259,40807
126,40855
109,40867
69,40947
311,41028
69,41159
70,41160
191,41186
305,41292
357,41294
115,41313
116,41314
351,41336
399,41336
192,41501
426,41516
376,41538
409,41538
138,41541
256,41556
191,41641
43,41653
400,41664
376,41665
409,41665
410,41666
469,41667
191,41674
256,41685
351,41714
399,41714
402,41743
357,41744
283,41762
311,41840
412,41841
402,41903
298,41915
400,41924
286,41975
352,41975
109,41984
400,41998
339,42007
233,42037
259,42040
70,42087
71,42088
174,42110
138,42126
167,42135
265,42159
283,42186
284,42187
462,42189
191,42217
408,42348
178,42368
170,42474
193,42474
233,42476
234,42477
501,42511
400,42517
376,42518
409,42518
182,42519
400,42528
376,42529
409,42529
410,42530
469,42531
107,42550
264,42551
265,42552
408,42561
376,42562
409,42562
501,42601
314,42628
315,42629
118,42635
256,42669
491,42673
497,42678
498,42679
109,42719
191,42796
192,42797
192,42815
429,42878
191,42884
311,42923
181,42969
69,42980
70,42981
71,42982
89,43002
169,43016
125,43033
126,43034
166,43066
174,43074
175,43075
192,43088
170,43089
193,43089
233,43091
231,43122
232,43123
258,43146
259,43147
265,43153
283,43173
284,43174
285,43175
400,43176
174,43178
297,43183
298,43184
394,43192
338,43215
339,43216
340,43217
462,43222
236,43240
311,43261
429,43279
430,43280
462,43304
499,43327
500,43328
501,43329
400,43382
69,43401
290,43429
499,43442
339,43479
340,43480
376,43538
409,43538
410,43539
501,43616
169,43623
304,43625
401,43625
402,43626
491,43640
312,43677
508,43677
428,43687
491,43754
492,43755
134,43758
107,43784
264,43785
298,43793
345,43819
346,43820
347,43821
46,43845
312,43918
508,43918
180,43920
491,43946
492,43947
348,43960
349,43961
350,43962
398,43962
170,43977
193,43977
497,44007
169,44044
353,44046
256,44090
312,44100
508,44100
180,44102
191,44149
134,44234
311,44254
312,44255
508,44255
313,44256
283,44267
127,44302
67,44313
68,44314
285,44380
265,44382
152,44441
153,44442
497,44460
304,44526
401,44526
102,44570
351,44594
399,44594
109,44596
191,44659
192,44660
501,44718
286,44741
352,44741
492,44751
181,44782
178,44855
284,44886
89,44888
311,44978
339,45019
69,45030
402,45044
402,45107
311,45154
491,45158
492,45159
468,45204
89,45330
498,45337
349,45490
501,45494
348,45510
402,45539
357,45540
191,45589
429,45596
501,45628
286,45726
352,45726
353,45727
348,45735
501,45742
191,45746
192,45747
338,45765
339,45766
283,45809
284,45810
69,45906
429,45919
501,45937
234,45980
304,45982
401,45982
402,45983
402,46061
337,46145
469,46221
178,46232
233,46308
234,46309
411,46346
507,46346
348,46385
69,46388
233,46422
234,46423
235,46424
314,46541
314,46547
235,46549
191,46593
192,46594
170,46595
193,46595
265,46596
192,46624
127,46743
400,46746
314,46752
283,46777
284,46778
314,46794
315,46795
71,46823
501,46844
89,46911
135,46925
311,47014
412,47015
412,47020
491,47025
412,47038
315,47071
364,47289
365,47290
115,47315
307,47349
256,47350
311,47400
400,47402
376,47403
409,47403
412,47444
348,47561
248,47644
285,47655
498,47690
412,47728
462,47729
339,47734
283,47750
134,47798
497,47817
498,47818
402,47843
311,47867
394,47884
402,47919
237,48008
501,48011
286,48017
352,48017
171,48024
376,48064
409,48064
182,48065
497,48092
498,48093
402,48116
348,48121
257,48129
127,48134
400,48137
463,48216
127,48288
402,48314
396,48408
289,48459
290,48460
457,48490
169,48511
102,48537
108,48599
305,48632
282,48668
400,48742
376,48743
409,48743
169,48792
167,48806
126,48809
127,48810
173,48836
412,48852
462,48853
181,48870
501,48945
191,49005
348,49085
179,49088
180,49089
422,49143
191,49188
338,49229
89,49241
134,49345
311,49367
491,49371
400,49429
104,49519
69,49521
402,49552
307,49613
408,49618
491,49638
308,49764
138,49766
312,49822
508,49822
180,49824
497,49826
153,49833
353,49836
462,49901
497,49910
498,49911
363,49948
181,49991
377,50016
402,50080
403,50081
311,50116
181,50127
377,50128
452,50172
233,50301
175,50408
400,50431
115,50441
491,50455
492,50456
469,50463
43,50625
394,50637
305,50645
502,50655
503,50656
504,50657
43,50715
394,50853
487,50872
402,50887
170,50927
193,50927
169,50935
170,50936
193,50936
230,50945
231,50946
261,50990
262,50991
376,51086
409,51086
267,51149
394,51163
412,51167
175,51206
102,51228
103,51229
169,51231
191,51310
437,51337
364,51349
365,51350
298,51370
304,51482
401,51482
256,51484
265,51513
266,51514
462,51524
69,51527
168,51537
169,51538
191,51552
192,51553
237,51569
174,51642
231,51649
232,51650
311,51654
412,51655
462,51656
127,51693
286,51710
352,51710
501,51810
115,51830
491,51858
233,51865
43,51866
44,51867
412,51946
119,51980
120,51981
172,51986
495,51986
402,51988
259,52014
174,52031
175,52069
120,52075
462,52095
192,52097
351,52188
399,52188
109,52190
233,52208
69,52325
172,52381
495,52381
173,52382
497,52412
391,52450
392,52451
192,52508
282,52577
174,52600
192,52687
134,52695
169,52744
120,52756
127,52797
400,52800
174,52802
497,52813
469,52913
130,53133
311,53553
50,53587
305,53605
306,53606
307,53607
256,53608
400,53682
191,53736
236,53887
311,53914
376,54105
409,54105
181,54129
283,54160
412,54267
462,54268
462,54380
134,54387
502,54440
376,54459
409,54459
71,54480
347,54503
174,54512
311,54522
501,54536
501,54588
127,54624
412,54762
462,54763
501,54806
412,54811
402,54861
410,54872
411,54873
507,54873
412,54874
462,54875
181,54881
138,54884
411,54980
507,54980
412,54981
462,54982
102,55013
394,55048
402,55064
194,55102
180,55131
127,55248
115,55261
501,55310
167,55316
498,55341
233,55365
234,55366
392,55434
402,55457
175,55474
108,55523
400,55548
492,55552
312,55574
508,55574
298,55606
314,55620
198,55621
134,55630
191,55713
402,55730
410,55751
191,55764
180,55791
125,55888
126,55889
127,55890
478,55947
283,55971
233,56007
134,56016
402,56056
139,56120
400,56152
311,56169
233,56195
234,56196
410,56210
411,56211
507,56211
412,56212
311,56298
131,56313
131,56342
311,56352
312,56353
508,56353
501,56417
412,56428
462,56429
192,56431
499,56457
115,56486
169,56601
171,56630
172,56631
495,56631
169,56670
191,56699
192,56700
306,56760
307,56761
192,56789
236,56791
237,56792
130,56794
170,56804
193,56804
115,56864
107,56919
264,56920
233,56922
234,56923
311,57076
400,57092
171,57099
172,57100
495,57100
309,57103
384,57103
310,57104
385,57104
298,57163
499,57190
102,57200
103,57201
178,57203
501,57240
306,57296
120,57315
172,57316
495,57316
173,57317
400,57399
376,57400
409,57400
410,57484
469,57485
402,57504
462,57550
400,57579
304,57580
401,57580
402,57581
469,57587
474,57600
192,57648
286,57665
352,57665
303,57708
304,57709
401,57709
468,57755
311,57759
174,57775
43,57844
107,57912
314,57918
120,57940
396,57951
351,57975
399,57975
400,58040
120,58187
233,58202
43,58203
117,58287
103,58292
233,58323
402,58349
339,58446
340,58447
403,58456
492,58458
118,58577
313,58619
376,58637
409,58637
182,58638
168,58678
348,58695
305,58711
172,58741
495,58741
236,58762
237,58763
181,58776
365,58836
314,58844
115,58851
191,58869
349,58878
350,58879
398,58879
89,58881
261,58907
172,58926
495,58926
173,58927
174,58928
501,58934
305,58946
306,58947
307,58948
256,58949
257,58950
311,58974
376,59027
409,59027
462,59153
463,59154
172,59172
495,59172
496,59173
497,59174
102,59279
170,59308
193,59308
265,59309
400,59350
497,59352
231,59422
232,59423
304,59436
401,59436
402,59437
265,59457
499,59487
173,59622
174,59623
234,59628
191,59646
192,59701
376,59703
409,59703
89,59765
