519,12
150,81
151,84
104,95
135,137
183,254
483,254
323,304
186,368
186,369
186,370
232,410
135,419
112,458
153,458
439,460
497,492
136,559
137,560
232,571
242,574
122,598
103,603
137,607
323,708
495,774
185,797
186,798
151,833
152,834
112,835
153,835
113,836
126,837
123,867
131,913
132,914
133,915
186,937
186,938
496,964
184,1044
535,1044
519,1056
186,1065
150,1291
151,1292
100,1309
441,1343
91,1352
92,1353
321,1364
496,1402
124,1436
93,1501
511,1555
512,1556
534,1633
242,1654
498,1729
163,1755
319,1767
136,1780
137,1781
183,1800
483,1800
181,1803
481,1804
449,1826
457,1827
458,1828
93,1888
263,1965
323,2030
291,2080
132,2096
223,2101
291,2145
124,2151
480,2156
182,2157
183,2158
483,2158
184,2159
535,2159
186,2200
321,2212
454,2237
454,2252
183,2267
483,2267
184,2268
535,2268
185,2269
186,2278
186,2279
150,2324
458,2344
183,2415
483,2415
534,2436
124,2463
441,2466
184,2473
535,2473
140,2474
186,2489
186,2490
186,2491
186,2492
186,2493
504,2502
127,2505
93,2514
185,2523
187,2524
134,2540
135,2571
136,2572
137,2573
138,2574
93,2581
150,2611
121,2634
123,2643
482,2651
183,2652
483,2652
149,2658
242,2737
140,2772
185,2826
128,2838
93,2881
151,2884
152,2885
142,2991
375,3026
104,3096
70,3110
71,3111
70,3149
516,3167
93,3223
152,3237
132,3258
520,3266
319,3276
139,3331
140,3332
314,3336
534,3402
136,3426
186,3465
186,3466
186,3467
93,3610
93,3625
458,3705
439,3732
150,3754
449,3776
140,3843
396,3879
185,3888
187,3889
519,3920
290,3922
291,3923
183,3952
483,3952
93,3967
534,3972
534,3993
242,4075
482,4102
183,4103
483,4103
185,4138
186,4139
480,4214
182,4215
183,4216
483,4216
185,4281
123,4289
458,4336
184,4389
535,4389
185,4390
231,4395
534,4410
484,4411
100,4444
185,4498
186,4499
106,4554
232,4561
534,4641
194,4659
105,4676
394,4694
91,4706
92,4707
209,4721
165,4741
192,4766
101,4809
383,4818
132,4826
184,4849
535,4849
185,4850
372,4852
367,4885
185,4951
435,5012
457,5018
458,5019
177,5057
348,5126
93,5146
132,5172
457,5201
458,5202
127,5237
391,5242
209,5246
93,5282
94,5302
95,5311
231,5353
232,5354
232,5398
184,5448
535,5448
140,5498
435,5526
482,5602
183,5603
483,5603
141,5663
458,5682
105,5684
135,5733
136,5734
137,5735
138,5736
136,5746
137,5747
482,5869
140,5933
439,5940
482,5965
448,6037
150,6051
530,6055
364,6100
183,6119
483,6119
482,6202
183,6203
483,6203
184,6204
535,6204
319,6215
323,6235
93,6241
186,6364
534,6408
184,6409
535,6409
140,6410
482,6436
100,6463
101,6464
102,6465
103,6466
209,6506
347,6589
348,6590
134,6677
135,6678
454,6681
132,6717
477,6758
135,6759
426,6892
427,6893
100,6899
135,6906
140,6916
141,6917
457,6945
383,6991
457,7022
136,7138
225,7257
226,7258
227,7259
232,7282
133,7316
136,7339
137,7340
112,7395
153,7395
224,7417
93,7459
512,7469
140,7520
132,7533
133,7534
395,7600
454,7614
135,7620
137,7747
140,7752
529,7905
106,7929
457,7957
458,7958
128,7964
326,7985
136,7989
93,7999
242,8002
70,8009
231,8038
140,8127
451,8131
100,8203
454,8230
106,8260
221,8328
131,8431
132,8432
395,8434
391,8577
232,8593
457,8648
227,8665
514,8742
105,8779
106,8780
183,8840
483,8840
184,8841
535,8841
185,8842
132,8889
133,8890
405,8932
101,9036
103,9067
104,9068
92,9177
232,9224
534,9231
150,9250
135,9261
136,9262
137,9263
458,9373
242,9412
243,9413
151,9418
152,9419
136,9429
394,9513
149,9530
92,9579
250,9629
458,9722
459,9723
501,9725
137,9734
534,9789
286,9797
529,9826
132,9930
103,9973
104,9974
516,9982
132,10122
395,10124
124,10143
530,10173
135,10206
136,10261
436,10285
163,10366
495,10378
262,10404
209,10406
209,10475
93,10492
498,10514
456,10517
343,10617
132,10644
133,10645
391,10654
92,10683
151,10747
140,10858
104,11055
375,11067
457,11247
177,11261
497,11302
498,11303
215,11350
498,11356
150,11358
185,11379
186,11380
435,11386
436,11387
364,11416
136,11431
111,11522
112,11523
153,11523
154,11524
372,11530
296,11531
93,11548
247,11558
394,11568
135,11577
136,11578
516,11588
519,11772
520,11773
319,11792
93,11800
449,11845
457,11846
458,11847
137,11869
450,11932
451,11933
452,11934
262,11946
150,12052
534,12057
184,12058
535,12058
140,12059
127,12083
501,12106
502,12107
514,12165
375,12187
534,12203
184,12204
535,12204
140,12205
152,12218
98,12287
99,12288
529,12295
496,12305
185,12324
135,12339
231,12369
177,12380
209,12472
186,12550
249,12625
250,12626
495,12687
135,12693
183,12788
483,12788
184,12789
535,12789
185,12790
186,12791
93,12813
134,12866
138,12935
139,12936
140,12937
232,12988
136,13024
105,13052
134,13115
135,13116
188,13122
189,13123
477,13136
135,13137
454,13140
93,13152
93,13238
125,13337
126,13338
456,13384
105,13439
112,13484
153,13484
71,13517
262,13550
514,13571
396,13579
134,13588
135,13589
319,13593
482,13610
135,13630
291,13634
210,13648
102,13674
103,13675
534,13685
363,13694
514,13724
224,13737
295,13758
262,13804
319,13887
243,14035
142,14068
295,14094
92,14132
93,14133
141,14197
181,14266
182,14267
183,14268
483,14268
184,14269
535,14269
457,14301
454,14327
93,14331
177,14341
135,14422
136,14423
93,14493
140,14544
101,14585
136,14589
137,14590
498,14661
456,14706
457,14707
534,14729
184,14730
535,14730
92,14738
93,14739
136,14772
99,14796
383,14812
103,14816
132,14839
227,15016
192,15162
136,15197
137,15198
193,15203
129,15219
323,15228
529,15299
530,15300
231,15323
375,15345
93,15370
151,15373
453,15422
151,15442
152,15443
494,15508
498,15531
456,15592
457,15593
150,15659
91,15721
92,15722
93,15723
232,15742
142,15757
136,15761
291,15787
93,15832
177,15834
103,15877
372,15903
391,16002
231,16032
262,16092
530,16141
92,16148
93,16149
231,16154
221,16283
91,16319
92,16320
531,16410
104,16415
185,16429
450,16521
93,16524
241,16555
530,16566
531,16567
188,16659
243,16681
139,16698
140,16699
140,16716
187,16734
121,16764
185,16819
186,16820
91,16855
92,16856
93,16893
242,16896
70,16953
458,17109
136,17144
326,17194
138,17275
456,17296
93,17388
106,17430
319,17576
150,17585
93,17667
184,17723
535,17723
181,17752
481,17753
195,17811
102,17815
103,17816
104,17817
98,17855
99,17856
127,17993
140,18017
152,18022
391,18231
209,18235
534,18266
458,18306
184,18310
535,18310
185,18311
184,18329
535,18329
93,18336
93,18378
496,18645
92,18654
93,18655
232,18703
92,18711
93,18712
136,18828
133,18843
313,18917
314,18918
242,18933
482,18965
505,19013
176,19014
394,19020
133,19044
364,19116
140,19128
150,19291
136,19412
458,19415
231,19524
142,19539
105,19543
104,19831
435,19846
436,19847
458,19911
98,19927
140,20021
134,20095
135,20096
141,20108
186,20123
93,20169
95,20175
497,20301
519,20309
92,20495
93,20496
140,20710
482,20722
183,20723
483,20723
519,20733
104,20798
105,20799
456,20804
457,20805
458,20806
513,20919
242,20991
111,21013
439,21053
482,21078
185,21093
187,21094
152,21226
135,21271
186,21348
290,21365
291,21366
92,21428
132,21546
135,21587
135,21594
163,21704
375,21720
185,21846
124,21897
177,22012
103,22073
104,22074
534,22098
185,22128
449,22145
457,22146
164,22170
321,22191
516,22367
227,22380
498,22427
457,22551
231,22612
181,22624
182,22625
183,22626
483,22626
184,22627
535,22627
372,22768
534,22807
164,22869
137,22898
185,22929
383,22937
185,22955
93,23005
135,23016
319,23020
93,23065
136,23088
137,23089
142,23145
449,23169
457,23172
458,23173
516,23185
209,23189
477,23216
95,23245
232,23302
512,23380
93,23401
323,23455
324,23456
325,23457
456,23522
457,23523
458,23524
134,23591
136,23614
152,23618
133,23620
134,23621
232,23653
183,23663
483,23663
290,23668
291,23669
103,23739
133,23797
134,23798
93,23872
449,23971
457,23972
185,24000
313,24012
227,24023
100,24054
242,24082
177,24214
291,24323
348,24338
458,24349
531,24580
449,24643
457,24644
232,24658
534,24691
184,24692
535,24692
105,24722
136,24738
530,24750
531,24751
181,24813
183,24877
483,24877
184,24878
535,24878
314,24889
456,24922
263,24945
140,24950
454,24953
163,24999
185,25005
186,25006
186,25007
187,25008
324,25069
325,25070
326,25071
290,25081
291,25082
184,25102
535,25102
140,25103
124,25226
454,25253
459,25271
375,25301
314,25342
184,25356
535,25356
185,25357
517,25460
518,25461
519,25462
142,25497
323,25532
324,25533
152,25596
140,25613
92,25639
227,25700
133,25819
135,25841
319,25845
262,25868
454,25888
100,25936
101,25937
102,25938
497,25983
498,25984
93,25989
516,26012
105,26025
104,26034
93,26061
262,26087
319,26096
456,26116
457,26117
337,26177
314,26184
209,26277
210,26278
224,26293
243,26313
94,26380
394,26440
426,26443
427,26444
457,26479
394,26599
394,26618
391,26668
495,26769
124,26771
105,26797
394,26900
395,26901
183,26922
483,26922
498,26942
184,27017
535,27017
106,27072
395,27112
152,27124
314,27142
295,27158
135,27244
321,27314
223,27330
225,27401
226,27402
227,27403
323,27409
102,27447
140,27453
250,27566
185,27662
187,27663
482,27743
391,27755
313,27757
394,27805
135,27816
454,27819
231,27823
232,27824
500,27836
501,27837
232,27845
497,27849
394,28004
183,28045
483,28045
135,28059
502,28086
163,28100
449,28270
441,28286
112,28338
153,28338
501,28424
503,28484
102,28528
103,28529
103,28540
242,28558
534,28574
142,28577
123,28650
186,28677
323,28707
534,28791
184,28792
535,28792
96,28843
185,28878
295,28912
313,28949
314,28950
484,28961
449,28969
315,28996
498,29002
344,29052
262,29073
184,29119
535,29119
185,29120
134,29140
247,29191
105,29196
516,29202
105,29204
140,29216
323,29229
141,29238
519,29246
314,29328
189,29422
534,29429
484,29430
498,29440
177,29468
104,29515
124,29523
383,29660
185,29698
187,29699
534,29709
137,29760
185,29774
186,29775
439,29797
348,29799
137,29821
530,29836
185,29858
149,30039
71,30054
449,30077
184,30177
535,30177
140,30195
181,30219
105,30287
186,30320
186,30321
140,30350
141,30351
93,30433
150,30449
231,30464
177,30498
504,30546
505,30547
344,30590
502,30846
186,30911
186,30912
187,30913
100,30960
185,30982
111,31026
184,31044
535,31044
185,31045
187,31046
530,31094
250,31154
185,31165
186,31166
112,31180
153,31180
176,31183
501,31185
177,31212
194,31218
458,31299
135,31307
193,31311
184,31329
535,31329
185,31330
186,31331
93,31355
394,31591
312,31624
366,31773
140,31788
314,31792
395,31813
93,31828
396,31886
482,32000
186,32116
93,32327
93,32378
135,32446
242,32471
135,32490
136,32555
93,32604
363,32667
106,32686
106,32806
142,32887
70,32901
350,32913
140,32926
93,32930
313,32944
314,32945
142,32977
182,32983
183,32984
483,32984
484,32985
314,33002
100,33093
111,33104
123,33146
394,33152
92,33157
93,33158
323,33160
516,33248
503,33295
123,33307
184,33379
535,33379
140,33380
367,33485
215,33494
184,33504
535,33504
177,33651
314,33656
136,33774
138,33789
139,33790
140,33791
383,33854
384,33855
313,33913
479,33914
534,33916
262,33941
482,33972
324,34011
315,34025
140,34070
100,34076
480,34095
481,34096
482,34097
183,34098
483,34098
184,34099
535,34099
185,34100
520,34105
124,34110
186,34191
215,34250
482,34284
183,34285
483,34285
184,34286
535,34286
185,34287
138,34291
139,34292
185,34337
503,34377
132,34514
395,34516
133,34524
134,34525
135,34526
454,34547
132,34713
449,34880
450,34881
93,34884
136,34893
184,34971
535,34971
225,35021
226,35022
227,35023
186,35083
135,35201
319,35209
140,35238
516,35271
181,35423
481,35424
482,35425
183,35426
483,35426
138,35430
500,35482
501,35483
484,35494
150,35643
183,35774
483,35774
516,35784
384,35818
136,35821
135,35858
133,35929
135,35952
497,35966
290,35998
291,35999
383,36030
133,36127
134,36128
136,36153
246,36189
184,36198
535,36198
185,36199
186,36200
186,36201
142,36214
456,36250
112,36282
153,36282
335,36284
140,36350
405,36390
140,36428
457,36482
137,36523
136,36525
458,36528
319,36550
482,36700
183,36701
483,36701
519,36788
291,36830
136,36964
137,36965
363,36970
135,37034
321,37083
140,37129
384,37203
324,37209
325,37210
326,37211
185,37253
92,37272
93,37273
177,37279
137,37321
185,37355
187,37356
142,37371
209,37387
263,37411
482,37416
183,37417
483,37417
105,37460
347,37530
135,37532
458,37549
103,37561
104,37562
209,37565
502,37568
186,37591
187,37592
520,37701
482,37717
183,37718
483,37718
136,37805
263,37808
106,37872
482,38068
183,38069
483,38069
263,38129
534,38147
184,38148
535,38148
140,38149
136,38154
186,38165
134,38210
135,38211
136,38212
135,38298
142,38307
534,38324
184,38325
535,38325
140,38326
123,38362
70,38375
337,38379
186,38392
186,38393
186,38394
457,38406
132,38429
133,38430
134,38431
136,38560
140,38585
364,38601
92,38629
93,38630
194,38767
106,38864
105,38928
529,38938
133,38966
450,38977
457,38987
227,39074
134,39420
135,39421
98,39458
99,39459
519,39498
337,39506
134,39534
164,39538
319,39620
313,39654
496,39655
497,39656
498,39657
530,39685
531,39686
195,39713
101,39748
142,39787
123,39819
137,39824
138,39825
291,39846
457,39948
458,39964
112,40006
153,40006
93,40096
134,40113
93,40128
127,40238
100,40243
105,40251
194,40256
140,40280
141,40281
142,40282
383,40287
384,40288
338,40342
137,40362
263,40425
136,40436
137,40437
135,40554
136,40555
150,40630
151,40649
394,40671
450,40821
93,40824
290,40854
291,40855
436,40917
152,40920
135,40932
132,40950
181,41112
458,41186
184,41291
535,41291
185,41292
141,41294
137,41310
250,41349
123,41432
124,41433
133,41529
394,41532
394,41606
456,41639
457,41640
458,41641
519,41655
290,41657
321,41668
458,41674
140,41743
141,41744
92,41749
136,41869
140,41903
496,41907
314,41929
98,41934
124,41952
125,41953
126,41954
96,41968
123,42036
151,42093
152,42094
497,42160
458,42217
456,42260
142,42285
477,42294
136,42317
250,42387
324,42400
151,42428
152,42429
132,42454
241,42489
123,42498
93,42515
321,42532
458,42796
137,42818
164,42822
151,42840
135,42847
136,42848
530,42878
458,42884
105,42886
123,43023
291,43034
137,43041
534,43072
449,43134
101,43268
102,43269
103,43270
530,43279
262,43318
262,43352
134,43443
337,43448
497,43573
348,43615
140,43626
93,43630
457,43659
456,43667
450,43668
451,43669
92,43675
93,43676
323,43678
123,43780
335,43845
93,43917
484,43921
192,44063
184,44103
535,44103
456,44147
457,44148
458,44149
151,44306
136,44345
137,44346
314,44348
134,44397
138,44458
164,44469
465,44491
322,44512
93,44563
135,44616
136,44617
498,44652
458,44659
105,44688
183,44781
483,44781
142,44823
105,44856
511,44871
250,44892
232,44929
516,44941
534,45042
184,45043
535,45043
140,45044
140,45107
106,45217
142,45267
426,45269
427,45270
477,45375
135,45376
136,45377
137,45378
456,45483
348,45493
139,45538
140,45539
141,45540
458,45589
530,45596
531,45597
125,45614
126,45615
326,45637
325,45684
121,45705
457,45745
458,45746
103,45763
308,45774
323,45812
324,45813
323,45834
192,45890
530,45919
531,45920
140,45983
184,46060
535,46060
140,46061
93,46119
534,46133
454,46172
249,46223
105,46233
123,46260
124,46261
125,46262
126,46263
477,46283
70,46286
132,46391
395,46393
496,46430
497,46431
498,46432
373,46481
177,46527
152,46540
458,46593
93,46612
482,46732
183,46733
483,46733
149,46790
150,46791
151,46792
152,46793
152,46796
101,46804
102,46805
456,46882
501,46932
502,46933
93,47019
150,47059
262,47156
454,47185
92,47239
93,47240
504,47248
93,47275
92,47340
534,47686
184,47687
535,47687
512,47719
513,47720
93,47727
394,47741
183,47792
483,47792
137,47824
184,47842
535,47842
140,47843
436,47861
124,47871
140,47919
498,47960
142,47980
348,48010
93,48015
137,48099
140,48116
263,48188
338,48201
481,48230
482,48231
140,48314
495,48347
124,48349
263,48371
136,48463
307,48553
183,48608
483,48608
185,48632
231,48641
263,48684
138,48768
139,48769
137,48795
291,48809
375,48814
226,48817
227,48818
496,48847
137,48935
482,48989
183,48990
483,48990
184,48991
535,48991
456,49003
457,49004
458,49005
184,49090
535,49090
106,49119
209,49150
452,49157
458,49188
519,49214
137,49247
367,49311
314,49318
495,49332
314,49333
140,49552
456,49626
262,49702
372,49764
133,49863
156,49878
157,49879
232,49899
133,50006
184,50025
535,50025
123,50039
395,50042
140,50080
319,50115
482,50125
183,50126
483,50126
478,50158
314,50159
484,50176
449,50198
457,50199
133,50248
134,50249
135,50250
137,50269
314,50271
123,50300
152,50303
262,50381
105,50390
136,50437
137,50438
70,50522
519,50627
520,50628
185,50645
313,50650
314,50651
496,50670
457,50684
163,50783
105,50861
140,50887
111,51019
457,51032
128,51116
183,51132
483,51132
93,51166
135,51215
456,51308
457,51309
458,51310
93,51414
98,51445
132,51530
458,51552
531,51563
133,51700
134,51701
135,51702
456,51748
394,51887
123,51911
495,51933
93,51945
140,51988
394,52047
102,52154
103,52155
104,52156
105,52157
123,52207
519,52243
209,52261
163,52390
164,52391
123,52527
124,52528
347,52530
135,52532
136,52608
137,52609
93,53073
482,53104
183,53105
483,53105
484,53106
250,53111
454,53233
150,53259
151,53262
133,53289
516,53452
343,53464
133,53482
157,53493
373,53518
338,53528
185,53605
186,53606
458,53736
177,53775
454,53827
454,53845
363,53890
263,53949
136,54044
137,54045
92,54139
93,54140
150,54156
151,54157
183,54215
483,54215
92,54265
93,54266
516,54472
93,54493
263,54537
373,54564
123,54644
177,54750
93,54761
457,54782
93,54810
482,54858
183,54859
483,54859
184,54860
535,54860
140,54861
135,54923
534,55062
184,55063
535,55063
140,55064
534,55104
484,55105
133,55154
450,55174
263,55311
326,55371
503,55430
140,55457
454,55567
92,55572
93,55573
323,55575
227,55581
137,55609
70,55612
183,55705
483,55705
458,55713
140,55730
457,55763
458,55764
151,55789
184,55792
535,55792
291,55889
123,56006
152,56009
140,56056
105,56069
103,56082
104,56083
105,56084
394,56159
452,56215
132,56231
101,56233
137,56249
112,56262
153,56262
154,56263
93,56374
133,56393
262,56402
394,56460
516,56466
131,56480
132,56481
133,56482
134,56483
135,56502
96,56574
137,56673
516,56682
458,56699
394,56726
186,56760
482,56767
183,56768
483,56768
137,56820
137,56861
137,56870
105,56951
296,57103
241,57139
227,57145
456,57151
134,57191
209,57242
93,57280
94,57281
186,57296
352,57336
353,57337
105,57467
315,57477
127,57492
140,57504
140,57581
321,57588
504,57598
505,57599
506,57600
93,57693
133,57716
134,57717
132,57750
137,57806
314,57808
101,57847
534,57895
232,58084
457,58151
519,58205
95,58220
190,58266
204,58269
484,58304
111,58312
140,58349
243,58377
136,58473
70,58501
262,58561
242,58612
322,58618
226,58668
227,58669
185,58711
478,58739
241,58785
226,58797
227,58798
136,58866
458,58869
105,58913
185,58946
186,58947
130,59136
131,59137
188,59212
189,59213
519,59258
103,59272
104,59273
405,59302
140,59437
134,59488
189,59522
176,59556
458,59646
137,59656
138,59681
484,59738
