353,19
135,49
136,50
213,66
210,68
170,75
202,133
321,161
322,162
304,188
53,190
10,244
93,259
106,276
67,290
50,313
263,368
263,369
263,370
264,371
96,372
93,423
441,434
275,435
79,521
223,648
170,681
171,682
210,703
211,704
66,737
274,737
276,776
454,796
263,798
396,903
263,937
263,938
10,941
78,964
304,976
352,1009
456,1029
263,1065
264,1066
323,1068
250,1118
428,1130
463,1131
428,1135
429,1136
430,1137
260,1139
23,1176
350,1190
351,1191
222,1300
223,1301
441,1314
170,1346
171,1347
300,1355
170,1360
264,1391
78,1402
351,1428
33,1436
34,1437
117,1446
47,1534
137,1569
138,1570
139,1571
300,1574
97,1595
202,1605
203,1606
66,1630
274,1630
67,1631
106,1709
351,1724
135,1732
159,1786
385,1951
179,2027
353,2068
394,2108
395,2109
396,2110
276,2129
277,2130
435,2132
436,2133
33,2151
10,2174
11,2175
263,2200
264,2201
164,2202
304,2227
135,2231
136,2232
164,2235
264,2270
456,2271
263,2278
263,2279
264,2280
430,2301
320,2369
322,2417
323,2418
33,2463
95,2474
455,2474
164,2475
263,2489
263,2490
263,2491
263,2492
263,2493
264,2510
139,2512
441,2536
179,2546
180,2547
23,2595
21,2605
335,2617
95,2772
455,2772
349,2779
443,2779
266,2810
170,2812
222,2824
223,2825
264,2827
96,2828
276,2849
264,2861
350,2867
70,2887
321,2889
179,2948
137,2952
284,2962
137,3042
67,3055
67,3073
352,3103
298,3121
250,3127
37,3163
23,3197
137,3201
138,3202
21,3313
22,3314
23,3315
95,3332
455,3332
348,3336
351,3398
383,3399
147,3452
263,3465
263,3466
263,3467
264,3468
276,3492
298,3526
352,3558
353,3559
23,3565
96,3658
117,3701
118,3740
135,3757
136,3758
137,3759
138,3760
350,3838
95,3843
455,3843
96,3844
462,3849
113,3891
266,3947
429,3960
430,3961
66,4013
274,4013
352,4122
139,4127
250,4135
263,4139
264,4140
462,4205
67,4213
97,4305
222,4348
223,4349
224,4350
225,4351
223,4357
264,4391
351,4439
263,4499
350,4586
351,4587
383,4588
228,4619
418,4820
100,4835
322,4861
264,4952
227,4985
228,4986
139,5069
454,5149
352,5190
321,5271
300,5299
120,5385
352,5427
353,5428
139,5441
316,5474
317,5475
318,5476
319,5477
223,5497
95,5498
455,5498
96,5499
335,5531
213,5535
10,5552
320,5611
321,5612
324,5626
264,5662
323,5680
324,5758
396,5793
397,5794
22,5897
23,5898
95,5933
455,5933
164,5934
259,5975
316,6004
106,6141
323,6158
324,6159
161,6210
22,6314
23,6315
164,6347
263,6364
264,6365
96,6366
95,6410
455,6410
383,6417
384,6418
66,6437
274,6437
321,6448
97,6450
441,6460
320,6468
12,6475
165,6517
166,6518
304,6553
351,6594
323,6607
441,6619
442,6620
253,6705
54,6732
162,6826
163,6827
456,6828
196,6839
323,6875
454,6915
95,6916
455,6916
385,7064
79,7066
276,7075
253,7447
135,7462
323,7492
95,7520
455,7520
164,7521
320,7524
321,7525
322,7526
264,7581
164,7612
83,7615
95,7752
455,7752
394,7767
395,7768
266,7778
211,7794
222,7842
63,7874
430,7950
325,7956
139,7997
454,8013
316,8071
317,8072
318,8073
276,8084
277,8085
223,8126
95,8127
455,8127
323,8129
320,8192
321,8193
139,8210
300,8213
321,8218
322,8219
323,8220
202,8274
253,8298
303,8328
304,8329
63,8357
354,8368
97,8395
448,8425
420,8436
341,8454
22,8566
23,8567
79,8691
417,8725
23,8791
429,8808
430,8809
264,8843
96,8844
323,8878
54,8950
430,8995
322,9014
304,9091
135,9227
137,9268
395,9299
135,9322
136,9323
137,9324
381,9400
21,9547
117,9557
118,9558
156,9630
157,9631
304,9688
106,9707
324,9753
151,9857
226,9918
304,9949
349,10065
443,10065
444,10066
454,10090
396,10139
33,10143
117,10224
252,10319
253,10320
326,10483
164,10547
354,10586
111,10693
136,10698
353,10700
436,10816
137,10836
97,10838
270,10841
223,10857
95,10858
455,10858
164,10859
353,10897
352,10918
139,10934
300,10937
137,10953
138,10954
139,10955
430,11203
448,11284
449,11285
263,11380
264,11381
323,11383
324,11384
172,11398
323,11399
259,11403
136,11461
353,11497
270,11543
321,11551
139,11553
396,11641
298,11695
137,11722
352,11730
137,11796
138,11797
139,11798
320,11849
321,11850
97,11852
161,11916
135,11922
136,11923
23,11939
383,11977
284,12028
437,12046
95,12059
455,12059
383,12073
253,12197
95,12205
455,12205
96,12206
321,12213
322,12214
271,12217
161,12222
322,12270
78,12305
79,12306
253,12333
253,12377
335,12456
263,12550
135,12565
136,12566
137,12567
321,12573
456,12600
165,12675
166,12676
211,12689
172,12714
323,12715
263,12791
284,12793
135,12899
170,12931
171,12932
172,12933
95,12937
455,12937
284,12979
137,13083
430,13096
83,13141
139,13150
145,13157
473,13319
351,13387
383,13388
253,13393
308,13434
213,13463
323,13522
417,13546
266,13555
170,13557
353,13559
161,13574
396,13644
350,13752
322,13845
426,13863
426,13912
66,13936
274,13936
442,13937
137,13943
300,14038
11,14045
172,14058
353,14118
135,14136
300,14154
52,14227
83,14328
350,14347
351,14348
437,14369
473,14404
183,14413
139,14491
223,14543
95,14544
455,14544
164,14545
281,14671
211,14688
321,14742
63,14899
79,14969
106,15044
350,15060
351,15061
23,15225
335,15234
336,15235
337,15236
79,15245
66,15265
274,15265
442,15266
164,15329
36,15350
291,15374
430,15376
351,15407
172,15409
320,15424
321,15425
383,15429
200,15507
170,15576
172,15622
323,15623
396,15657
397,15658
349,15663
443,15663
350,15664
270,15914
143,15964
135,15966
136,15967
137,15968
138,15969
172,15987
323,16072
383,16200
53,16227
211,16265
322,16276
323,16277
324,16278
303,16283
304,16284
117,16300
118,16301
336,16341
323,16399
250,16426
284,16431
336,16563
275,16617
276,16618
371,16654
222,16656
223,16657
95,16699
455,16699
96,16700
350,16711
95,16716
455,16716
164,16717
165,16718
450,16781
263,16820
320,16866
454,16867
164,16976
320,17008
321,17009
253,17045
139,17060
265,17097
430,17154
36,17157
197,17182
385,17190
164,17228
322,17273
226,17290
213,17334
321,17336
179,17380
321,17384
139,17386
270,17420
161,17482
135,17509
441,17520
164,17573
321,17588
139,17665
53,17731
54,17732
435,17822
436,17823
47,18009
95,18017
455,18017
271,18021
290,18024
291,18025
441,18040
442,18041
349,18042
443,18042
322,18074
161,18128
331,18170
276,18193
350,18219
351,18220
323,18304
319,18343
368,18348
419,18371
137,18374
138,18375
139,18376
419,18398
200,18420
96,18513
97,18514
92,18544
350,18571
351,18572
265,18575
253,18607
441,18633
442,18634
78,18645
111,18775
353,18786
354,18787
472,18791
473,18792
204,18799
165,18822
321,18885
347,18917
348,18918
349,18919
443,18919
374,19043
429,19112
430,19113
95,19128
455,19128
456,19129
172,19170
135,19231
136,19232
96,19247
206,19263
165,19384
321,19392
320,19417
321,19418
170,19439
171,19440
351,19502
352,19503
352,19509
135,19559
211,19609
66,19624
274,19624
442,19625
454,19677
318,19682
253,19718
164,19738
441,19747
442,19748
210,19782
284,19820
441,19824
442,19825
353,19842
103,19945
95,20021
455,20021
263,20123
253,20159
383,20187
93,20208
94,20209
264,20245
164,20246
456,20260
352,20274
111,20328
321,20406
382,20458
179,20503
260,20512
170,20534
322,20619
170,20645
171,20646
320,20674
321,20675
395,20694
170,20700
171,20701
223,20709
95,20710
455,20710
322,20725
172,20781
323,20782
222,20849
266,20878
223,20882
472,20922
304,20936
320,20947
396,20961
404,20982
145,20998
117,21032
97,21043
329,21047
66,21079
274,21079
442,21080
223,21092
135,21115
321,21245
165,21334
263,21348
426,21441
441,21443
67,21503
259,21537
213,21552
259,21571
320,21687
222,21844
223,21845
264,21847
164,21848
170,21861
33,21897
106,21905
300,21935
137,21981
138,21982
253,22009
322,22021
349,22064
443,22064
430,22348
441,22400
442,22401
322,22457
437,22499
120,22506
164,22515
200,22549
92,22689
323,22702
161,22713
164,22776
137,22836
138,22837
253,22890
299,22920
264,22930
164,22931
109,22940
436,22941
264,22956
173,22958
354,22985
210,23104
211,23105
326,23170
325,23171
137,23205
138,23206
136,23256
259,23311
264,23414
164,23415
106,23418
419,23469
172,23540
276,23583
70,23604
271,23617
472,23639
304,23674
200,23683
352,23766
328,23777
198,23825
144,23836
145,23837
444,23866
93,23998
94,23999
264,24001
265,24002
347,24012
321,24045
383,24160
36,24168
396,24220
222,24310
311,24313
250,24361
276,24364
384,24395
385,24396
211,24398
250,24403
322,24406
323,24407
324,24408
170,24419
171,24420
437,24428
259,24508
253,24516
454,24520
165,24547
210,24556
211,24557
223,24607
383,24613
351,24687
383,24688
428,24772
444,24851
228,24869
229,24870
348,24889
448,24925
139,24938
95,24950
455,24950
164,24951
117,24998
263,25006
263,25007
137,25014
137,25044
138,25045
139,25046
179,25052
95,25103
455,25103
164,25104
351,25119
350,25139
351,25140
384,25169
33,25226
22,25272
23,25273
348,25342
165,25365
54,25372
213,25381
222,25403
223,25404
383,25419
320,25465
95,25613
455,25613
300,25641
320,25691
351,25762
264,25782
23,25950
320,26044
77,26050
417,26083
170,26091
171,26092
348,26184
352,26229
117,26248
320,26257
136,26266
336,26383
213,26469
213,26532
426,26559
427,26560
143,26712
304,26716
33,26771
135,26780
136,26781
79,26820
326,26844
322,26924
276,26928
213,27080
290,27123
348,27142
304,27175
138,27197
264,27235
323,27237
222,27333
111,27371
213,27384
210,27435
95,27453
455,27453
323,27455
36,27492
37,27493
304,27585
421,27726
66,27744
274,27744
442,27745
347,27757
351,27865
383,27866
213,27884
259,27899
250,27909
251,27910
96,27945
97,27946
161,28090
161,28168
353,28175
213,28256
170,28289
70,28343
383,28369
385,28454
137,28509
138,28510
350,28570
322,28589
263,28677
165,28700
383,28788
224,28793
223,28853
213,28871
161,28893
162,28894
163,28895
290,28904
304,28938
350,28943
351,28944
347,28949
348,28950
430,28956
448,28972
387,28996
223,29013
228,29078
229,29079
437,29084
70,29093
388,29113
298,29158
51,29190
320,29214
454,29215
95,29216
455,29216
323,29218
264,29237
348,29328
383,29367
441,29387
67,29388
383,29401
33,29523
321,29552
350,29614
351,29615
352,29616
202,29625
97,29645
320,29729
454,29740
321,29751
322,29752
329,29755
263,29775
373,29848
374,29849
250,29855
122,29869
123,29869
124,29869
122,29870
123,29870
124,29870
122,29871
123,29871
124,29871
122,29872
123,29872
124,29872
122,29873
123,29873
124,29873
122,29874
123,29874
124,29874
122,29875
123,29875
124,29875
122,29876
123,29876
124,29876
122,29877
123,29877
124,29877
122,29878
123,29878
124,29878
122,29879
123,29879
124,29879
122,29880
123,29880
124,29880
122,29881
123,29881
124,29881
122,29882
123,29882
124,29882
122,29883
123,29883
124,29883
122,29884
123,29884
124,29884
122,29885
123,29885
124,29885
122,29886
123,29886
124,29886
122,29887
123,29887
124,29887
122,29888
123,29888
124,29888
122,29889
123,29889
124,29889
122,29890
123,29890
124,29890
122,29891
123,29891
124,29891
122,29892
123,29892
124,29892
122,29893
123,29893
124,29893
170,29955
111,29965
110,29998
144,30040
145,30041
441,30074
442,30075
326,30078
54,30109
95,30195
455,30195
96,30196
429,30221
253,30279
321,30283
263,30320
263,30321
95,30350
455,30350
264,30441
143,30448
260,30483
395,30503
396,30504
135,30531
136,30532
137,30533
10,30554
317,30566
318,30567
319,30568
383,30595
145,30614
170,30672
462,30710
429,30711
430,30712
70,30739
454,30755
204,30775
213,30778
300,30807
300,30810
204,30860
204,30863
93,30873
263,30911
263,30912
79,30950
222,30970
93,31016
290,31028
300,31069
103,31117
104,31118
263,31166
264,31167
164,31168
93,31199
308,31266
263,31331
322,31340
173,31341
321,31358
322,31359
137,31392
22,31457
23,31458
454,31490
137,31546
267,31572
322,31588
100,31596
101,31597
70,31640
179,31705
95,31788
455,31788
348,31792
139,31826
118,31852
265,31863
223,31900
311,31959
322,31967
66,32001
274,32001
321,32062
322,32063
139,32076
263,32116
264,32117
210,32130
202,32179
320,32225
321,32226
383,32271
266,32356
70,32372
321,32374
139,32376
428,32392
37,32436
137,32479
97,32507
252,32516
381,32570
323,32799
322,32836
323,32837
95,32926
455,32926
139,32928
347,32944
348,32945
226,32987
351,32992
348,33002
473,33016
191,33052
204,33072
204,33075
213,33252
402,33303
320,33364
230,33374
95,33380
455,33380
441,33394
276,33408
213,33430
428,33491
335,33524
349,33548
443,33548
350,33549
351,33550
352,33551
430,33575
304,33581
275,33589
348,33656
320,33690
135,33712
136,33713
137,33714
253,33760
95,33791
455,33791
448,33805
347,33913
66,33973
274,33973
442,33974
170,33990
171,33991
172,33992
387,34025
223,34069
95,34070
455,34070
96,34071
67,34094
33,34110
204,34115
10,34132
321,34136
335,34157
322,34176
263,34191
264,34192
96,34193
454,34216
223,34254
264,34288
170,34327
354,34340
253,34369
335,34499
222,34650
321,34703
161,34743
349,34798
443,34798
350,34799
351,34800
300,34837
335,34857
336,34858
179,34900
322,34976
444,34999
136,35003
245,35061
246,35062
284,35071
263,35083
106,35110
204,35164
93,35169
321,35213
437,35230
454,35237
95,35238
455,35238
396,35283
250,35288
170,35331
171,35332
383,35337
430,35368
23,35381
351,35420
383,35421
322,35428
22,35464
23,35465
70,35470
264,35591
264,35618
350,35692
351,35693
250,35717
383,35742
323,35759
304,35802
170,35850
211,35898
137,35906
138,35907
259,35918
168,35961
328,36017
323,36038
135,36094
136,36095
52,36190
263,36200
263,36201
264,36202
456,36203
95,36350
455,36350
266,36405
204,36415
450,36421
95,36428
455,36428
323,36497
117,36608
164,36620
106,36664
225,36751
322,36773
10,36806
137,36886
172,36887
299,36921
300,36922
50,36999
51,37000
383,37006
350,37043
351,37044
383,37116
384,37117
385,37118
386,37119
454,37128
95,37129
455,37129
164,37130
204,37153
211,37218
23,37276
145,37336
322,37433
139,37537
263,37591
161,37605
304,37622
164,37685
222,37724
161,37757
276,37771
349,37822
443,37822
170,37835
171,37836
320,37905
170,37912
171,37913
172,37914
225,37961
136,37994
383,38061
439,38064
253,38088
321,38092
97,38094
372,38111
441,38113
396,38118
95,38149
455,38149
456,38150
263,38165
264,38166
93,38187
290,38216
23,38250
95,38326
455,38326
265,38327
266,38328
170,38330
179,38345
213,38372
263,38392
263,38393
263,38394
322,38511
320,38538
321,38539
454,38584
95,38585
455,38585
211,38597
446,38641
265,38712
112,38744
200,38761
328,38789
329,38790
253,38815
118,39086
137,39155
394,39179
395,39180
350,39198
351,39199
202,39231
170,39277
137,39319
172,39320
383,39346
170,39379
97,39436
97,39479
351,39519
352,39520
223,39544
137,39613
172,39614
202,39627
347,39654
78,39655
473,39717
172,39722
170,39757
322,39827
100,39873
383,39905
137,39927
165,39929
47,39951
320,39966
321,39967
382,40032
172,40034
63,40100
96,40187
454,40279
95,40280
455,40280
323,40306
161,40327
213,40352
210,40354
351,40484
252,40538
253,40539
137,40543
456,40578
170,40656
100,40712
430,40733
454,40737
200,40799
281,40888
267,40935
135,41004
300,41026
383,41110
271,41120
227,41140
352,41145
323,41184
92,41241
324,41245
325,41246
264,41293
397,41300
110,41379
10,41382
33,41433
373,41527
374,41528
354,41557
172,41603
353,41636
10,41686
135,41690
136,41691
298,41719
223,41742
95,41743
455,41743
430,41762
250,41796
211,41799
95,41903
455,41903
78,41907
79,41908
321,41925
322,41926
348,41929
33,41952
253,41977
170,41990
321,42017
291,42039
223,42069
321,42109
159,42148
179,42165
91,42182
430,42186
202,42236
448,42263
449,42264
383,42301
321,42349
322,42350
202,42408
168,42493
290,42629
222,42636
384,42665
353,42716
106,42722
66,42780
274,42780
275,42781
276,42782
323,42794
320,42798
321,42799
139,42801
136,42852
323,42882
335,42940
10,42971
11,42972
23,43003
92,43038
97,43075
428,43171
429,43172
430,43173
321,43177
137,43191
138,43192
139,43193
281,43225
385,43324
179,43347
180,43348
321,43383
383,43409
139,43455
170,43493
351,43528
265,43531
10,43584
320,43624
454,43625
95,43626
455,43626
139,43628
350,43717
412,43765
417,43829
259,43856
260,43857
421,43972
446,44032
335,44074
117,44133
336,44153
170,44181
171,44182
213,44216
291,44265
430,44267
348,44348
10,44413
454,44526
304,44587
383,44649
448,44656
253,44743
143,44769
117,44806
170,44820
171,44821
179,44862
23,44889
350,44952
300,44976
137,44984
441,45039
67,45040
95,45044
455,45044
95,45107
455,45107
96,45108
170,45118
171,45119
462,45143
429,45144
300,45152
371,45171
372,45172
462,45175
204,45236
34,45274
23,45331
135,45392
136,45393
353,45477
95,45539
455,45539
336,45593
170,45654
22,45716
23,45717
164,45788
429,45808
430,45809
170,45868
383,45892
326,45940
325,45941
454,45982
95,45983
455,45983
95,46061
455,46061
265,46062
67,46131
322,46135
323,46136
324,46137
325,46138
227,46201
135,46249
136,46250
137,46251
172,46252
323,46253
33,46261
77,46429
78,46430
92,46442
135,46477
136,46478
170,46511
196,46535
270,46538
271,46539
70,46548
259,46583
260,46584
79,46597
80,46598
318,46629
319,46630
145,46639
335,46645
363,46675
395,46694
402,46700
417,46714
418,46715
322,46735
321,46747
70,46753
430,46777
135,46781
290,46795
170,46848
473,46897
318,46929
290,47071
117,47111
164,47135
170,47160
161,47172
110,47177
321,47182
417,47230
316,47278
300,47386
300,47398
462,47438
260,47517
320,47570
211,47590
383,47701
51,47721
429,47749
430,47750
322,47794
95,47843
455,47843
323,47845
33,47871
137,47883
138,47884
253,47902
222,47917
223,47918
95,47919
455,47919
196,48032
264,48051
106,48058
95,48116
455,48116
164,48117
170,48126
353,48128
321,48138
223,48149
311,48152
322,48158
168,48168
349,48173
443,48173
444,48174
22,48221
23,48222
66,48232
274,48232
442,48233
322,48305
95,48314
455,48314
382,48320
170,48330
33,48349
404,48376
213,48385
321,48387
322,48388
323,48389
250,48393
231,48491
264,48633
213,48670
441,48706
275,48707
122,48723
123,48723
124,48723
122,48724
123,48724
124,48724
449,48750
322,48766
321,48783
322,48784
384,48834
322,48837
78,48847
335,48861
351,48948
213,48970
199,49046
446,49047
252,49054
224,49091
225,49092
405,49144
338,49156
317,49163
318,49164
304,49171
253,49208
23,49242
196,49292
348,49318
348,49333
164,49349
157,49363
137,49380
172,49381
321,49430
100,49505
323,49509
253,49525
317,49545
223,49551
95,49552
455,49552
164,49553
431,49566
53,49567
349,49572
443,49572
350,49573
351,49574
110,49592
111,49593
326,49604
327,49605
321,49619
165,49621
324,49671
316,49678
316,49694
137,49719
264,49725
23,49783
253,49808
265,49817
264,49938
404,49961
137,49966
224,50026
95,50080
455,50080
351,50090
10,50138
348,50159
349,50160
443,50160
93,50190
266,50193
137,50232
350,50240
351,50241
348,50271
350,50285
172,50292
323,50293
350,50349
97,50408
321,50432
417,50473
246,50476
66,50485
274,50485
300,50515
92,50519
460,50555
253,50604
137,50636
138,50637
139,50638
264,50646
456,50647
347,50650
348,50651
78,50670
324,50682
325,50683
402,50695
382,50851
138,50853
139,50854
276,50874
223,50886
95,50887
455,50887
265,50888
326,51030
325,51031
137,51072
138,51163
139,51164
66,51178
274,51178
442,51179
349,51180
443,51180
97,51206
395,51267
300,51272
250,51473
454,51482
320,51554
321,51555
335,51585
383,51634
460,51683
253,51735
335,51753
336,51754
412,51759
321,51879
179,51899
444,51978
95,51988
455,51988
323,51990
117,52043
228,52055
97,52069
79,52078
96,52165
229,52179
228,52300
335,52338
336,52339
441,52379
322,52383
164,52454
444,52479
33,52528
383,52603
441,52629
223,52647
100,52682
111,52719
444,52728
161,52767
321,52801
110,52874
350,52895
351,52896
383,52897
170,52910
381,52945
162,52974
170,53014
171,53015
381,53125
352,53165
353,53166
354,53167
161,53228
162,53229
163,53230
164,53231
92,53306
473,53321
308,53329
209,53416
143,53489
203,53504
300,53551
316,53559
223,53604
263,53606
10,53609
445,53630
446,53631
349,53662
443,53662
323,53734
170,53754
171,53755
135,53815
136,53816
170,53822
164,53825
112,53857
396,53931
397,53932
396,53958
397,53959
173,54150
291,54158
430,54160
322,54217
328,54227
329,54228
106,54271
250,54294
161,54315
36,54432
139,54491
113,54543
135,54560
136,54561
66,54612
274,54612
323,54661
110,54671
321,54703
106,54785
351,54799
147,54829
95,54861
455,54861
323,54863
323,54908
324,54909
223,54956
332,54967
135,54976
136,54977
137,55047
138,55048
67,55060
95,55064
455,55064
93,55068
322,55070
353,55099
146,55398
93,55455
94,55456
95,55457
455,55457
96,55473
97,55474
275,55481
418,55520
321,55549
352,55632
335,55668
336,55669
323,55711
95,55730
455,55730
136,55736
170,55772
171,55773
172,55774
437,55835
294,55906
251,55917
428,55969
429,55970
430,55971
417,56038
418,56039
223,56055
95,56056
455,56056
96,56057
170,56124
321,56153
322,56154
323,56155
324,56156
327,56157
227,56185
228,56186
93,56208
338,56214
92,56246
300,56296
103,56317
374,56392
106,56399
320,56506
349,56532
443,56532
350,56533
259,56564
36,56614
37,56615
264,56642
147,56667
148,56668
253,56703
436,56714
263,56760
276,56806
161,56847
320,56876
321,56877
276,56926
317,56942
318,56943
319,56944
136,56963
139,57016
322,57066
321,57093
322,57094
110,57125
316,57196
317,57197
318,57198
250,57264
263,57296
264,57297
322,57318
161,57423
164,57464
387,57477
437,57495
223,57503
95,57504
455,57504
323,57506
448,57509
454,57580
95,57581
455,57581
139,57691
454,57709
299,57756
300,57757
351,57797
348,57808
135,57815
136,57816
300,57833
250,57881
170,58011
171,58012
321,58041
106,58073
351,58088
139,58156
389,58268
390,58269
53,58342
95,58349
455,58349
197,58391
335,58443
170,58508
170,58530
222,58578
275,58588
350,58630
351,58631
22,58680
23,58681
259,58692
260,58693
223,58710
170,58719
317,58816
213,58848
170,58875
171,58876
23,58882
383,58903
249,58942
250,58943
263,58947
321,58988
322,58989
202,59131
53,59164
323,59228
139,59403
454,59436
95,59437
455,59437
253,59491
103,59516
136,59561
136,59599
384,59620
253,59631
320,59702
159,59722
253,59762
23,59766
