408,13
409,14
250,19
207,32
531,131
128,138
165,149
326,211
210,255
399,290
174,347
521,365
211,403
212,404
484,415
398,434
484,454
479,462
47,525
216,539
490,539
47,562
175,564
79,572
142,648
47,655
218,704
78,706
126,761
127,762
71,765
80,909
81,910
49,942
79,978
249,1009
323,1035
324,1036
325,1059
125,1067
392,1094
393,1095
306,1125
319,1138
320,1139
321,1140
126,1142
391,1158
348,1178
125,1226
142,1301
502,1312
398,1314
338,1372
419,1387
420,1388
306,1439
369,1516
148,1524
71,1572
211,1594
399,1631
531,1645
369,1713
212,1715
419,1757
502,1797
503,1798
123,1839
358,1870
71,1887
369,1971
163,2001
164,2002
321,2004
530,2051
531,2052
169,2054
170,2055
250,2068
71,2073
62,2080
63,2081
62,2145
63,2146
524,2171
63,2194
438,2202
438,2235
323,2236
323,2251
482,2368
73,2373
210,2416
124,2474
437,2474
438,2475
323,2476
480,2483
144,2495
71,2513
436,2522
306,2534
398,2536
134,2626
140,2634
141,2635
404,2672
126,2680
47,2682
124,2772
437,2772
125,2773
321,2796
142,2825
63,2844
482,2914
521,2955
521,2959
321,2985
521,2988
47,2995
175,2997
323,3006
212,3044
213,3045
399,3055
63,3064
399,3073
525,3078
325,3097
249,3103
126,3209
86,3236
419,3267
128,3273
124,3332
437,3332
125,3333
126,3334
166,3366
167,3367
168,3368
522,3399
210,3413
325,3444
521,3557
249,3558
250,3559
216,3638
490,3638
452,3660
376,3686
377,3687
315,3784
321,3795
436,3842
124,3843
437,3843
212,3845
80,3858
81,3859
215,3885
436,3887
62,3923
63,3924
502,3949
503,3950
78,3962
165,4082
153,4087
210,4104
211,4105
521,4121
249,4122
71,4128
47,4180
248,4191
405,4199
399,4213
128,4231
435,4279
436,4280
211,4304
142,4349
143,4350
142,4357
391,4359
209,4388
321,4509
322,4510
522,4588
531,4720
374,4767
129,4803
369,4899
126,4901
47,4903
166,4920
167,4921
436,4950
125,4953
325,5021
71,5070
71,5145
249,5190
211,5225
521,5227
531,5245
211,5272
123,5368
47,5374
242,5386
530,5415
521,5426
249,5427
250,5428
175,5430
420,5435
71,5442
142,5497
124,5498
437,5498
79,5503
484,5505
485,5506
47,5511
48,5512
49,5513
530,5540
210,5604
127,5748
128,5749
502,5785
52,5812
148,5846
127,5916
71,5919
123,5932
124,5933
437,5933
438,5934
502,5962
503,5963
482,5992
406,6112
407,6113
47,6162
322,6172
47,6284
48,6285
49,6286
321,6336
248,6344
438,6347
124,6410
437,6410
125,6411
126,6412
127,6413
521,6416
522,6417
523,6418
524,6419
79,6446
211,6449
530,6453
398,6460
168,6503
531,6505
97,6508
524,6524
436,6525
531,6546
323,6597
125,6606
306,6617
398,6619
531,6652
449,6656
406,6675
128,6679
481,6697
363,6735
128,6760
128,6794
125,6874
113,6911
124,6916
437,6916
531,7020
531,7084
439,7186
484,7225
125,7238
79,7347
484,7349
531,7362
168,7381
169,7382
125,7407
358,7423
124,7520
437,7520
438,7521
323,7522
531,7543
71,7548
374,7609
438,7612
323,7613
128,7621
47,7642
521,7662
375,7663
376,7664
209,7671
78,7677
325,7700
166,7713
321,7734
126,7736
127,7737
71,7740
436,7751
124,7752
437,7752
125,7753
96,7755
360,7762
321,7776
502,7780
128,7786
218,7794
259,7868
147,7870
148,7871
321,7890
126,7892
127,7893
436,7911
322,7945
323,7946
324,7947
71,7998
126,8006
321,8034
325,8075
142,8126
124,8127
437,8127
125,8128
530,8142
531,8143
211,8194
71,8211
323,8229
530,8271
531,8272
306,8301
482,8324
251,8368
321,8393
211,8532
531,8560
128,8563
165,8660
420,8669
521,8673
126,8699
47,8701
47,8785
164,8817
63,8820
531,8893
63,8934
78,8996
325,9069
482,9167
125,9183
126,9184
47,9186
420,9305
47,9319
48,9320
49,9321
147,9370
148,9371
52,9379
47,9409
259,9441
375,9456
134,9652
135,9653
127,9735
128,9736
502,9744
531,9763
502,9820
369,9877
315,9883
369,9904
521,9915
530,9920
436,9942
325,9975
125,10051
369,10106
321,10146
128,10207
369,10231
79,10249
376,10277
323,10301
321,10323
71,10391
317,10395
318,10396
319,10397
531,10405
325,10429
531,10474
47,10486
71,10491
369,10506
438,10547
439,10548
248,10557
375,10558
376,10559
377,10560
251,10586
165,10607
317,10665
318,10666
78,10667
250,10700
128,10762
151,10785
165,10790
50,10844
142,10857
124,10858
437,10858
438,10859
250,10897
211,10915
521,10917
249,10918
321,10932
71,10935
71,10956
212,10975
123,10991
325,11056
210,11085
319,11204
321,11271
71,11330
85,11346
126,11369
125,11382
250,11497
71,11554
97,11604
249,11730
204,11762
369,11766
419,11774
71,11799
326,11826
322,11837
211,11851
127,11870
99,11885
323,11919
325,11929
248,11976
522,11977
124,12059
437,12059
522,12073
298,12122
531,12169
375,12181
376,12182
124,12205
437,12205
166,12234
84,12287
286,12314
64,12334
298,12346
246,12364
206,12435
482,12436
483,12437
484,12438
531,12471
126,12515
211,12574
521,12597
168,12683
531,12685
218,12689
317,12768
318,12769
147,12780
126,12934
124,12937
437,12937
113,12941
79,12989
50,13070
51,13071
502,13093
323,13106
286,13111
405,13112
406,13113
521,13119
482,13129
128,13138
71,13151
128,13174
86,13180
325,13203
71,13237
210,13299
522,13388
322,13436
323,13437
324,13438
250,13559
128,13590
128,13631
62,13634
73,13693
112,13721
321,13838
126,13846
127,13847
128,13848
147,13881
128,13884
325,13907
206,13962
207,13963
420,13969
484,13974
485,13975
141,14026
48,14044
374,14056
126,14059
325,14072
47,14076
250,14118
521,14123
375,14124
165,14206
377,14272
166,14285
323,14326
99,14411
321,14441
126,14443
127,14444
71,14492
142,14543
124,14544
437,14544
438,14545
369,14603
321,14672
126,14674
218,14688
377,14733
127,14771
322,14790
531,14822
321,14864
63,14877
363,14884
126,14887
47,14889
420,14910
325,14989
531,15036
47,15111
325,15137
374,15163
436,15185
507,15190
127,15199
47,15222
438,15329
147,15362
71,15369
87,15374
78,15377
369,15396
370,15397
406,15401
420,15417
211,15426
521,15428
522,15429
325,15542
126,15568
47,15570
147,15609
71,15644
165,15646
325,15697
325,15734
62,15787
147,15884
126,15988
485,16006
369,16028
502,16100
503,16101
505,16105
522,16200
218,16265
151,16328
167,16533
168,16534
141,16637
505,16649
506,16650
142,16657
124,16699
437,16699
436,16715
124,16716
437,16716
438,16717
403,16746
315,16763
140,16764
141,16765
438,16976
484,16983
325,17000
211,17010
530,17024
323,17035
321,17174
209,17187
369,17213
438,17228
321,17261
392,17267
126,17274
392,17278
47,17293
259,17320
321,17351
521,17354
325,17362
169,17365
170,17366
71,17387
420,17488
398,17520
438,17573
165,17578
211,17589
212,17590
71,17666
127,17716
391,17725
420,17848
84,17855
248,17882
530,17900
211,17939
531,17957
369,17996
391,18005
392,18006
393,18007
123,18016
124,18017
437,18017
125,18018
87,18025
398,18040
126,18075
71,18119
165,18121
392,18131
165,18154
216,18191
490,18191
323,18223
531,18234
208,18308
209,18309
71,18377
321,18410
404,18418
375,18462
281,18464
46,18468
113,18581
50,18630
398,18633
406,18693
407,18694
250,18786
251,18787
420,18819
211,18886
212,18887
71,18902
165,18904
128,18929
126,18937
453,19001
392,19010
409,19012
410,19013
502,19041
377,19081
436,19127
124,19128
437,19128
126,19171
47,19173
48,19174
369,19206
126,19279
47,19281
321,19328
211,19335
212,19336
128,19357
322,19383
369,19408
126,19410
127,19411
369,19424
73,19469
249,19503
249,19509
317,19554
318,19555
78,19556
321,19577
218,19609
321,19661
321,19721
126,19723
127,19724
71,19727
321,19730
438,19738
306,19745
398,19747
482,19809
398,19824
325,19832
250,19842
84,19927
207,19947
248,19952
321,19985
126,19987
321,19997
126,19999
127,20000
128,20001
420,20004
319,20012
124,20021
437,20021
531,20031
524,20050
387,20111
374,20120
502,20154
503,20155
321,20162
126,20164
127,20165
71,20168
128,20179
522,20187
438,20246
521,20273
249,20274
216,20299
490,20299
483,20312
484,20313
128,20343
420,20350
378,20370
405,20377
406,20378
320,20512
321,20513
168,20529
197,20558
123,20592
482,20673
142,20709
124,20710
437,20710
210,20724
126,20749
521,20779
325,20808
142,20882
63,20987
63,20994
142,21092
502,21130
503,21131
211,21164
47,21220
248,21260
128,21282
81,21303
369,21311
62,21366
63,21367
398,21443
399,21503
375,21513
376,21514
81,21554
128,21595
420,21618
127,21660
324,21776
325,21777
321,21795
148,21803
126,21821
127,21822
142,21845
438,21848
216,21895
490,21895
321,21901
322,21902
531,21919
530,21966
524,22019
126,22022
482,22094
125,22108
126,22109
123,22127
254,22176
147,22183
148,22184
163,22232
325,22247
52,22285
378,22316
78,22349
398,22400
163,22410
242,22507
438,22515
338,22518
358,22600
71,22693
125,22701
531,22738
521,22773
438,22776
323,22777
483,22779
322,22816
128,22822
439,22830
318,22861
391,22867
392,22868
127,22899
128,22900
128,22906
438,22931
436,22954
125,22957
248,22968
251,22985
252,22986
253,22987
530,22998
531,22999
71,23004
128,23017
531,23059
71,23064
125,23085
126,23086
127,23087
218,23105
325,23187
79,23303
71,23346
420,23357
71,23400
438,23415
112,23421
259,23637
79,23654
392,23666
62,23669
63,23670
71,23721
123,23731
391,23733
521,23765
249,23766
531,23775
80,23874
81,23875
501,23883
63,24073
482,24080
521,24159
522,24160
325,24172
531,24277
374,24285
375,24286
376,24287
62,24323
63,24324
482,24333
531,24340
392,24358
523,24395
217,24397
218,24398
128,24411
319,24442
420,24479
166,24510
321,24545
322,24546
218,24557
141,24606
142,24607
522,24613
125,24650
522,24688
150,24708
322,24719
323,24720
324,24721
47,24733
254,24817
47,24928
252,24930
71,24939
530,24944
124,24950
437,24950
438,24951
323,24952
147,24985
123,25004
71,25047
62,25082
63,25083
124,25103
437,25103
438,25104
375,25120
181,25150
523,25169
524,25170
168,25191
169,25192
63,25230
531,25242
167,25248
128,25251
123,25292
321,25326
142,25404
374,25418
522,25419
385,25578
124,25613
437,25613
482,25690
168,25755
531,25757
128,25842
531,25869
212,25906
369,25916
281,25968
63,26001
71,26060
484,26064
321,26099
126,26101
126,26182
486,26193
521,26228
249,26229
531,26276
211,26388
128,26462
338,26529
482,26568
81,26570
403,26581
317,26704
318,26705
319,26706
531,26767
321,26787
81,26793
210,26923
126,26925
477,27010
502,27014
112,27025
484,27039
147,27139
167,27161
168,27162
531,27164
52,27170
167,27190
165,27211
125,27236
246,27326
374,27352
207,27366
325,27367
484,27386
210,27394
124,27453
437,27453
125,27454
209,27510
286,27534
85,27594
86,27595
63,27616
436,27661
377,27665
128,27769
50,27784
51,27785
128,27817
79,27846
522,27866
484,27886
363,27955
321,27988
323,28066
521,28078
181,28109
126,28119
127,28120
128,28121
420,28160
250,28175
217,28207
71,28234
81,28258
141,28298
420,28351
144,28360
521,28368
522,28369
531,28408
115,28429
392,28464
393,28465
325,28497
322,28504
323,28519
324,28520
47,28555
210,28575
322,28582
126,28590
86,28652
248,28674
482,28684
502,28773
522,28788
143,28793
144,28794
142,28853
391,28855
392,28856
123,28877
125,28896
52,28927
166,28941
78,28957
209,28960
142,29013
147,29071
127,29100
128,29101
421,29106
420,29134
124,29216
437,29216
125,29217
150,29220
369,29315
485,29352
522,29367
398,29387
399,29388
521,29400
522,29401
375,29420
485,29503
363,29587
249,29616
369,29639
521,29642
123,29697
524,29792
531,29801
127,29822
288,29848
480,29852
86,30016
164,30031
398,30074
47,30081
81,30084
420,30092
209,30176
391,30179
124,30195
437,30195
485,30228
302,30231
323,30285
324,30286
436,30349
124,30350
437,30350
387,30354
319,30482
320,30483
187,30511
321,30518
212,30520
323,30535
385,30539
410,30547
248,30594
522,30595
323,30611
325,30628
306,30707
78,30713
480,30761
316,30857
317,30858
325,30896
375,30934
376,30935
79,30947
112,30953
212,30968
213,30969
526,30972
209,30977
524,30980
436,30981
206,31040
207,31041
208,31042
209,31043
388,31057
164,31068
325,31091
48,31106
63,31125
438,31168
47,31257
209,31328
164,31412
321,31419
248,31467
521,31549
81,31602
73,31628
128,31646
210,31655
128,31675
124,31788
437,31788
125,31789
126,31790
321,31824
71,31827
79,31856
63,31874
142,31900
419,31950
420,31951
71,32077
502,32104
374,32113
79,32128
126,32147
383,32217
323,32223
211,32227
369,32238
323,32240
521,32270
522,32271
47,32276
259,32283
260,32284
524,32301
502,32358
71,32377
128,32447
324,32449
208,32450
209,32451
128,32491
375,32497
531,32548
521,32594
530,32629
531,32630
125,32650
126,32651
127,32652
73,32666
530,32745
502,32749
503,32750
369,32814
126,32816
338,32823
530,32827
128,32891
420,32894
125,32910
209,32921
524,32924
436,32925
124,32926
437,32926
71,32929
530,32989
393,33043
436,33120
524,33123
128,33134
323,33172
492,33179
148,33208
123,33231
531,33317
420,33337
524,33340
436,33358
391,33360
392,33361
209,33378
124,33380
437,33380
398,33394
531,33421
249,33551
78,33576
127,33600
323,33623
531,33777
125,33787
126,33788
124,33791
437,33791
125,33792
530,33802
47,33858
125,33901
531,33942
47,33958
338,34018
142,34069
124,34070
437,34070
399,34094
126,34177
142,34254
306,34281
125,34289
126,34290
81,34323
436,34336
251,34340
252,34341
407,34363
530,34426
81,34453
206,34506
482,34507
528,34511
529,34512
128,34545
163,34554
403,34585
404,34586
281,34642
212,34648
213,34649
322,34688
323,34689
248,34716
286,34784
482,34795
165,34840
166,34841
167,34842
63,34865
482,34935
209,34970
524,34974
51,34980
144,35006
63,35010
377,35018
215,35055
216,35056
490,35056
248,35080
212,35100
63,35131
128,35206
124,35238
437,35238
374,35336
522,35337
78,35369
166,35384
522,35421
210,35427
126,35429
211,35432
79,35436
325,35447
323,35462
530,35559
338,35583
420,35588
125,35619
483,35626
453,35703
454,35704
530,35708
321,35738
521,35741
522,35742
306,35771
210,35775
211,35776
521,35778
325,35786
321,35811
531,35824
50,35831
128,35859
132,35872
78,35888
218,35898
408,35933
254,35944
128,35953
62,35999
63,36000
79,36043
47,36072
420,36143
86,36160
207,36195
208,36196
209,36197
325,36242
165,36271
485,36315
420,36343
123,36349
124,36350
437,36350
453,36372
375,36378
147,36419
124,36428
437,36428
113,36432
71,36444
530,36479
531,36480
420,36494
127,36524
530,36533
531,36534
141,36562
438,36620
377,36691
524,36771
163,36797
49,36807
62,36830
63,36831
126,36888
127,36889
128,36890
128,36896
391,36929
392,36930
290,36948
73,36969
128,36974
522,37006
128,37035
129,37036
281,37072
211,37113
521,37115
522,37116
523,37117
124,37129
437,37129
438,37130
63,37160
75,37183
47,37206
218,37218
502,37227
530,37244
531,37245
321,37300
214,37351
215,37352
436,37354
420,37361
388,37368
530,37385
531,37386
210,37418
338,37467
436,37479
420,37487
369,37515
148,37547
325,37563
316,37578
392,37667
393,37668
438,37685
502,37713
503,37714
187,37784
188,37785
374,37840
391,37843
47,37869
126,37915
521,37958
376,37996
163,38018
420,38050
248,38060
522,38061
210,38070
369,38080
211,38093
286,38110
287,38111
398,38113
125,38126
124,38149
437,38149
125,38167
126,38168
127,38169
128,38170
128,38299
124,38326
437,38326
164,38341
73,38398
95,38499
126,38512
127,38513
128,38514
187,38521
387,38554
124,38585
437,38585
218,38597
420,38742
63,38794
375,38830
527,38832
531,38975
63,38996
453,39115
454,39116
319,39135
166,39228
167,39229
369,39286
126,39321
291,39326
522,39346
302,39414
128,39422
521,39433
84,39458
135,39482
216,39488
490,39488
325,39516
249,39520
406,39532
142,39544
126,39615
127,39616
128,39617
531,39648
318,39704
319,39705
530,39753
163,39765
197,39777
166,39794
126,39828
62,39846
63,39847
325,39885
521,39891
522,39905
128,39921
453,39940
454,39941
530,39945
531,39946
402,40007
180,40065
71,40095
114,40151
185,40218
124,40280
437,40280
204,40301
86,40316
71,40339
298,40343
125,40422
127,40438
128,40439
502,40456
504,40473
505,40474
47,40478
48,40479
482,40526
420,40641
125,40644
180,40728
78,40734
79,40735
325,40767
62,40855
325,40881
128,40885
166,40979
167,40980
168,40981
52,40999
164,41025
484,41031
188,41069
325,41070
521,41109
522,41110
249,41145
369,41182
525,41232
403,41435
404,41436
323,41452
252,41475
288,41527
251,41557
321,41570
126,41572
521,41601
420,41625
250,41636
247,41681
248,41682
142,41742
124,41743
437,41743
521,41788
218,41799
453,41875
124,41903
437,41903
125,41904
126,41905
126,41927
84,41934
521,41962
86,42038
87,42039
75,42050
76,42051
142,42069
391,42071
147,42086
290,42096
291,42097
211,42110
521,42112
51,42178
78,42187
526,42255
374,42300
522,42301
530,42334
531,42335
126,42351
127,42352
128,42353
483,42356
484,42357
312,42365
313,42366
207,42368
325,42369
452,42383
165,42404
166,42405
167,42406
248,42436
134,42502
135,42503
298,42649
484,42660
523,42665
524,42666
436,42667
325,42687
250,42716
129,42720
125,42728
321,42758
126,42760
248,42790
125,42793
71,42802
167,43011
482,43016
62,43034
47,43043
210,43073
211,43074
86,43092
530,43113
78,43174
79,43175
211,43178
71,43194
321,43226
323,43252
531,43353
522,43409
71,43456
321,43459
114,43483
125,43496
126,43497
127,43498
145,43549
146,43550
290,43565
482,43623
124,43626
437,43626
71,43629
521,43759
406,43774
363,43820
326,43839
320,43857
321,43858
524,43876
209,43920
375,43935
322,43960
407,43974
485,43987
321,43997
482,44044
374,44064
436,44088
209,44102
521,44235
86,44264
87,44265
319,44268
166,44270
63,44302
521,44320
375,44321
386,44354
325,44374
79,44380
406,44395
369,44455
126,44457
81,44488
362,44496
325,44635
321,44645
521,44648
522,44649
207,44855
165,44876
78,44886
326,44904
327,44905
127,44999
321,45012
452,45015
453,45016
454,45017
398,45039
399,45040
124,45044
437,45044
124,45107
437,45107
439,45121
306,45140
506,45167
287,45172
420,45210
144,45213
369,45247
126,45249
404,45309
125,45321
126,45322
47,45324
127,45379
128,45380
250,45477
531,45495
322,45510
124,45539
437,45539
323,45583
128,45619
378,45626
168,45649
140,45705
141,45706
163,45723
321,45734
322,45735
323,45736
531,45743
438,45788
323,45789
78,45810
374,45891
522,45892
128,45912
369,45925
531,45938
128,45948
124,45983
437,45983
164,46011
165,46012
124,46061
437,46061
399,46131
210,46134
323,46171
207,46232
485,46342
248,46363
321,46384
322,46385
326,46397
320,46584
259,46617
405,46682
406,46683
369,46687
126,46689
454,46708
210,46734
63,46743
323,46749
324,46750
78,46778
420,46808
369,46922
281,46950
286,46954
405,46955
317,47051
438,47135
323,47136
324,47137
323,47184
80,47209
81,47210
97,47329
134,47356
135,47357
526,47365
147,47369
321,47390
186,47415
187,47416
188,47417
197,47423
260,47470
286,47488
405,47489
291,47492
318,47515
319,47516
320,47517
322,47561
392,47567
326,47577
218,47590
419,47617
420,47618
453,47631
79,47655
484,47657
522,47701
318,47710
338,47732
319,47751
210,47793
126,47795
127,47796
521,47799
47,47826
124,47843
437,47843
125,47844
142,47918
124,47919
437,47919
321,47978
216,48025
490,48025
125,48052
126,48053
127,48054
128,48055
129,48056
124,48116
437,48116
438,48117
322,48121
250,48128
63,48134
142,48149
298,48202
247,48207
248,48208
125,48211
86,48240
63,48288
124,48314
437,48314
125,48315
375,48321
132,48338
449,48407
482,48511
483,48512
453,48567
524,48611
436,48631
166,48650
530,48680
531,48681
210,48699
398,48706
163,48739
126,48767
323,48778
482,48792
47,48797
48,48798
62,48809
63,48810
523,48834
524,48835
484,48983
128,49034
376,49070
322,49085
323,49086
324,49087
208,49088
209,49089
143,49091
530,49148
531,49149
502,49194
393,49251
394,49252
531,49341
521,49346
438,49349
126,49382
47,49384
163,49391
81,49436
420,49451
125,49508
484,49529
485,49530
290,49540
142,49551
124,49552
437,49552
438,49553
377,49595
200,49598
147,49700
47,49780
247,49813
248,49814
209,49824
125,49939
502,50022
143,50026
144,50027
126,50058
127,50059
128,50060
325,50074
124,50080
437,50080
128,50112
484,50142
420,50202
369,50209
86,50302
502,50325
503,50326
212,50374
369,50400
325,50423
530,50506
531,50507
164,50514
521,50540
189,50555
420,50594
71,50639
168,50653
360,50664
484,50752
420,50759
323,50776
146,50797
323,50817
321,50838
126,50840
47,50842
48,50843
49,50844
71,50855
142,50886
124,50887
437,50887
482,50935
306,51129
210,51133
323,51135
71,51165
453,51183
454,51184
369,51204
406,51224
407,51225
482,51231
210,51321
113,51352
483,51371
530,51375
530,51410
84,51445
326,51462
206,51537
482,51538
167,51565
180,51602
522,51634
211,51642
521,51644
189,51683
63,51693
321,51738
212,51740
378,51884
387,51890
86,51929
71,51944
214,51980
215,51981
216,51982
490,51982
489,51983
491,51983
216,51984
490,51984
489,51985
491,51985
436,51987
124,51988
437,51988
125,51989
166,52009
211,52031
215,52075
216,52076
490,52076
128,52082
369,52120
204,52225
531,52260
321,52317
521,52320
398,52379
438,52454
420,52514
502,52575
211,52600
521,52602
522,52603
197,52623
502,52627
398,52629
142,52647
377,52721
482,52744
215,52756
216,52757
490,52757
63,52797
211,52802
521,52804
531,52851
522,52897
127,52949
369,52959
128,53002
530,53010
406,53121
249,53165
250,53166
251,53167
403,53185
404,53186
369,53196
126,53198
438,53231
323,53232
374,53253
531,53313
387,53340
323,53424
321,53472
174,53533
305,53587
142,53604
321,53732
361,53740
323,53757
128,53802
438,53825
323,53826
531,53840
128,53843
420,53855
187,53884
73,53889
326,53999
127,54046
128,54047
369,54071
502,54126
369,54148
87,54158
319,54161
502,54212
503,54213
210,54216
323,54318
324,54319
369,54334
163,54342
164,54343
404,54362
530,54439
71,54492
211,54512
74,54608
63,54624
47,54632
125,54660
369,54672
375,54710
165,54776
377,54803
378,54804
531,54834
124,54861
437,54861
125,54862
125,54907
530,54928
142,54956
391,54958
369,55017
126,55019
325,55031
399,55060
124,55064
437,55064
163,55076
250,55099
209,55131
483,55147
484,55148
420,55187
321,55232
63,55248
385,55291
392,55416
124,55457
437,55457
125,55458
369,55464
126,55466
200,55499
128,55565
521,55631
249,55632
80,55663
81,55664
210,55706
325,55715
246,55722
124,55730
437,55730
125,55731
531,55761
325,55766
209,55791
376,55811
62,55889
63,55890
86,56008
47,56034
142,56055
124,56056
437,56056
531,56092
531,56095
146,56227
147,56228
127,56250
128,56251
47,56259
51,56291
158,56359
159,56360
306,56390
531,56403
325,56468
128,56503
128,56523
165,56568
166,56569
165,56583
482,56601
125,56643
392,56654
482,56670
321,56706
126,56708
47,56822
326,56829
85,56901
483,57164
484,57165
47,57193
48,57194
207,57203
325,57204
246,57225
247,57226
531,57241
215,57315
126,57319
392,57426
325,57452
438,57464
323,57465
324,57466
114,57490
142,57503
124,57504
437,57504
125,57505
167,57543
124,57581
437,57581
410,57599
71,57692
325,57699
326,57700
530,57734
211,57775
484,57780
391,57819
392,57820
71,57831
484,57872
485,57873
210,57896
484,57914
215,57940
449,57950
325,57968
439,58014
387,58065
502,58077
144,58091
168,58111
531,58149
71,58157
165,58159
215,58187
502,58301
86,58324
436,58348
124,58349
437,58349
125,58350
323,58413
369,58469
126,58471
127,58472
369,58517
126,58519
375,58549
325,58673
326,58674
206,58678
320,58693
321,58694
322,58695
142,58710
420,58802
325,58871
522,58903
211,58928
133,59042
306,59065
170,59138
132,59206
420,59225
484,59317
485,59318
302,59321
321,59324
126,59326
71,59404
165,59406
124,59437
437,59437
369,59569
523,59620
524,59621
211,59623
127,59657
128,59669
86,59708
326,59710
524,59785
