254,56
100,138
234,191
384,220
448,254
443,266
467,268
299,289
441,367
442,368
451,368
452,368
442,369
451,369
452,369
442,370
451,370
452,370
225,371
217,433
218,434
385,448
68,519
439,530
469,593
470,594
345,595
227,684
245,704
315,722
219,738
223,796
400,796
224,797
450,797
442,798
451,798
452,798
443,799
220,868
500,908
190,914
441,936
442,937
451,937
452,937
442,938
451,938
452,938
453,939
454,940
256,993
465,1001
466,1002
275,1009
276,1010
440,1027
506,1036
172,1044
449,1044
173,1045
231,1047
162,1050
359,1060
442,1065
451,1065
452,1065
225,1066
69,1256
220,1257
221,1258
464,1300
173,1302
231,1304
218,1314
276,1362
277,1363
278,1364
56,1366
374,1384
375,1385
225,1391
68,1416
69,1435
186,1442
454,1459
266,1462
440,1480
441,1481
440,1579
441,1580
443,1581
500,1589
68,1590
530,1616
67,1652
469,1733
41,1742
67,1769
448,1800
445,1803
446,1804
217,1813
509,1815
85,1834
441,1876
55,1889
255,2016
190,2096
297,2111
68,2149
69,2150
472,2152
68,2154
448,2158
172,2159
449,2159
465,2169
440,2198
441,2199
442,2200
451,2200
452,2200
225,2201
277,2211
278,2212
440,2233
448,2267
172,2268
449,2268
224,2269
450,2269
225,2270
441,2277
442,2278
451,2278
452,2278
442,2279
451,2279
452,2279
225,2280
69,2288
345,2364
83,2368
277,2372
448,2415
466,2438
472,2440
473,2441
217,2471
172,2473
449,2473
442,2489
451,2489
452,2489
442,2490
451,2490
452,2490
442,2491
451,2491
452,2491
442,2492
451,2492
452,2492
442,2493
451,2493
452,2493
402,2495
225,2510
224,2523
450,2523
218,2536
219,2537
67,2582
70,2644
447,2651
459,2651
448,2652
509,2653
219,2709
68,2790
464,2824
224,2826
450,2826
225,2827
68,2847
225,2861
55,2882
222,2888
399,2888
83,2914
330,2981
69,3009
463,3045
510,3061
511,3062
68,3084
384,3091
359,3098
275,3103
440,3141
231,3144
54,3194
66,3194
168,3194
67,3224
220,3235
187,3255
188,3256
189,3257
190,3258
100,3273
67,3278
69,3323
330,3352
69,3390
466,3404
544,3443
442,3465
451,3465
452,3465
442,3466
451,3466
452,3466
442,3467
451,3467
452,3467
225,3468
440,3477
467,3480
94,3530
419,3530
268,3547
275,3558
509,3633
384,3709
254,3765
255,3766
440,3834
548,3849
224,3888
450,3888
85,3928
432,3934
448,3952
67,3968
68,3969
466,3995
300,4014
67,4073
162,4083
458,4101
547,4101
447,4102
459,4102
448,4103
275,4122
224,4138
450,4138
442,4139
451,4139
452,4139
225,4140
274,4191
548,4205
170,4211
299,4212
448,4216
509,4217
421,4221
187,4228
100,4231
224,4281
450,4281
443,4282
220,4290
221,4291
464,4348
401,4350
440,4379
171,4388
508,4388
172,4389
449,4389
224,4390
450,4390
225,4391
191,4462
454,4483
224,4498
450,4498
442,4499
451,4499
452,4499
453,4500
454,4501
85,4627
86,4628
231,4634
421,4674
389,4675
280,4764
54,4799
66,4799
168,4799
67,4800
365,4809
190,4826
172,4849
449,4849
224,4850
450,4850
453,4851
170,4946
299,4947
224,4951
450,4951
225,4952
544,5020
479,5035
330,5053
374,5092
315,5099
67,5147
223,5149
400,5149
366,5164
367,5165
190,5172
275,5190
258,5258
221,5269
222,5270
399,5270
484,5419
220,5421
221,5422
275,5427
172,5448
449,5448
85,5537
187,5538
188,5539
454,5551
447,5602
459,5602
448,5603
225,5662
544,5683
313,5700
100,5749
267,5762
158,5794
344,5805
177,5838
447,5869
459,5869
186,5871
447,5965
459,5965
186,5967
187,5968
374,5971
83,5992
465,6105
466,6106
448,6119
447,6202
459,6202
448,6203
172,6204
449,6204
285,6309
274,6344
440,6362
441,6363
442,6364
451,6364
452,6364
225,6365
172,6409
449,6409
447,6436
459,6436
218,6460
219,6461
365,6464
374,6565
465,6585
466,6586
218,6619
100,6679
67,6710
190,6717
235,6735
100,6760
56,6785
57,6786
58,6787
257,6791
100,6794
465,6860
443,6896
223,6915
400,6915
68,7073
99,7137
466,7175
440,7236
41,7284
280,7335
99,7338
374,7342
17,7387
55,7460
469,7463
470,7464
374,7474
384,7480
385,7481
190,7533
225,7581
465,7587
100,7621
280,7653
99,7656
171,7671
508,7671
486,7697
544,7699
487,7715
100,7786
244,7793
245,7794
315,7799
219,7804
464,7842
465,7843
466,7844
533,7874
506,7947
99,7988
67,8000
223,8013
400,8013
351,8028
384,8059
440,8109
188,8141
466,8201
67,8216
83,8324
533,8357
190,8432
465,8465
162,8486
273,8501
454,8545
100,8563
99,8579
255,8598
257,8621
358,8775
544,8778
448,8840
172,8841
449,8841
224,8842
450,8842
225,8843
190,8889
384,8992
365,9036
315,9095
258,9140
83,9167
438,9212
469,9228
277,9335
374,9363
375,9364
55,9416
315,9454
330,9582
255,9654
177,9710
257,9719
258,9720
100,9736
68,9786
188,9919
190,9930
440,10049
223,10090
400,10090
190,10122
69,10142
63,10145
100,10207
315,10211
231,10217
280,10281
274,10557
221,10610
69,10612
190,10644
231,10716
436,10742
100,10762
313,10874
314,10875
315,10876
462,10901
280,10907
275,10918
276,10919
277,10920
440,11048
58,11117
384,11320
224,11379
450,11379
442,11380
451,11380
452,11380
225,11381
315,11395
440,11527
441,11528
453,11529
67,11549
360,11599
56,11608
160,11609
297,11642
470,11674
471,11675
161,11677
275,11730
530,11757
67,11801
525,11806
455,11824
440,11899
389,11928
40,11937
274,11976
440,12026
438,12034
470,12036
172,12058
449,12058
479,12069
436,12079
465,12145
68,12200
172,12204
449,12204
231,12231
344,12281
471,12282
224,12324
450,12324
443,12325
85,12350
187,12351
83,12436
84,12437
69,12486
55,12544
442,12550
451,12550
452,12550
386,12590
99,12594
313,12605
314,12606
374,12613
56,12639
57,12640
530,12656
245,12689
18,12729
448,12788
172,12789
449,12789
224,12790
450,12790
442,12791
451,12791
452,12791
453,12792
231,12821
232,12822
233,12823
530,12835
76,12924
280,12951
453,12978
157,13005
453,13037
375,13049
438,13081
439,13082
83,13129
100,13138
55,13153
100,13174
69,13178
220,13179
440,13197
544,13202
257,13320
51,13363
486,13424
506,13438
440,13533
162,13541
257,13548
455,13560
100,13590
458,13609
547,13609
447,13610
459,13610
469,13616
100,13631
315,13681
436,13730
344,13754
69,13811
100,13848
100,13884
55,13889
313,13922
486,13938
386,13965
387,13966
187,14000
374,14008
67,14041
313,14084
511,14095
55,14134
280,14145
440,14181
440,14195
445,14266
448,14268
172,14269
449,14269
55,14363
265,14392
466,14484
55,14494
94,14519
419,14519
365,14585
244,14687
245,14688
465,14726
172,14730
449,14730
67,14740
187,14836
188,14837
189,14838
190,14839
234,14883
235,14884
533,14899
360,14902
285,15029
286,15030
465,15088
544,15136
344,15141
336,15292
337,15293
55,15371
530,15430
440,15482
544,15541
276,15578
315,15619
158,15658
55,15724
465,15775
351,15829
161,15844
466,15952
440,16060
441,16061
453,16062
454,16063
458,16103
547,16103
510,16177
315,16198
51,16221
440,16239
472,16243
245,16265
234,16323
99,16354
224,16429
450,16429
453,16430
55,16479
67,16525
53,16587
65,16587
464,16656
541,16694
187,16800
224,16819
450,16819
442,16820
451,16820
452,16820
453,16821
217,16836
509,16838
510,16839
223,16867
400,16867
67,16894
265,16924
226,17097
227,17098
544,17110
171,17187
508,17187
276,17401
169,17428
375,17500
469,17510
218,17520
219,17521
500,17532
68,17533
255,17540
222,17587
399,17587
351,17651
70,17701
172,17723
449,17723
440,17749
444,17751
445,17752
446,17753
458,17754
547,17754
329,17764
374,17778
440,17842
274,17882
440,18003
218,18040
54,18064
66,18064
168,18064
333,18097
466,18268
484,18275
68,18296
69,18297
544,18307
507,18308
171,18309
508,18309
172,18310
449,18310
224,18311
450,18311
453,18312
454,18313
172,18329
449,18329
67,18337
501,18338
440,18511
54,18531
66,18531
168,18531
55,18532
226,18575
162,18610
218,18633
157,18677
69,18698
169,18713
258,18724
64,18734
53,18735
65,18735
177,18795
157,18882
162,18905
100,18929
447,18965
459,18965
85,19004
67,19030
440,19189
374,19218
375,19219
231,19235
100,19357
257,19369
258,19370
275,19503
275,19509
276,19510
54,19511
66,19511
168,19511
55,19512
245,19609
479,19668
454,19674
223,19677
400,19677
218,19747
68,19781
83,19809
440,19817
441,19818
453,19819
218,19824
217,19883
256,19922
161,19930
274,19952
231,19959
521,19993
100,20001
330,20014
99,20116
441,20122
442,20123
451,20123
452,20123
443,20124
100,20179
440,20203
277,20212
146,20230
225,20245
275,20274
84,20312
266,20337
100,20343
516,20424
530,20527
231,20545
510,20573
173,20593
313,20612
393,20669
83,20673
447,20722
459,20722
448,20723
544,20807
464,20849
220,20911
221,20912
308,20930
305,21031
99,21038
447,21078
459,21078
224,21093
450,21093
440,21144
440,21181
274,21260
100,21282
525,21291
152,21301
440,21346
441,21347
442,21348
451,21348
452,21348
443,21349
375,21363
329,21384
330,21385
162,21389
441,21418
453,21419
218,21443
99,21479
257,21525
190,21546
56,21578
100,21595
374,21646
538,21668
358,21738
506,21776
464,21844
224,21846
450,21846
225,21847
441,21863
56,21912
160,21913
478,21920
280,21939
222,21951
399,21951
68,22062
83,22094
224,22128
450,22128
231,22131
530,22143
278,22191
67,22234
421,22245
389,22246
94,22290
419,22290
330,22300
257,22383
258,22384
218,22400
438,22423
440,22467
444,22623
445,22624
448,22626
172,22627
449,22627
374,22666
375,22667
453,22767
84,22779
85,22780
509,22808
100,22822
440,22865
100,22900
100,22906
224,22929
450,22929
225,22930
170,22950
299,22951
224,22955
450,22955
225,22956
274,22968
69,22979
70,22980
18,22983
67,23006
68,23007
100,23017
358,23050
68,23103
245,23105
294,23110
75,23229
225,23414
385,23440
173,23513
174,23514
67,23555
314,23565
69,23588
374,23593
448,23663
509,23664
99,23718
516,23727
275,23766
276,23767
54,23768
66,23768
168,23768
55,23769
67,23873
277,23920
285,23926
286,23927
224,24000
450,24000
225,24001
226,24002
227,24003
280,24009
510,24033
69,24052
83,24080
530,24161
222,24194
399,24194
464,24310
465,24311
531,24313
421,24328
83,24333
544,24350
157,24378
245,24398
100,24411
387,24453
500,24461
501,24462
223,24520
400,24520
173,24521
174,24522
69,24552
220,24553
221,24554
245,24557
69,24572
99,24593
440,24648
172,24692
449,24692
173,24693
174,24694
506,24721
465,24776
445,24813
177,24874
448,24877
172,24878
449,24878
173,24879
187,24910
224,25005
450,25005
442,25006
451,25006
452,25006
442,25007
451,25007
452,25007
217,25100
172,25102
449,25102
313,25182
69,25225
100,25251
231,25323
486,25343
172,25356
449,25356
224,25357
450,25357
464,25403
440,25443
56,25526
160,25527
169,25531
217,25587
255,25617
83,25690
466,25693
110,25697
266,25721
440,25735
530,25753
225,25782
486,25797
100,25842
234,25848
257,25926
365,25937
276,25943
54,25944
66,25944
168,25944
67,25945
55,25990
537,25993
50,25998
69,26015
67,26062
257,26085
70,26104
275,26229
54,26354
66,26354
168,26354
55,26355
100,26462
101,26463
69,26471
358,26514
67,26547
68,26548
83,26568
257,26622
189,26690
440,26753
472,26772
63,26786
389,26796
307,26832
466,26862
69,26909
70,26910
177,26919
448,26922
364,26951
172,27017
449,27017
413,27033
440,27061
444,27063
510,27083
51,27105
500,27150
479,27192
439,27232
440,27233
441,27234
225,27235
64,27284
53,27285
65,27285
277,27313
278,27314
464,27333
465,27334
359,27368
453,27464
465,27485
466,27486
467,27487
298,27509
171,27510
508,27510
466,27512
221,27514
254,27646
224,27662
450,27662
500,27684
501,27685
56,27695
160,27696
330,27698
458,27742
547,27742
447,27743
459,27743
99,27768
100,27769
100,27817
68,27847
315,27890
235,27955
313,28024
466,28038
448,28045
100,28121
112,28143
343,28204
454,28218
473,28340
402,28360
500,28486
506,28520
69,28543
220,28544
221,28545
222,28546
399,28546
221,28562
466,28610
344,28615
471,28616
220,28651
274,28674
441,28676
442,28677
451,28677
452,28677
443,28678
467,28680
83,28684
169,28706
257,28745
466,28777
172,28792
449,28792
401,28793
402,28794
439,28797
440,28798
470,28811
267,28838
500,28864
68,28865
69,28866
220,28867
224,28878
450,28878
443,28879
486,28951
544,28953
170,28959
171,28960
508,28960
486,28981
465,29037
466,29038
100,29101
146,29104
172,29119
449,29119
224,29120
450,29120
466,29153
169,29169
223,29215
400,29215
169,29228
225,29237
227,29317
285,29350
286,29351
217,29386
218,29387
470,29408
345,29409
231,29465
69,29522
220,29549
221,29550
222,29551
399,29551
235,29587
530,29612
275,29616
418,29664
94,29665
419,29665
224,29698
450,29698
466,29731
152,29738
223,29740
400,29740
224,29774
450,29774
442,29775
451,29775
452,29775
443,29776
466,29794
224,29858
450,29858
443,29859
465,29946
466,29947
218,30074
171,30176
508,30176
172,30177
449,30177
344,30199
439,30216
445,30219
435,30222
470,30272
506,30286
330,30304
440,30318
441,30319
442,30320
451,30320
452,30320
442,30321
451,30321
452,30321
439,30341
440,30342
444,30344
466,30387
472,30389
384,30400
67,30434
225,30441
351,30477
440,30492
231,30495
68,30549
500,30583
68,30584
274,30594
544,30627
548,30710
55,30724
535,30738
223,30755
400,30755
466,30767
169,30813
69,30825
421,30894
389,30895
439,30908
440,30909
441,30910
442,30911
451,30911
452,30911
442,30912
451,30912
452,30912
68,30948
463,30969
464,30970
171,30977
508,30977
224,30982
450,30982
443,30983
161,30987
162,30988
466,31018
507,31042
171,31043
508,31043
172,31044
449,31044
224,31045
450,31045
53,31059
65,31059
421,31089
389,31090
224,31165
450,31165
442,31166
451,31166
452,31166
225,31167
474,31172
391,31173
296,31244
437,31316
171,31328
508,31328
172,31329
449,31329
224,31330
450,31330
442,31331
451,31331
452,31331
453,31332
67,31356
466,31364
486,31372
274,31467
223,31490
400,31490
62,31502
535,31639
99,31645
100,31646
443,31665
100,31675
511,31702
544,31713
374,31731
375,31732
77,31804
384,31809
67,31829
440,31861
226,31863
173,31901
531,31959
447,32000
459,32000
219,32002
222,32067
399,32067
441,32115
442,32116
451,32116
452,32116
225,32117
68,32129
231,32250
384,32258
530,32272
146,32297
55,32328
93,32340
455,32369
222,32373
399,32373
465,32396
100,32447
506,32449
507,32450
171,32451
508,32451
100,32491
315,32495
99,32554
421,32675
70,32704
458,32752
547,32752
470,32786
221,32788
18,32860
466,32882
100,32891
169,32919
170,32920
171,32921
508,32921
307,32964
448,32984
188,32988
454,32995
455,32996
344,33012
374,33041
375,33042
99,33133
100,33134
70,33147
169,33159
423,33174
465,33196
440,33346
298,33377
171,33378
508,33378
172,33379
449,33379
217,33393
218,33394
505,33415
530,33481
217,33502
172,33504
449,33504
275,33551
384,33572
177,33586
40,33650
54,33665
66,33665
168,33665
55,33666
222,33671
399,33671
231,33674
56,33708
51,33811
55,33885
447,33972
459,33972
344,34074
446,34096
447,34097
459,34097
448,34098
172,34099
449,34099
224,34100
450,34100
443,34101
472,34111
85,34123
509,34130
222,34135
399,34135
440,34189
441,34190
442,34191
451,34191
452,34191
225,34192
223,34216
400,34216
440,34231
447,34284
459,34284
448,34285
172,34286
449,34286
224,34287
450,34287
225,34288
472,34296
152,34321
224,34337
450,34337
453,34338
454,34339
234,34372
500,34379
68,34445
440,34458
83,34507
189,34513
190,34514
100,34545
544,34573
471,34583
146,34630
463,34649
464,34650
393,34672
67,34681
466,34684
190,34713
274,34716
83,34795
374,34807
375,34808
374,34845
69,34872
70,34873
83,34935
171,34970
508,34970
172,34971
449,34971
440,35004
402,35006
222,35015
399,35015
274,35080
441,35082
442,35083
451,35083
452,35083
443,35084
146,35137
439,35177
440,35178
99,35205
100,35206
67,35211
223,35237
400,35237
440,35320
146,35404
445,35423
446,35424
447,35425
459,35425
448,35426
421,35445
389,35446
358,35513
225,35591
440,35616
441,35617
225,35618
84,35626
85,35627
187,35628
85,35646
509,35652
455,35654
187,35661
220,35720
221,35721
530,35743
448,35774
100,35859
231,35878
244,35897
245,35898
40,35935
100,35953
55,36023
266,36045
344,36051
231,36090
314,36099
280,36113
469,36157
470,36158
507,36196
171,36197
508,36197
172,36198
449,36198
224,36199
450,36199
442,36200
451,36200
452,36200
442,36201
451,36201
452,36201
225,36202
99,36206
359,36243
162,36272
329,36434
162,36455
163,36456
313,36476
219,36558
465,36563
440,36618
99,36647
447,36700
459,36700
448,36701
509,36702
99,36740
440,36749
530,36836
100,36890
100,36896
146,36933
100,36974
40,36994
231,37012
100,37035
344,37055
99,37061
439,37069
278,37083
223,37128
400,37128
245,37218
224,37253
450,37253
265,37319
243,37351
224,37355
450,37355
447,37416
459,37416
448,37417
68,37429
544,37550
486,37583
441,37590
442,37591
451,37591
452,37591
440,37683
458,37716
547,37716
447,37717
459,37717
448,37718
464,37724
280,37877
67,38020
274,38060
458,38067
547,38067
447,38068
459,38068
448,38069
218,38113
440,38124
469,38144
172,38148
449,38148
99,38153
440,38163
441,38164
442,38165
451,38165
452,38165
225,38166
100,38170
535,38215
100,38299
172,38325
449,38325
226,38327
441,38391
442,38392
451,38392
452,38392
442,38393
451,38393
452,38393
442,38394
451,38394
452,38394
453,38395
277,38397
465,38416
187,38426
188,38427
189,38428
190,38429
329,38491
100,38514
99,38559
223,38584
400,38584
245,38597
466,38658
55,38671
462,38693
226,38712
227,38713
280,38778
227,38839
344,38875
544,38927
68,39062
351,39161
294,39168
466,39240
280,39265
315,39344
530,39347
374,39389
375,39390
509,39397
510,39398
511,39399
100,39422
500,39425
275,39520
374,39536
375,39537
100,39617
384,39635
391,39670
500,39677
364,39747
365,39748
384,39800
220,39820
221,39821
100,39921
374,40058
294,40062
384,40076
280,40098
533,40100
466,40110
440,40206
544,40250
223,40279
400,40279
257,40311
220,40315
167,40329
440,40420
100,40439
330,40497
232,40499
233,40500
83,40526
69,40528
375,40606
222,40632
399,40632
231,40635
530,40658
374,40667
294,40725
384,40730
223,40737
400,40737
466,40779
231,40788
67,40825
68,40826
69,40827
100,40885
388,40900
190,40950
471,41019
67,41029
343,41054
445,41112
94,41134
419,41134
275,41145
544,41187
285,41210
172,41291
449,41291
224,41292
450,41292
225,41293
158,41300
313,41313
314,41314
315,41315
500,41336
68,41337
69,41338
439,41400
391,41464
510,41539
454,41556
374,41574
277,41667
278,41668
274,41682
454,41685
500,41714
245,41799
222,42016
399,42016
530,42030
220,42037
439,42054
67,42157
68,42158
530,42302
257,42314
100,42353
84,42356
439,42360
94,42377
419,42377
113,42390
114,42391
274,42436
187,42451
188,42452
189,42453
190,42454
69,42475
220,42476
221,42477
232,42485
233,42486
254,42506
67,42516
277,42531
278,42532
287,42540
333,42549
374,42568
418,42612
94,42613
419,42613
464,42636
439,42663
454,42669
466,42678
544,42686
351,42696
274,42790
374,42820
375,42821
544,42885
55,42924
509,42969
50,43008
83,43016
266,43046
374,43079
69,43090
220,43091
484,43122
68,43152
365,43268
226,43531
222,43537
399,43537
83,43623
223,43625
400,43625
99,43638
169,43677
70,43781
235,43820
285,43834
286,43835
465,43874
55,43911
169,43918
170,43919
171,43920
508,43920
69,43978
465,44006
466,44007
161,44010
344,44039
345,44040
83,44044
454,44090
169,44100
170,44101
171,44102
508,44102
172,44103
449,44103
169,44255
68,44381
257,44424
55,44433
85,44445
466,44460
374,44467
375,44468
357,44512
358,44513
223,44526
400,44526
294,44535
413,44538
55,44564
421,44568
500,44594
258,44657
266,44662
316,44667
52,44694
448,44781
509,44782
280,44841
67,44979
62,45010
63,45011
218,45039
172,45043
449,45043
374,45053
375,45054
470,45088
548,45143
67,45155
548,45175
113,45179
114,45180
402,45213
439,45228
374,45251
336,45327
100,45380
440,45440
471,45613
100,45619
257,45661
315,45695
67,45725
23,45776
280,45888
530,45893
100,45912
100,45948
364,45954
344,45978
221,45980
222,45981
399,45981
223,45982
400,45982
55,45993
162,46013
172,46060
449,46060
226,46062
67,46120
440,46194
277,46221
55,46247
220,46308
221,46309
222,46310
399,46310
53,46345
65,46345
54,46346
66,46346
168,46346
55,46347
384,46354
274,46363
190,46391
220,46422
221,46423
393,46542
187,46556
51,46562
18,46602
55,46613
56,46614
57,46615
99,46661
447,46732
459,46732
448,46733
506,46750
469,46782
365,46804
40,46910
439,47132
440,47133
506,47137
257,47232
41,47242
55,47276
313,47315
441,47348
453,47349
454,47350
67,47401
462,47434
548,47438
231,47573
358,47576
244,47589
245,47590
172,47687
449,47687
177,47746
448,47792
466,47817
172,47842
449,47842
55,47851
67,47868
68,47869
69,47870
330,47905
464,47917
67,48016
68,48023
225,48051
100,48055
222,48063
399,48063
466,48092
455,48129
531,48152
274,48208
537,48215
315,48226
446,48230
447,48231
459,48231
63,48351
50,48438
99,48462
51,48492
83,48511
84,48512
85,48513
265,48599
448,48608
224,48632
450,48632
225,48633
69,48672
493,48687
218,48706
67,48741
222,48782
399,48782
83,48792
509,48870
374,48937
375,48973
40,48976
447,48989
459,48989
448,48990
172,48991
449,48991
100,49034
227,49062
506,49087
507,49088
171,49089
508,49089
172,49090
449,49090
401,49091
421,49227
40,49240
374,49249
375,49250
217,49274
51,49281
366,49310
465,49328
67,49368
358,49514
521,49594
440,49611
441,49612
453,49613
516,49682
225,49725
274,49814
226,49817
227,49818
169,49822
170,49823
171,49824
508,49824
466,49826
479,49843
391,49851
465,49909
466,49910
441,49937
225,49938
329,49978
330,49979
217,49989
509,49991
391,50004
172,50025
449,50025
401,50026
402,50027
100,50060
465,50069
544,50073
100,50112
336,50119
447,50125
459,50125
448,50126
509,50127
217,50174
99,50186
530,50238
465,50282
220,50301
344,50354
257,50379
99,50436
313,50441
99,50453
277,50463
516,50480
390,50555
545,50555
391,50556
516,50570
224,50645
450,50645
225,50646
67,50728
284,50793
483,50793
285,50794
286,50795
226,50888
421,50925
69,50928
83,50935
484,50946
485,50947
486,50948
468,50985
469,50986
366,51008
439,51071
510,51087
163,51090
448,51132
280,51168
83,51231
544,51311
386,51313
481,51315
84,51371
85,51372
187,51373
188,51374
55,51415
223,51482
400,51482
454,51484
190,51530
83,51538
294,51599
68,51625
530,51635
484,51649
390,51683
545,51683
391,51684
67,51722
313,51830
220,51865
160,51868
280,51947
243,51980
544,52012
100,52082
374,52184
375,52185
500,52188
220,52208
344,52229
330,52281
258,52288
257,52335
351,52369
218,52379
466,52412
99,52430
462,52534
465,52540
16,52589
530,52604
218,52629
99,52715
521,52720
83,52744
344,52773
465,52812
466,52813
86,52840
276,52912
277,52913
374,52968
231,52977
100,53002
67,53074
458,53103
547,53103
447,53104
459,53104
448,53105
336,53130
337,53131
275,53165
374,53200
257,53322
152,53415
69,53417
231,53469
187,53501
280,53540
224,53605
450,53605
442,53606
451,53606
452,53606
453,53607
454,53608
440,53655
441,53656
231,53729
481,53751
100,53802
530,53818
100,53843
386,53851
387,53852
55,53915
158,53932
158,53959
100,54047
509,54129
510,54130
55,54141
448,54215
391,54237
294,54242
506,54319
344,54389
76,54409
391,54417
440,54488
219,54613
290,54638
351,54685
364,54695
315,54708
384,54730
162,54777
458,54856
547,54856
458,54857
547,54857
447,54858
459,54858
448,54859
172,54860
449,54860
54,54873
66,54873
168,54873
509,54881
510,54882
440,54905
276,54979
54,54980
66,54980
168,54980
146,54985
351,55037
172,55063
449,55063
170,55130
171,55131
508,55131
84,55147
391,55152
94,55180
419,55180
313,55261
220,55365
221,55366
265,55523
100,55565
169,55574
275,55632
296,55641
448,55705
544,55714
440,55737
544,55765
171,55791
508,55791
172,55792
449,55792
254,55867
220,56007
344,56018
85,56030
187,56031
470,56179
315,56190
220,56195
221,56196
54,56211
66,56211
168,56211
481,56221
190,56231
365,56233
366,56234
100,56251
67,56299
169,56353
190,56481
313,56486
100,56503
68,56512
69,56513
100,56523
68,56530
83,56601
68,56629
439,56639
440,56640
441,56641
225,56642
83,56670
441,56759
442,56760
451,56760
452,56760
453,56761
447,56767
459,56767
448,56768
313,56864
374,56872
375,56873
69,56921
220,56922
221,56923
468,56962
436,57033
67,57077
510,57102
84,57164
359,57205
391,57219
187,57267
188,57268
442,57296
451,57296
452,57296
225,57297
440,57331
344,57352
471,57353
472,57354
93,57377
506,57466
277,57485
330,57488
287,57513
516,57566
223,57580
400,57580
167,57586
277,57587
278,57588
465,57614
294,57620
223,57709
400,57709
470,57740
190,57750
191,57751
67,57760
440,57817
364,57846
365,57847
440,57890
441,57891
443,57892
444,57893
536,57919
255,57962
500,57975
68,57976
402,58091
440,58175
220,58202
219,58322
220,58323
440,58454
516,58466
464,58578
357,58618
68,58684
224,58711
450,58711
443,58712
231,58722
421,58759
509,58776
255,58838
393,58845
313,58851
99,58865
544,58870
40,58880
224,58946
450,58946
442,58947
451,58947
452,58947
453,58948
454,58949
455,58950
222,58987
399,58987
40,59055
466,59174
467,59175
315,59208
94,59332
419,59332
466,59352
516,59384
162,59407
484,59422
223,59436
400,59436
69,59468
344,59626
221,59628
280,59665
99,59668
100,59669
510,59704
