395,42
367,55
368,56
484,66
485,67
486,68
112,75
528,84
450,162
305,163
291,243
526,244
310,266
168,289
121,355
391,367
392,368
392,369
392,370
393,371
84,426
500,505
120,530
170,539
260,624
266,636
112,681
491,691
485,702
486,703
487,704
289,725
451,761
309,797
392,798
310,799
528,833
305,842
226,905
391,936
392,937
392,938
526,941
67,942
370,993
308,1044
392,1065
393,1066
385,1087
261,1111
84,1122
451,1142
115,1159
166,1213
474,1235
106,1242
200,1273
528,1292
169,1315
290,1317
112,1346
112,1360
113,1361
405,1388
393,1391
421,1414
391,1481
242,1528
347,1571
391,1580
310,1581
449,1593
481,1656
461,1676
164,1706
353,1827
354,1828
134,1838
453,1851
551,1862
391,1876
475,1889
88,1908
114,1930
369,2016
482,2085
305,2094
308,2159
290,2172
291,2173
526,2174
477,2176
391,2199
392,2200
393,2201
525,2242
308,2268
309,2269
393,2270
391,2277
392,2278
392,2279
393,2280
346,2281
216,2294
354,2344
106,2349
200,2362
201,2363
406,2376
105,2378
106,2379
107,2380
265,2380
266,2381
450,2417
288,2431
289,2432
308,2473
345,2474
392,2489
392,2490
392,2491
392,2492
392,2493
393,2510
346,2511
347,2512
289,2521
309,2523
84,2526
537,2548
452,2574
267,2622
451,2680
197,2692
345,2772
172,2792
139,2807
140,2808
112,2812
113,2813
309,2826
393,2827
393,2861
475,2882
528,2884
432,2887
453,2923
104,2962
461,3048
169,3058
290,3060
169,3076
289,3116
449,3117
169,3178
169,3190
290,3192
451,3209
305,3242
306,3243
261,3265
461,3299
462,3300
345,3332
451,3334
193,3366
194,3367
195,3368
196,3369
178,3409
392,3465
392,3466
392,3467
393,3468
346,3469
291,3634
170,3638
121,3685
354,3705
216,3742
436,3764
368,3765
369,3766
70,3786
217,3792
372,3807
311,3836
289,3841
345,3843
493,3852
309,3888
289,3911
449,3912
84,3975
274,3979
275,3980
172,4015
403,4087
385,4111
347,4127
309,4138
392,4139
393,4140
346,4141
178,4171
168,4212
264,4255
121,4256
309,4281
310,4282
458,4309
354,4336
308,4389
309,4390
393,4391
166,4459
309,4498
392,4499
423,4563
244,4660
260,4693
261,4739
289,4754
108,4769
109,4770
260,4807
534,4820
308,4849
309,4850
450,4861
228,4869
451,4901
84,4908
193,4920
194,4921
217,4943
168,4947
169,4948
309,4951
393,4952
305,4954
306,4955
274,4975
275,4976
353,5018
354,5019
347,5069
289,5102
449,5103
273,5169
105,5192
106,5193
353,5201
354,5202
355,5203
178,5221
311,5230
153,5303
84,5321
227,5357
108,5363
134,5367
405,5435
406,5436
347,5441
308,5448
214,5486
345,5498
67,5513
200,5518
484,5535
526,5552
494,5573
132,5630
321,5635
235,5645
393,5662
354,5682
452,5736
343,5823
228,5849
271,5878
272,5879
273,5880
274,5881
275,5882
375,5907
134,5931
345,5933
266,5986
305,6059
140,6171
308,6204
500,6247
67,6286
474,6293
107,6319
265,6319
266,6320
288,6351
391,6363
392,6364
393,6365
140,6398
308,6409
345,6410
451,6412
84,6471
476,6474
135,6478
195,6503
196,6504
84,6528
385,6660
242,6664
243,6665
244,6666
342,6810
343,6811
344,6812
115,6821
455,6829
312,6862
313,6863
140,6879
141,6880
310,6896
345,6916
352,6944
353,6945
352,7021
353,7022
289,7061
352,7085
371,7114
372,7115
373,7116
237,7134
214,7148
215,7149
216,7150
217,7151
216,7168
217,7169
166,7313
195,7381
166,7393
475,7460
196,7506
345,7520
450,7526
124,7557
393,7581
84,7665
193,7713
140,7717
451,7736
345,7752
487,7794
451,7892
200,7902
235,7904
485,7908
353,7957
354,7958
355,7959
347,7997
451,8006
84,8016
153,8067
172,8117
345,8127
352,8144
135,8178
347,8210
450,8219
237,8223
498,8238
84,8253
304,8263
291,8367
369,8598
353,8648
405,8669
140,8697
451,8699
223,8754
192,8762
511,8775
473,8816
308,8841
309,8842
393,8843
481,8898
172,8963
453,9013
450,9014
132,9041
395,9065
351,9070
342,9077
451,9184
106,9267
405,9305
67,9321
354,9373
475,9416
528,9418
153,9542
476,9590
369,9654
354,9722
217,9729
217,9889
108,9917
334,9935
289,9941
242,9992
203,10144
204,10145
226,10162
289,10214
166,10269
264,10275
121,10276
84,10278
342,10338
351,10430
118,10540
290,10584
291,10585
228,10649
528,10747
408,10825
68,10844
345,10858
200,10868
264,10895
449,10914
347,10934
264,10952
347,10955
134,10990
192,11023
482,11025
351,11057
226,11145
404,11147
353,11247
178,11298
550,11314
551,11315
451,11369
309,11379
392,11380
393,11381
264,11495
128,11509
391,11528
347,11553
260,11567
202,11675
203,11676
114,11731
115,11732
121,11738
347,11798
291,11823
292,11824
350,11825
353,11846
354,11847
264,11898
351,11930
352,11931
271,11942
272,11943
273,11944
104,12028
321,12045
308,12058
345,12059
276,12070
121,12099
84,12183
212,12196
308,12204
345,12205
217,12209
450,12214
193,12234
549,12255
450,12270
305,12271
202,12282
309,12324
310,12325
212,12332
132,12355
423,12405
500,12412
461,12420
385,12433
197,12444
274,12454
512,12462
451,12515
551,12533
474,12543
475,12544
476,12545
477,12546
392,12550
166,12588
195,12683
196,12684
487,12689
274,12781
275,12782
308,12789
309,12790
392,12791
104,12793
105,12794
423,12815
340,12850
346,12856
112,12931
451,12934
452,12935
345,12937
346,12938
104,12979
371,13016
68,13070
120,13082
347,13150
475,13153
264,13196
311,13199
397,13243
491,13291
133,13302
395,13366
396,13367
397,13368
525,13381
221,13428
140,13435
484,13463
112,13557
113,13558
292,13560
115,13577
288,13617
289,13618
449,13619
214,13636
211,13654
174,13679
490,13733
482,13734
216,13738
273,13802
289,13843
449,13844
450,13845
451,13846
475,13889
166,13906
405,13969
406,13970
451,14059
166,14071
351,14073
264,14116
475,14134
214,14140
264,14180
491,14214
308,14269
217,14282
193,14285
352,14300
353,14301
242,14304
243,14305
475,14363
130,14392
371,14405
306,14425
451,14443
166,14463
263,14479
288,14481
289,14482
347,14491
475,14494
286,14504
243,14506
244,14507
546,14529
345,14544
314,14648
226,14663
404,14665
451,14674
487,14688
372,14693
353,14707
308,14730
454,14743
242,14766
243,14767
244,14768
523,14788
84,14858
451,14887
405,14910
197,14955
133,14966
546,14973
196,15035
352,15037
454,15157
115,15215
372,15218
424,15292
475,15371
528,15373
405,15417
500,15434
528,15442
264,15466
105,15469
451,15568
112,15576
113,15577
408,15579
353,15593
461,15641
475,15724
166,15733
551,15745
214,15789
215,15790
216,15791
217,15792
108,15823
200,15827
117,15923
458,15980
451,15988
217,16018
549,16049
286,16058
391,16061
223,16067
476,16084
264,16182
121,16183
487,16265
450,16276
227,16343
228,16344
309,16429
104,16431
475,16479
194,16533
195,16534
196,16535
128,16670
345,16699
289,16714
345,16716
84,16736
131,16740
309,16819
392,16820
228,16917
130,16924
314,17027
347,17060
121,17074
394,17097
354,17109
236,17219
346,17254
450,17273
451,17274
452,17275
484,17334
142,17338
217,17348
166,17361
351,17363
347,17386
264,17399
474,17427
404,17487
405,17488
547,17512
369,17540
305,17605
131,17641
132,17642
346,17664
347,17665
423,17669
308,17723
115,17726
116,17727
117,17728
128,17757
217,17762
243,17810
228,17838
405,17848
116,17868
266,17884
314,17918
264,17930
107,17931
265,17931
108,17932
352,17958
134,18015
345,18017
236,18043
132,18070
133,18071
134,18072
450,18074
451,18075
170,18191
372,18202
235,18218
304,18303
354,18306
167,18308
308,18310
309,18311
308,18329
427,18338
347,18376
196,18422
121,18438
122,18439
137,18440
264,18510
475,18532
394,18575
314,18580
494,18591
485,18599
346,18622
68,18630
138,18759
139,18760
140,18761
404,18818
405,18819
226,18878
451,18937
289,18945
449,18946
454,18947
287,19062
372,19085
345,19128
260,19137
115,19163
451,19171
527,19175
351,19197
352,19198
257,19249
356,19262
451,19279
549,19304
550,19305
551,19306
451,19410
354,19415
142,19420
112,19439
406,19472
475,19512
140,19520
166,19542
128,19545
129,19546
487,19609
263,19613
264,19614
121,19615
211,19651
276,19669
272,19711
212,19717
451,19723
161,19744
486,19782
114,19790
264,19816
391,19818
104,19820
351,19833
314,19862
461,19886
354,19911
370,19922
371,19923
372,19924
203,19929
210,19941
266,19954
476,19962
225,19975
451,19987
84,19994
451,19999
405,20004
546,20009
547,20010
345,20021
196,20030
227,20043
290,20051
291,20052
321,20091
391,20122
392,20123
310,20124
311,20125
458,20132
451,20164
264,20202
393,20245
114,20275
375,20291
170,20299
405,20350
406,20351
454,20407
195,20529
196,20530
112,20534
226,20567
134,20591
450,20619
305,20620
112,20645
112,20700
395,20703
345,20710
450,20725
451,20749
200,20789
128,20801
353,20805
354,20806
351,20809
84,20852
84,20885
264,20893
213,20976
128,21003
336,21031
342,21056
309,21093
275,21126
391,21347
392,21348
310,21349
311,21350
260,21378
216,21381
217,21382
535,21404
391,21418
169,21444
449,21446
105,21487
547,21490
276,21510
84,21515
484,21552
405,21618
242,21712
243,21713
511,21738
351,21778
451,21821
163,21835
164,21836
309,21846
393,21847
112,21861
391,21863
170,21895
212,22008
449,22020
450,22021
451,22022
213,22025
263,22028
264,22029
121,22030
409,22053
236,22065
451,22109
309,22128
353,22146
140,22149
395,22202
121,22211
474,22233
106,22238
84,22297
261,22322
262,22323
263,22324
242,22325
343,22455
450,22457
353,22551
153,22584
174,22586
175,22587
264,22593
308,22627
128,22637
314,22641
395,22724
352,22739
213,22750
375,22827
264,22835
407,22919
309,22929
393,22930
168,22951
169,22952
309,22955
393,22956
166,22963
511,23050
451,23086
486,23104
487,23105
178,23140
353,23172
354,23173
166,23180
351,23188
453,23218
121,23257
405,23357
242,23377
217,23389
423,23392
243,23396
244,23397
393,23414
259,23426
260,23427
353,23523
354,23524
508,23549
473,23553
474,23554
498,23580
432,23604
508,23699
134,23730
115,23734
372,23747
475,23769
453,23800
110,23882
353,23972
264,23978
309,24000
393,24001
394,24002
343,24031
476,24109
153,24123
312,24162
84,24288
271,24291
272,24292
346,24298
372,24306
257,24345
258,24346
354,24349
114,24357
493,24382
487,24398
450,24406
112,24419
427,24462
405,24479
193,24510
140,24537
141,24538
486,24556
487,24557
353,24644
264,24647
84,24675
308,24692
490,24752
482,24753
295,24815
290,24834
291,24835
308,24878
347,24938
345,24950
453,24988
454,24989
545,24992
309,25005
392,25006
392,25007
137,25010
264,25013
264,25043
347,25046
406,25056
308,25102
345,25103
395,25154
290,25171
195,25191
129,25223
203,25227
194,25248
308,25356
309,25357
484,25381
485,25382
172,25384
134,25438
105,25441
106,25442
460,25450
461,25451
409,25537
264,25557
461,25590
345,25613
346,25614
369,25617
195,25755
196,25756
196,25759
393,25782
473,25801
261,25882
263,25899
264,25900
275,25912
264,25941
475,25990
227,25994
228,25995
128,26027
112,26091
451,26101
289,26110
353,26117
115,26124
425,26145
426,26146
84,26150
426,26160
451,26182
172,26236
475,26355
351,26373
153,26381
453,26387
200,26396
201,26397
484,26469
485,26470
352,26478
353,26479
511,26514
213,26525
484,26532
260,26598
117,26601
311,26644
105,26751
106,26752
203,26785
204,26786
500,26847
450,26924
451,26925
460,27003
308,27017
228,27035
264,27060
484,27080
242,27090
523,27156
524,27157
194,27161
195,27162
196,27163
131,27183
132,27184
133,27185
194,27190
276,27193
242,27219
120,27232
391,27234
393,27235
243,27277
423,27316
289,27358
140,27377
484,27384
454,27395
486,27435
423,27441
345,27453
482,27557
199,27601
264,27626
368,27646
498,27652
309,27662
427,27685
351,27707
312,27751
482,27773
68,27784
510,27791
260,27804
117,27807
484,27884
118,27978
260,28003
260,28013
261,28014
133,28035
134,28036
453,28064
185,28099
451,28119
405,28160
264,28173
371,28200
372,28201
484,28256
305,28277
112,28289
213,28333
432,28343
405,28351
196,28410
535,28427
536,28428
219,28429
200,28567
235,28569
140,28581
450,28589
451,28590
202,28616
391,28676
392,28677
310,28678
257,28742
308,28792
378,28795
120,28797
286,28809
287,28810
484,28871
131,28873
132,28874
133,28875
134,28876
309,28878
310,28879
305,28897
193,28941
200,28966
431,29092
432,29093
308,29119
309,29120
121,29128
405,29134
408,29179
409,29180
260,29210
261,29211
345,29216
474,29227
393,29237
262,29247
263,29248
264,29249
121,29250
178,29374
169,29391
493,29436
494,29437
114,29617
134,29696
309,29698
450,29752
309,29774
392,29775
310,29776
257,29825
220,29833
309,29858
310,29859
311,29860
312,29861
112,29955
389,29980
385,30008
405,30092
455,30118
461,30136
245,30137
308,30177
345,30195
120,30216
391,30319
392,30320
392,30321
120,30341
169,30347
345,30350
260,30368
133,30384
134,30385
393,30441
346,30442
200,30475
290,30552
291,30553
526,30554
112,30672
242,30682
474,30723
475,30724
432,30739
421,30752
484,30778
226,30854
120,30908
391,30910
392,30911
392,30912
535,30918
536,30919
537,30920
84,30936
309,30982
310,30983
203,30986
167,31042
308,31044
309,31045
84,31048
309,31165
392,31166
393,31167
525,31268
350,31273
354,31299
308,31329
309,31330
392,31331
450,31340
450,31359
305,31360
306,31361
307,31362
525,31368
264,31391
264,31402
137,31471
196,31484
498,31522
178,31584
450,31588
432,31640
493,31661
310,31665
453,31696
345,31788
451,31790
347,31826
106,31860
394,31863
405,31951
305,31954
306,31955
307,31956
450,31967
305,31968
178,32007
213,32037
450,32063
347,32076
454,32110
391,32115
392,32116
393,32117
214,32124
486,32130
451,32147
406,32158
105,32160
106,32161
286,32204
493,32236
423,32256
461,32267
475,32328
292,32369
432,32372
347,32376
423,32380
167,32450
481,32473
491,32474
264,32478
213,32517
289,32581
461,32591
266,32596
451,32651
500,32653
453,32709
217,32782
140,32797
451,32816
288,32833
289,32834
449,32835
450,32836
288,32845
461,32848
213,32868
343,32880
405,32894
305,32911
474,32918
345,32926
346,32927
347,32928
292,32996
494,33024
321,33090
288,33118
289,33119
449,33124
454,33125
260,33151
494,33165
484,33252
243,33269
389,33285
455,33288
404,33336
405,33337
286,33344
342,33354
153,33372
154,33373
308,33379
345,33380
549,33386
550,33387
169,33395
484,33430
131,33454
244,33459
308,33504
107,33542
265,33542
266,33543
485,33546
375,33620
475,33666
260,33686
261,33687
169,33721
290,33723
291,33724
397,33747
451,33788
452,33789
345,33791
475,33885
476,33886
305,33902
84,33919
134,33933
500,33945
112,33990
305,33993
345,34070
308,34099
309,34100
310,34101
291,34131
526,34132
527,34133
493,34161
343,34174
450,34176
451,34177
264,34188
391,34190
392,34191
393,34192
84,34219
308,34286
309,34287
393,34288
451,34290
452,34291
525,34304
112,34327
289,34335
309,34337
213,34390
264,34457
243,34484
202,34583
214,34634
121,34640
474,34680
264,34730
121,34731
214,34767
423,34781
263,34810
242,34811
128,34831
193,34841
194,34842
274,34855
227,34860
228,34861
115,34917
308,34971
449,34975
450,34976
214,35019
215,35020
121,35034
170,35056
104,35071
391,35082
392,35083
310,35084
406,35139
454,35171
120,35177
345,35238
398,35247
226,35285
461,35300
408,35323
112,35331
193,35384
406,35406
450,35428
451,35429
452,35430
453,35431
432,35470
511,35513
405,35588
393,35591
346,35592
476,35598
391,35617
393,35618
291,35653
292,35654
132,35665
133,35666
355,35746
68,35831
454,35837
112,35850
192,35884
482,35886
487,35898
261,35932
474,36022
475,36023
84,36110
405,36143
406,36144
334,36178
167,36196
308,36198
309,36199
392,36200
392,36201
393,36202
453,36212
166,36280
161,36309
405,36343
133,36347
134,36348
345,36350
235,36369
345,36428
346,36429
378,36470
352,36481
353,36482
405,36494
354,36528
355,36529
352,36535
266,36587
84,36614
546,36651
449,36772
450,36773
291,36805
526,36806
67,36807
461,36859
245,36860
545,36863
546,36864
451,36888
482,37020
120,37069
121,37070
131,37086
132,37087
133,37088
134,37089
135,37090
345,37129
395,37196
487,37218
352,37246
309,37253
130,37319
309,37355
137,37358
405,37361
406,37362
449,37432
450,37433
128,37462
226,37464
169,37477
405,37487
493,37513
347,37537
197,37542
354,37549
351,37564
391,37590
392,37591
340,37671
341,37672
342,37673
343,37674
160,37680
116,37750
112,37835
115,37844
474,37875
132,37889
133,37890
460,37892
261,37902
112,37912
451,37915
547,37948
200,37965
121,37995
84,37997
474,38019
121,38028
404,38049
405,38050
200,38098
201,38099
226,38120
264,38123
305,38127
308,38148
345,38149
391,38164
392,38165
393,38166
451,38168
213,38175
454,38189
266,38262
342,38271
343,38272
308,38325
345,38326
394,38327
112,38330
484,38372
391,38391
392,38392
392,38393
392,38394
353,38406
453,38433
454,38434
235,38456
236,38457
450,38511
451,38512
345,38585
346,38586
487,38597
346,38622
475,38671
476,38672
236,38687
394,38712
405,38742
196,38763
244,38768
343,38836
237,38887
128,38897
235,38937
352,38976
352,38986
353,38987
474,39023
305,39036
314,39040
449,39065
454,39105
545,39108
407,39143
200,39159
351,39217
193,39228
194,39229
112,39277
305,39288
197,39290
264,39318
451,39321
225,39365
226,39366
112,39379
389,39463
523,39476
170,39488
166,39515
114,39521
453,39597
264,39612
451,39615
243,39712
494,39730
153,39738
112,39757
266,39759
193,39794
452,39825
453,39826
450,39827
451,39828
140,39867
352,39947
353,39948
354,39964
314,39996
305,40035
227,40131
385,40145
537,40152
274,40154
458,40195
84,40209
494,40232
345,40280
484,40352
485,40353
486,40354
226,40416
264,40419
305,40423
527,40480
243,40585
244,40586
404,40640
405,40641
528,40649
112,40656
351,40768
352,40769
196,40801
371,40836
351,40882
500,40933
334,40955
193,40979
194,40980
195,40981
196,40982
200,41017
201,41018
202,41019
473,41024
498,41036
312,41076
266,41103
295,41114
296,41115
276,41142
242,41154
354,41186
226,41226
288,41230
289,41231
308,41291
309,41292
393,41293
346,41319
140,41330
395,41332
525,41342
526,41382
527,41383
120,41400
153,41418
117,41534
549,41547
451,41572
461,41598
405,41625
406,41626
264,41634
353,41640
354,41641
355,41642
354,41674
355,41675
526,41686
527,41687
477,41702
345,41743
166,41759
487,41799
291,41849
345,41903
451,41905
450,41926
451,41927
112,41990
105,42027
106,42028
120,42054
121,42055
528,42093
266,42114
474,42156
217,42171
354,42217
453,42296
454,42297
312,42303
450,42350
451,42351
120,42360
121,42361
122,42362
351,42370
193,42405
194,42406
528,42428
436,42505
368,42506
115,42520
423,42582
120,42663
131,42672
132,42673
200,42694
264,42714
451,42760
354,42796
347,42801
528,42840
354,42884
475,42924
291,42970
526,42971
476,42986
271,43006
194,43011
226,43086
347,43193
235,43204
236,43205
314,43234
172,43300
227,43305
537,43349
196,43355
347,43455
500,43470
537,43484
274,43486
112,43493
451,43497
394,43531
525,43583
526,43584
527,43585
242,43608
197,43617
345,43626
346,43627
347,43628
132,43640
353,43659
131,43753
132,43754
133,43755
290,43877
474,43910
475,43911
114,43928
122,43936
123,43937
124,43938
131,43945
132,43946
133,43947
134,43948
140,43953
140,43959
153,43964
305,43999
203,44009
491,44012
214,44020
215,44021
216,44022
217,44023
461,44047
257,44058
258,44059
266,44066
272,44070
273,44071
274,44072
286,44084
287,44085
288,44086
289,44087
474,44099
308,44103
311,44105
312,44106
236,44119
199,44126
200,44127
343,44140
353,44148
354,44149
112,44181
408,44197
423,44211
484,44216
193,44270
528,44306
524,44411
525,44412
526,44413
474,44432
475,44433
451,44457
452,44458
511,44513
291,44523
475,44564
476,44565
166,44634
351,44636
354,44659
260,44706
213,44733
133,44751
460,44753
461,44754
112,44820
423,44931
106,44983
204,45011
308,45043
345,45044
346,45045
345,45107
112,45118
131,45157
132,45158
133,45159
295,45176
423,45192
407,45204
405,45210
120,45228
121,45229
122,45230
137,45231
272,45243
451,45249
116,45253
508,45306
451,45322
424,45327
425,45328
172,45387
500,45435
154,45466
345,45539
134,45570
354,45589
200,45611
201,45612
202,45613
213,45625
195,45649
196,45650
112,45654
275,45663
273,45680
474,45724
352,45744
353,45745
354,45746
196,45847
112,45868
140,45878
274,45907
275,45908
352,45939
345,45983
475,45993
260,46045
261,46046
308,46060
345,46061
394,46062
375,46103
260,46112
450,46135
343,46153
499,46164
474,46246
475,46247
524,46344
475,46347
84,46381
200,46449
121,46458
122,46459
112,46511
432,46548
354,46593
475,46613
274,46643
154,46653
451,46689
534,46715
450,46735
305,46736
432,46753
528,46792
405,46808
406,46809
112,46848
113,46849
406,46878
291,46903
135,46948
406,46992
132,47025
474,47037
431,47070
186,47112
120,47132
112,47160
385,47189
475,47276
391,47348
305,47392
474,47412
295,47439
474,47443
511,47576
487,47590
261,47595
405,47618
308,47687
260,47740
450,47794
451,47795
108,47801
308,47842
345,47843
475,47851
345,47919
170,48025
260,48038
393,48051
451,48053
115,48066
116,48067
345,48116
140,48120
112,48126
113,48127
292,48129
311,48151
450,48158
197,48264
512,48273
453,48304
450,48305
345,48314
112,48330
311,48344
203,48350
204,48351
484,48385
450,48388
214,48442
197,48549
485,48569
130,48599
290,48612
291,48613
289,48630
309,48632
393,48633
192,48649
193,48650
484,48670
485,48671
196,48683
474,48740
116,48755
450,48766
451,48767
452,48768
450,48784
527,48799
449,48836
450,48837
474,48851
116,48919
117,48920
484,48970
308,48991
137,48994
353,49004
354,49005
174,49009
213,49055
84,49071
167,49088
308,49090
354,49188
264,49352
131,49370
132,49371
264,49379
451,49382
405,49451
406,49452
511,49514
351,49515
210,49549
345,49552
545,49562
546,49563
547,49564
261,49607
262,49608
263,49609
264,49610
391,49612
131,49637
132,49638
264,49718
393,49725
394,49817
461,49837
476,49895
391,49937
393,49938
305,49940
217,49976
261,50009
308,50025
217,50052
451,50058
345,50080
311,50093
423,50118
424,50119
291,50137
526,50138
527,50139
236,50161
353,50199
404,50201
405,50202
406,50203
264,50231
235,50348
334,50377
454,50433
132,50455
133,50456
270,50465
405,50594
212,50603
105,50634
106,50635
347,50638
309,50645
393,50646
195,50653
196,50654
353,50684
264,50687
474,50727
405,50759
512,50790
451,50840
67,50844
347,50854
345,50887
394,50888
395,50889
476,50910
196,50916
353,51032
120,51071
347,51164
257,51261
274,51277
353,51309
354,51310
314,51351
153,51392
385,51399
475,51415
166,51496
354,51552
140,51559
194,51565
421,51623
498,51802
132,51858
351,51931
242,51957
226,51962
235,51977
170,51982
170,51984
345,51988
193,52009
170,52076
131,52086
395,52373
169,52380
449,52382
450,52383
454,52427
200,52476
235,52478
405,52514
406,52515
169,52630
461,52633
462,52634
342,52661
351,52704
170,52757
545,52772
508,52784
455,52807
458,52837
423,52857
454,52871
481,52878
482,52879
110,52908
111,52909
112,52910
113,52911
476,52980
458,52992
112,53014
267,53108
424,53130
134,53172
135,53173
451,53198
528,53262
355,53266
438,53295
352,53314
525,53331
261,53390
262,53391
263,53392
264,53393
121,53394
482,53449
166,53479
210,53498
264,53515
309,53605
392,53606
526,53609
527,53610
264,53654
391,53656
236,53663
354,53736
112,53754
499,53801
112,53822
405,53855
137,53858
397,53867
475,53915
196,53948
217,54011
84,54018
291,54106
475,54141
528,54157
291,54181
450,54217
220,54224
305,54336
227,54381
228,54382
342,54393
343,54394
476,54451
477,54452
291,54460
346,54490
347,54491
500,54499
305,54505
136,54542
223,54591
353,54782
308,54860
345,54861
237,54866
105,54903
106,54904
115,54959
372,54962
373,54963
355,55012
493,55015
451,55019
461,55022
166,55030
313,55038
260,55042
261,55043
262,55044
263,55045
264,55046
308,55063
345,55064
450,55070
134,55110
128,55120
404,55186
405,55187
305,55190
458,55265
273,55361
260,55387
210,55421
345,55457
305,55459
451,55466
225,55505
534,55520
130,55523
133,55552
354,55713
351,55716
352,55717
345,55730
305,55732
289,55749
290,55750
408,55752
352,55762
353,55763
354,55764
112,55772
528,55789
308,55792
121,55810
84,55812
261,55826
368,55867
166,55870
523,55927
166,55939
534,56039
345,56056
137,56066
305,56090
196,56094
112,56124
84,56149
450,56154
174,56188
498,56275
213,56278
352,56404
474,56427
131,56433
351,56469
84,56509
193,56569
261,56621
262,56622
263,56623
242,56624
120,56639
391,56641
393,56642
305,56644
354,56699
451,56708
391,56759
392,56760
499,56852
397,56939
213,56947
494,56959
498,56989
347,57016
450,57066
450,57094
290,57101
217,57155
153,57282
477,57292
392,57296
393,57297
346,57298
449,57317
450,57318
451,57319
202,57353
260,57361
153,57374
397,57385
351,57453
196,57455
537,57491
345,57504
194,57543
345,57581
263,57643
347,57691
407,57755
350,57764
512,57765
453,57774
313,57810
314,57811
391,57891
310,57892
395,57926
369,57962
112,58011
378,58092
195,58111
196,58112
395,58120
352,58150
353,58151
140,58154
347,58156
346,58177
162,58250
351,58326
288,58346
289,58347
345,58349
242,58364
242,58397
453,58411
196,58429
197,58430
133,58458
451,58471
216,58483
217,58484
112,58508
113,58509
114,58510
115,58511
451,58519
112,58530
84,58581
235,58629
115,58639
546,58659
166,58672
309,58711
310,58712
311,58713
112,58719
535,58732
536,58733
185,58736
290,58742
291,58743
291,58777
116,58788
405,58802
369,58838
484,58848
354,58869
112,58875
343,58894
342,58923
449,58927
309,58946
392,58947
292,58950
350,58951
84,58970
423,58976
450,58989
291,59028
169,59171
405,59225
453,59252
213,59263
425,59314
426,59315
451,59326
166,59368
347,59403
345,59437
485,59467
107,59514
265,59514
108,59515
264,59519
121,59520
140,59547
107,59600
265,59600
108,59601
109,59602
449,59622
354,59646
452,59681
290,59786
