55,12
312,156
313,157
238,245
275,254
491,273
141,366
278,368
278,369
278,370
279,371
107,372
280,372
141,381
168,402
190,402
108,404
281,404
153,412
174,434
323,450
324,451
149,524
443,531
382,575
491,582
176,600
149,654
103,694
389,743
277,797
278,798
54,870
492,906
491,924
278,937
278,938
141,970
142,971
143,972
255,973
299,999
105,1027
106,1028
374,1029
262,1043
276,1044
123,1046
477,1046
55,1056
278,1065
279,1066
67,1080
417,1094
309,1120
345,1152
416,1158
140,1191
141,1224
106,1225
443,1243
189,1300
123,1303
477,1303
174,1314
90,1364
490,1368
491,1369
492,1370
149,1383
279,1391
176,1418
138,1426
139,1427
140,1428
142,1458
105,1480
256,1577
105,1579
272,1598
443,1615
138,1669
139,1670
187,1703
108,1715
281,1715
234,1723
140,1724
141,1725
275,1800
262,1814
141,1875
152,1889
509,1916
443,1918
372,1975
300,2127
359,2132
275,2158
276,2159
105,2198
278,2200
279,2201
90,2212
105,2233
106,2234
275,2267
276,2268
277,2269
279,2270
374,2271
278,2278
278,2279
279,2280
66,2323
443,2350
346,2377
275,2415
257,2430
510,2430
400,2441
458,2441
262,2472
276,2473
278,2489
278,2490
278,2491
278,2492
278,2493
60,2501
279,2510
277,2523
174,2536
462,2565
113,2579
66,2610
264,2621
275,2652
67,2748
68,2749
272,2819
138,2821
189,2824
277,2826
279,2827
107,2828
280,2828
279,2861
152,2882
153,2883
141,2960
142,2961
149,2994
108,3044
281,3044
153,3067
176,3086
191,3118
192,3119
254,3121
105,3141
123,3143
477,3143
462,3171
192,3203
192,3206
113,3221
76,3243
179,3357
138,3370
234,3397
140,3398
262,3412
317,3435
183,3459
278,3465
278,3466
278,3467
279,3468
105,3477
192,3524
254,3526
317,3540
138,3541
31,3615
460,3647
106,3657
107,3658
280,3658
262,3668
149,3714
66,3753
258,3825
105,3834
107,3844
280,3844
108,3845
281,3845
109,3846
282,3846
283,3847
168,3866
190,3866
277,3888
434,3897
54,3919
55,3920
191,3943
192,3944
275,3952
452,4036
138,4039
275,4103
277,4138
278,4139
279,4140
262,4174
141,4192
106,4193
275,4216
104,4255
442,4255
277,4281
168,4303
190,4303
317,4344
138,4345
189,4348
167,4356
416,4359
443,4366
105,4379
276,4389
277,4390
279,4391
443,4407
263,4411
264,4412
234,4438
140,4439
141,4440
179,4447
142,4482
179,4489
277,4498
278,4499
140,4587
443,4638
264,4756
464,4806
262,4848
276,4849
277,4850
277,4951
279,4952
76,4955
308,4966
191,4968
452,4990
323,5050
92,5057
177,5080
178,5081
179,5082
87,5091
317,5127
168,5224
190,5224
141,5228
112,5279
113,5280
491,5356
276,5448
138,5454
139,5455
89,5480
107,5499
280,5499
324,5522
142,5550
113,5561
87,5593
88,5594
150,5594
275,5603
191,5605
179,5643
344,5659
279,5662
183,5772
262,5787
67,5795
495,5977
66,6050
138,6061
275,6119
275,6203
276,6204
413,6210
464,6227
178,6258
179,6259
149,6283
443,6302
412,6330
141,6345
106,6346
105,6362
278,6364
279,6365
107,6366
280,6366
276,6409
444,6418
138,6454
174,6460
310,6479
311,6480
317,6545
317,6591
138,6592
139,6593
140,6594
388,6611
174,6619
175,6620
317,6651
103,6663
195,6814
196,6815
119,6818
414,6826
374,6828
114,6867
106,6873
317,7019
88,7027
150,7027
89,7028
257,7031
510,7031
317,7083
462,7099
257,7154
510,7154
46,7210
105,7236
106,7237
230,7253
317,7361
491,7432
152,7460
323,7483
324,7484
317,7542
317,7575
279,7581
141,7610
106,7611
68,7625
310,7673
111,7782
462,7838
189,7842
463,7870
320,7874
460,7949
462,7962
179,8026
105,8109
103,8137
495,8160
431,8167
168,8208
190,8208
191,8209
239,8333
320,8357
168,8376
190,8376
421,8404
317,8514
168,8531
190,8531
142,8544
317,8559
264,8572
316,8626
317,8627
138,8628
183,8655
141,8674
317,8799
275,8840
276,8841
277,8842
279,8843
107,8844
280,8844
317,8892
120,8970
460,8994
168,9030
190,9030
373,9182
345,9272
462,9369
463,9370
236,9402
149,9408
152,9416
153,9417
316,9500
317,9501
116,9576
317,9612
88,9684
150,9684
316,9761
317,9762
262,9822
316,9867
317,9868
138,9921
136,9928
328,9990
112,10039
105,10049
106,10050
299,10062
300,10063
61,10073
220,10108
474,10145
492,10163
328,10273
104,10275
442,10275
161,10314
331,10395
137,10404
141,10440
142,10441
143,10442
271,10471
272,10472
344,10505
372,10545
373,10546
429,10625
430,10626
431,10627
149,10632
331,10665
311,10695
153,10746
141,10755
142,10756
195,10757
196,10758
143,10824
436,10850
104,10895
442,10895
256,10940
104,10952
442,10952
108,10975
281,10975
109,10976
282,10976
299,10979
105,11048
142,11049
262,11084
344,11108
345,11109
187,11126
159,11201
460,11202
317,11211
138,11212
92,11261
301,11301
192,11366
277,11379
278,11380
279,11381
491,11425
104,11495
442,11495
105,11527
191,11552
473,11609
103,11617
257,11673
510,11673
254,11695
269,11762
55,11772
256,11794
153,11815
328,11896
104,11898
442,11898
105,11899
106,11900
372,11904
413,11916
137,11946
168,11967
190,11967
105,12026
142,12027
249,12049
66,12051
276,12058
317,12168
276,12204
107,12206
280,12206
413,12222
433,12246
443,12264
168,12269
190,12269
277,12324
92,12380
431,12460
432,12461
317,12470
176,12505
152,12544
278,12550
141,12598
106,12599
374,12600
88,12622
150,12622
89,12623
411,12662
331,12768
462,12779
463,12780
275,12788
276,12789
277,12790
278,12791
46,12829
443,12834
106,12855
192,12857
120,12976
121,12977
344,13034
168,13104
190,13104
141,13120
191,13149
152,13153
153,13154
149,13167
104,13196
442,13196
105,13197
397,13243
344,13262
67,13288
409,13303
136,13321
322,13323
323,13324
324,13325
317,13332
464,13340
397,13368
140,13387
68,13409
409,13478
105,13533
136,13549
137,13550
413,13574
60,13602
191,13620
88,13626
150,13626
87,13690
88,13691
150,13691
89,13692
87,13697
88,13698
150,13698
89,13699
491,13713
492,13714
112,13719
137,13804
138,13805
307,13828
262,13865
463,13881
152,13889
68,13891
192,13894
192,13897
433,13908
149,13920
175,13937
249,13990
68,14014
168,14027
190,14027
308,14065
103,14115
104,14116
442,14116
152,14134
115,14149
317,14158
183,14172
104,14180
442,14180
105,14181
105,14195
106,14196
46,14241
179,14249
443,14264
275,14268
276,14269
179,14276
92,14341
140,14348
152,14363
316,14374
317,14375
61,14398
76,14425
300,14430
152,14494
323,14515
153,14552
493,14670
276,14730
68,14827
320,14899
316,14953
317,14954
491,14979
139,14991
308,15007
140,15061
120,15093
149,15110
229,15131
139,15139
168,15156
190,15156
141,15164
138,15170
428,15208
87,15221
115,15239
175,15266
463,15362
152,15371
153,15372
460,15375
317,15404
138,15405
139,15406
140,15407
103,15465
104,15466
442,15466
105,15482
491,15525
317,15548
88,15600
150,15600
89,15601
462,15608
463,15609
429,15687
192,15702
152,15724
153,15725
491,15795
92,15834
463,15884
141,15901
142,15902
192,15907
192,15970
492,16051
105,16060
137,16092
285,16105
256,16134
257,16135
510,16135
116,16145
317,16160
383,16179
104,16182
442,16182
311,16185
312,16186
256,16237
105,16239
490,16244
436,16270
67,16395
68,16396
277,16429
152,16479
153,16480
317,16487
138,16488
316,16549
317,16550
328,16620
258,16623
264,16639
285,16649
286,16650
287,16651
189,16656
311,16660
107,16700
280,16700
168,16766
190,16766
196,16809
277,16819
278,16820
262,16837
87,16847
195,16869
196,16870
322,16877
323,16878
168,17058
190,17058
191,17059
149,17084
106,17096
460,17153
179,17198
372,17226
373,17227
417,17267
417,17278
141,17355
191,17385
491,17390
104,17399
442,17399
144,17402
145,17403
413,17482
258,17511
181,17512
174,17520
324,17551
141,17571
106,17572
108,17590
281,17590
161,17612
179,17649
106,17663
262,17722
276,17723
416,17725
105,17749
495,17765
87,17777
116,17814
359,17822
113,17827
105,17842
138,17901
316,17914
317,17915
104,17930
442,17930
168,17938
190,17938
89,17990
105,18003
142,18004
416,18005
417,18006
174,18040
175,18041
413,18128
417,18131
179,18216
140,18220
276,18310
277,18311
276,18329
113,18334
89,18346
88,18469
150,18469
103,18509
104,18510
442,18510
105,18511
106,18512
107,18513
280,18513
152,18532
140,18572
141,18573
106,18574
141,18620
106,18621
174,18633
175,18634
144,18736
462,18790
491,18816
68,18850
108,18887
281,18887
417,19010
91,19014
373,19074
372,19078
179,19119
374,19129
105,19189
142,19190
143,19191
107,19247
280,19247
183,19258
67,19275
68,19276
66,19290
108,19336
281,19336
88,19347
150,19347
344,19407
89,19468
317,19499
138,19500
139,19501
140,19502
152,19512
153,19513
192,19536
331,19554
389,19594
104,19614
442,19614
175,19625
317,19637
141,19672
142,19673
138,19698
373,19737
174,19747
175,19748
176,19749
177,19750
178,19751
317,19769
138,19770
249,19785
104,19816
442,19816
105,19817
174,19824
175,19825
67,19865
68,19866
181,20010
491,20042
272,20101
452,20114
141,20121
278,20123
491,20171
492,20172
104,20202
442,20202
105,20203
106,20204
143,20211
142,20220
143,20221
372,20243
279,20245
374,20260
55,20309
491,20498
491,20506
256,20524
443,20526
178,20533
168,20618
190,20618
264,20632
191,20676
275,20723
54,20732
55,20733
452,20822
189,20849
104,20893
442,20893
112,20901
175,21080
277,21093
509,21142
105,21144
168,21163
190,21163
105,21181
106,21182
317,21239
138,21240
105,21346
278,21348
418,21364
174,21443
258,21489
181,21490
495,21521
491,21667
328,21710
220,21797
221,21798
316,21815
317,21816
189,21844
277,21846
279,21847
178,21860
473,21913
317,21918
317,21930
491,21988
92,22012
104,22029
442,22029
149,22041
88,22051
150,22051
141,22106
106,22107
277,22128
122,22129
123,22130
477,22130
179,22162
230,22167
463,22183
88,22189
150,22189
89,22190
90,22191
56,22323
149,22338
460,22347
491,22351
179,22389
138,22396
174,22400
175,22401
256,22465
105,22467
373,22514
344,22526
256,22538
324,22560
104,22593
442,22593
275,22626
276,22627
431,22634
115,22652
413,22713
317,22737
372,22765
141,22774
106,22775
443,22794
255,22810
104,22835
442,22835
105,22865
142,22866
416,22867
417,22868
345,22918
277,22929
279,22930
277,22955
279,22956
141,22969
317,23058
141,23083
106,23084
431,23122
112,23125
168,23143
190,23143
460,23182
311,23259
103,23376
279,23414
323,23442
317,23478
317,23507
308,23511
275,23663
417,23666
418,23667
416,23733
152,23769
113,23870
104,23978
442,23978
277,24000
279,24001
138,24065
433,24173
196,24197
92,24214
317,24276
382,24281
189,24310
168,24319
190,24319
317,24339
417,24358
345,24384
443,24394
444,24395
210,24447
141,24526
142,24527
104,24647
442,24647
105,24648
106,24649
234,24686
140,24687
276,24692
299,24774
233,24837
275,24877
276,24878
149,24927
67,24934
68,24935
462,24984
463,24985
277,25005
278,25006
278,25007
104,25013
442,25013
104,25043
442,25043
429,25089
262,25101
276,25102
139,25118
140,25119
142,25131
143,25132
140,25140
509,25166
443,25168
444,25169
179,25188
276,25356
277,25357
189,25403
105,25443
55,25462
473,25527
104,25557
442,25557
443,25558
60,25565
323,25633
105,25735
142,25736
138,25760
139,25761
140,25762
141,25763
279,25782
399,25855
137,25868
104,25900
442,25900
108,25906
281,25906
344,25915
104,25941
442,25941
300,25961
141,25974
106,25975
301,25982
152,25990
153,25991
136,26086
137,26087
178,26090
264,26112
89,26175
412,26250
138,26283
152,26355
153,26356
54,26400
115,26424
443,26501
433,26515
344,26641
331,26704
105,26753
142,26754
143,26755
255,26756
490,26773
443,26782
474,26786
275,26922
67,26944
68,26945
67,26993
262,27016
276,27017
491,27050
104,27060
442,27060
105,27061
328,27088
462,27138
463,27139
409,27186
105,27233
279,27235
90,27314
189,27333
264,27360
262,27393
153,27432
195,27465
196,27466
87,27472
389,27501
268,27567
104,27626
442,27626
112,27644
277,27662
473,27696
431,27705
432,27706
175,27745
436,27765
491,27826
138,27863
139,27864
140,27865
324,27870
141,27892
106,27944
107,27945
280,27945
464,28002
372,28031
373,28032
275,28045
141,28079
413,28090
88,28154
150,28154
311,28163
413,28168
104,28173
442,28173
138,28279
168,28299
190,28299
145,28313
400,28340
458,28340
221,28347
97,28389
31,28390
417,28464
87,28638
141,28675
278,28677
176,28687
168,28698
190,28698
136,28746
262,28775
276,28792
265,28795
105,28798
416,28855
417,28856
277,28878
413,28893
414,28894
140,28944
460,28955
263,28961
141,29026
463,29071
137,29073
138,29074
276,29119
277,29120
122,29121
253,29157
254,29158
372,29235
279,29237
55,29246
56,29247
104,29249
442,29249
61,29357
174,29387
328,29405
263,29430
264,29431
67,29442
92,29468
87,29485
88,29486
150,29486
443,29611
140,29615
277,29698
257,29706
510,29706
277,29774
278,29775
317,29800
317,29844
138,29845
277,29858
177,29865
174,30074
175,30075
315,30101
316,30102
317,30103
255,30125
276,30177
416,30179
107,30196
280,30196
429,30213
443,30217
153,30252
257,30271
510,30271
105,30318
278,30320
278,30321
105,30342
54,30404
279,30441
105,30492
123,30494
477,30494
92,30498
108,30520
281,30520
238,30555
264,30588
141,30603
103,30681
152,30724
153,30725
330,30857
331,30858
264,30875
433,30897
434,30898
105,30909
278,30911
278,30912
108,30968
281,30968
189,30970
277,30982
276,31044
277,31045
153,31051
238,31107
308,31163
277,31165
278,31166
279,31167
401,31172
91,31183
371,31191
92,31212
412,31250
149,31256
276,31329
277,31330
278,31331
143,31333
307,31337
308,31338
76,31361
104,31391
442,31391
103,31401
104,31402
442,31402
443,31403
116,31444
141,31468
141,31550
168,31587
190,31587
88,31626
150,31626
89,31627
345,31700
149,31730
105,31861
106,31862
68,31878
257,31917
510,31917
76,31955
168,31966
190,31966
138,32031
139,32032
191,32075
299,32107
168,32109
190,32109
141,32114
278,32116
279,32117
346,32159
443,32162
255,32281
152,32328
345,32367
191,32375
299,32394
103,32477
104,32478
442,32478
372,32527
138,32558
462,32576
399,32633
490,32634
88,32664
150,32664
89,32665
257,32785
510,32785
382,32819
383,32820
275,32984
263,32985
138,32990
139,32991
140,32992
141,32993
142,32994
89,33059
116,33064
429,33070
430,33071
464,33150
138,33257
139,33258
235,33259
256,33267
299,33305
300,33306
257,33332
510,33332
105,33346
416,33360
417,33361
276,33379
429,33384
430,33385
174,33394
262,33503
276,33504
60,33538
140,33550
460,33574
92,33651
152,33666
153,33667
397,33747
141,33785
106,33786
220,33793
149,33857
152,33885
141,33899
106,33900
136,33940
137,33941
175,33974
167,34068
107,34071
280,34071
168,34088
190,34088
169,34089
275,34098
276,34099
277,34100
262,34129
112,34142
113,34143
103,34187
104,34188
442,34188
105,34189
278,34191
279,34192
107,34193
280,34193
105,34231
167,34253
183,34262
275,34285
276,34286
277,34287
279,34288
153,34298
277,34337
138,34427
104,34457
442,34457
105,34458
106,34459
431,34521
179,34581
108,34648
281,34648
189,34650
191,34704
104,34730
442,34730
413,34743
149,34755
179,34773
140,34800
301,34958
276,34971
105,35004
153,35013
311,35036
141,35069
142,35070
141,35081
278,35083
191,35096
192,35097
108,35100
281,35100
491,35134
492,35135
105,35178
462,35255
105,35320
142,35321
143,35322
234,35419
140,35420
275,35426
263,35494
264,35495
433,35514
434,35533
279,35591
105,35616
279,35618
140,35693
141,35694
106,35695
138,35709
275,35774
168,35836
190,35836
301,35965
255,35988
418,35997
152,36023
149,36057
372,36117
373,36118
429,36122
430,36123
431,36124
276,36198
277,36199
278,36200
278,36201
279,36202
374,36203
220,36219
345,36246
431,36294
264,36410
462,36418
463,36419
264,36469
265,36470
256,36552
443,36554
256,36574
257,36575
510,36575
105,36618
106,36619
275,36701
105,36749
262,36768
179,36783
54,36787
55,36788
308,36803
31,36815
443,36835
183,36907
308,36918
416,36929
417,36930
88,36967
150,36967
89,36968
140,37044
452,37059
88,37081
150,37081
89,37082
90,37083
310,37091
311,37092
444,37117
149,37205
262,37229
308,37251
277,37253
92,37279
277,37355
317,37410
275,37417
220,37434
221,37435
492,37465
462,37470
443,37526
317,37541
179,37573
330,37578
300,37581
141,37589
278,37591
413,37605
179,37638
462,37661
417,37667
105,37683
106,37684
275,37718
189,37724
310,37726
311,37727
413,37757
141,37841
142,37842
416,37843
316,37855
317,37856
138,37857
452,37866
491,37938
256,37945
257,37946
510,37946
258,37947
181,37948
141,37959
260,38064
275,38069
344,38079
174,38113
104,38123
442,38123
105,38124
106,38125
276,38148
374,38150
105,38163
278,38165
279,38166
433,38218
178,38220
299,38229
276,38325
54,38351
88,38384
150,38384
278,38392
278,38393
278,38394
143,38396
177,38412
191,38540
192,38541
452,38557
106,38621
152,38671
373,38711
138,38764
139,38765
436,38841
429,38860
430,38861
431,38862
149,38905
179,38935
317,38968
317,38974
168,39104
190,39104
345,39142
255,39144
140,39199
141,39200
183,39233
509,39256
138,39298
103,39317
104,39318
442,39318
177,39377
178,39378
262,39396
229,39456
54,39497
55,39498
88,39503
150,39503
89,39504
139,39518
140,39519
104,39612
442,39612
138,39683
178,39756
139,39887
191,39968
149,39982
317,39993
324,40003
87,40057
320,40100
491,40130
191,40140
141,40185
106,40186
107,40187
280,40187
191,40198
105,40206
179,40246
269,40301
413,40327
104,40419
442,40419
105,40420
106,40421
299,40430
300,40431
284,40473
285,40474
149,40477
234,40483
140,40484
141,40485
106,40486
370,40567
372,40576
373,40577
374,40578
491,40638
249,40686
308,40698
460,40732
272,40748
138,40750
435,40772
122,40786
123,40787
477,40787
66,41002
179,41170
176,41196
276,41291
277,41292
279,41293
141,41317
106,41318
345,41380
431,41408
299,41430
300,41431
168,41446
190,41446
236,41473
179,41584
104,41634
442,41634
54,41654
55,41655
90,41668
141,41683
142,41684
254,41719
460,41761
141,41789
323,41814
324,41815
168,41825
190,41825
138,41872
464,41956
443,42029
177,42032
416,42071
463,42086
153,42092
88,42103
150,42103
491,42189
183,42238
115,42306
116,42307
271,42325
153,42427
141,42437
448,42471
317,42511
90,42532
87,42567
317,42601
87,42616
189,42636
443,42664
444,42665
104,42714
442,42714
141,42726
106,42727
141,42791
106,42792
191,42800
256,42804
153,42839
272,42861
138,42863
179,42892
152,42924
370,43049
60,43063
61,43064
491,43222
492,43223
493,43224
324,43302
491,43304
137,43318
317,43329
345,43333
137,43352
138,43356
67,43393
462,43405
88,43445
150,43445
89,43446
106,43495
138,43526
139,43527
140,43528
141,43529
106,43530
264,43548
179,43602
328,43606
317,43616
159,43690
409,43709
432,43838
31,43842
152,43911
153,43912
263,43921
448,43956
449,43957
276,44103
460,44266
115,44278
153,44305
176,44349
177,44350
264,44408
238,44414
152,44433
153,44434
344,44454
87,44466
256,44480
257,44481
510,44481
152,44564
317,44718
138,44719
145,44762
275,44781
178,44819
370,44868
474,45011
174,45039
276,45043
344,45060
262,45078
103,45086
107,45108
280,45108
409,45160
286,45167
287,45168
283,45173
345,45203
179,45259
141,45319
106,45320
443,45335
324,45389
177,45414
178,45415
421,45421
105,45440
106,45441
317,45494
179,45502
272,45563
138,45565
317,45628
138,45644
139,45645
178,45653
344,45666
141,45697
317,45742
317,45937
152,45993
153,45994
262,46059
276,46060
105,46194
143,46220
152,46247
152,46347
436,46463
46,46523
92,46527
431,46545
152,46613
275,46733
460,46776
316,46843
317,46844
178,46847
308,46901
196,46994
331,47051
66,47058
115,47115
116,47116
105,47133
106,47134
111,47148
112,47149
113,47150
137,47156
178,47159
413,47172
345,47178
152,47276
149,47313
463,47369
109,47435
282,47435
283,47436
433,47523
323,47537
417,47567
276,47687
491,47729
492,47730
275,47792
262,47841
276,47842
152,47851
149,47877
88,47878
150,47878
89,47879
192,47885
189,47917
257,47957
510,47957
87,48006
88,48007
150,48007
317,48011
279,48051
345,48164
196,48166
141,48209
106,48210
175,48233
372,48342
474,48351
236,48522
179,48588
275,48608
277,48632
279,48633
262,48698
174,48706
443,48833
444,48834
491,48853
262,48869
138,48904
317,48945
138,48946
139,48947
140,48948
275,48990
276,48991
236,49000
436,49064
276,49090
431,49117
452,49140
55,49214
312,49278
313,49279
115,49296
271,49338
272,49339
141,49347
106,49348
104,49352
442,49352
429,49373
104,49379
442,49379
168,49415
190,49415
233,49455
183,49477
161,49484
181,49564
140,49574
56,49608
104,49610
442,49610
105,49611
463,49700
137,49702
104,49718
442,49718
279,49725
141,49762
142,49763
120,49770
264,49793
141,49815
106,49816
428,49846
429,49847
430,49848
431,49849
153,49869
491,49901
279,49938
138,49942
459,49959
262,49990
262,50024
276,50025
234,50089
140,50090
141,50091
275,50126
262,50175
263,50176
264,50177
179,50195
196,50205
104,50231
442,50231
140,50241
141,50261
142,50262
179,50346
108,50374
281,50374
136,50380
137,50381
429,50445
183,50447
345,50573
54,50626
55,50627
277,50645
279,50646
374,50647
104,50687
442,50687
443,50688
344,50711
54,50716
138,50741
431,50788
432,50789
167,50885
168,50896
190,50896
138,50917
258,50987
249,50990
435,50995
436,50996
344,51061
345,51062
138,51102
153,51110
275,51132
257,51146
510,51146
175,51179
452,51282
322,51288
323,51289
324,51290
141,51384
152,51415
491,51524
88,51568
150,51568
491,51656
108,51740
281,51740
109,51741
282,51741
317,51810
473,51868
191,51880
452,51921
179,51975
168,52030
190,52030
46,52091
491,52095
460,52131
107,52165
280,52165
149,52183
269,52225
55,52243
178,52366
179,52367
174,52379
141,52405
106,52453
178,52463
179,52464
87,52491
88,52492
150,52492
299,52525
300,52526
109,52535
282,52535
299,52538
168,52599
190,52599
174,52629
308,52676
452,52713
54,52732
413,52767
431,52792
272,52829
138,52831
139,52832
299,52868
168,52870
190,52870
345,52875
140,52896
414,52974
123,52976
477,52976
178,53013
262,53021
275,53105
263,53106
264,53107
236,53127
431,53152
436,53204
388,53207
272,53215
138,53217
139,53218
413,53228
414,53229
431,53245
432,53246
433,53247
434,53248
435,53249
436,53250
136,53323
56,53391
104,53393
442,53393
104,53515
442,53515
88,53584
150,53584
89,53585
277,53605
278,53606
138,53628
104,53654
442,53654
105,53655
264,53684
92,53775
443,53817
177,53820
178,53821
106,53824
492,53847
397,53867
89,53888
152,53915
67,53960
87,54031
262,54128
152,54141
460,54159
308,54179
275,54215
491,54268
413,54315
256,54327
344,54333
491,54380
256,54486
105,54488
106,54489
316,54535
317,54536
316,54587
317,54588
153,54627
179,54683
92,54750
113,54759
491,54763
322,54789
323,54790
140,54799
141,54800
317,54806
429,54825
272,54832
275,54859
276,54860
491,54875
220,54886
105,54905
106,54906
416,54958
153,54973
491,54982
492,54983
433,55032
178,55034
179,55035
56,55044
104,55046
442,55046
276,55063
220,55071
221,55072
263,55105
149,55259
317,55310
443,55339
417,55416
373,55472
107,55473
280,55473
275,55705
191,55707
192,55708
105,55737
276,55792
462,55831
323,55942
107,56057
280,56057
176,56079
257,56178
510,56178
463,56228
323,56284
307,56313
308,56314
307,56342
308,56343
429,56348
137,56402
317,56417
138,56418
491,56429
56,56622
264,56633
105,56640
279,56642
417,56654
141,56758
278,56760
275,56768
233,56824
432,56828
413,56847
191,56878
397,56939
443,56964
168,57011
190,57011
191,57012
192,57013
168,57065
190,57065
220,57067
345,57126
370,57186
317,57240
278,57296
279,57297
105,57331
397,57385
413,57423
417,57426
120,57462
491,57550
90,57588
168,57689
190,57689
191,57690
138,57735
345,57754
138,57795
139,57796
140,57797
448,57801
105,57817
142,57818
416,57819
417,57820
54,57845
105,57890
234,58087
140,58088
141,58089
265,58092
168,58101
190,58101
179,58108
138,58113
436,58127
105,58175
106,58176
435,58195
436,58196
54,58204
55,58205
54,58213
462,58242
296,58269
377,58269
262,58303
263,58304
264,58305
105,58454
106,58455
221,58462
137,58561
189,58578
257,58584
510,58584
140,58631
179,58650
372,58701
143,58703
277,58711
262,58775
433,58872
178,58874
249,58907
316,58933
317,58934
277,58946
278,58947
433,58952
443,58959
262,59067
201,59099
228,59134
491,59153
149,59193
141,59210
55,59258
141,59297
142,59298
460,59370
345,59387
191,59402
256,59512
103,59518
104,59519
442,59519
308,59526
91,59556
443,59562
192,59579
429,59608
430,59609
431,59610
443,59619
444,59620
263,59738
