302,51
161,75
386,131
387,132
399,159
400,160
293,161
363,161
490,230
294,256
295,257
296,258
380,264
350,266
462,266
347,365
270,366
348,366
349,367
177,371
270,381
348,381
271,382
296,422
402,425
301,530
442,543
182,546
260,547
318,573
460,648
231,650
463,650
464,651
438,656
161,681
332,721
176,797
461,797
350,799
462,799
349,936
299,959
270,970
348,970
318,979
203,1035
186,1047
379,1062
380,1063
177,1066
131,1094
402,1121
130,1158
268,1190
269,1191
516,1220
270,1224
348,1224
233,1262
234,1263
362,1284
184,1285
460,1301
186,1304
160,1345
161,1346
161,1360
177,1391
269,1428
435,1433
349,1481
349,1580
350,1581
462,1581
351,1582
218,1588
386,1645
318,1653
269,1724
270,1725
348,1725
271,1726
231,1727
463,1727
383,1825
476,1827
260,1830
437,1831
174,1850
201,1851
270,1875
348,1875
349,1876
150,1890
464,1920
352,1951
386,2052
245,2056
412,2077
485,2123
429,2187
349,2199
177,2201
178,2202
178,2235
203,2236
478,2240
501,2242
502,2243
203,2251
252,2255
176,2269
461,2269
177,2270
349,2277
177,2280
260,2346
183,2369
292,2369
311,2386
316,2386
150,2408
245,2444
178,2475
203,2476
380,2508
177,2510
176,2523
461,2523
464,2577
318,2598
325,2621
326,2622
436,2736
129,2756
479,2808
161,2812
460,2825
176,2826
461,2826
177,2827
380,2859
177,2861
268,2867
293,2889
363,2889
260,2915
437,2916
174,2922
201,2923
202,2924
364,2924
347,2955
347,2959
270,2960
348,2960
483,2971
347,2988
203,3006
291,3007
186,3144
311,3145
316,3145
312,3146
317,3146
318,3147
401,3280
77,3314
412,3319
200,3330
175,3331
384,3368
385,3369
269,3398
342,3409
105,3459
380,3463
177,3468
271,3478
347,3557
437,3562
503,3564
472,3601
485,3665
403,3687
404,3688
436,3723
271,3835
272,3836
382,3836
268,3838
459,3865
176,3888
461,3888
402,3974
477,4030
318,4074
346,4120
347,4121
412,4132
176,4138
461,4138
177,4140
342,4171
192,4179
438,4181
439,4182
270,4192
348,4192
176,4281
461,4281
350,4282
462,4282
157,4296
158,4297
460,4349
460,4357
129,4358
130,4359
464,4368
176,4390
461,4390
177,4391
325,4412
269,4439
270,4440
348,4440
271,4441
160,4488
176,4498
461,4498
365,4511
366,4512
268,4586
269,4587
484,4615
186,4634
386,4720
325,4756
489,4828
176,4850
461,4850
412,4890
401,4906
402,4907
176,4951
461,4951
177,4952
346,4981
476,5018
311,5055
316,5055
356,5130
476,5201
114,5213
342,5221
343,5222
347,5227
270,5228
348,5228
271,5229
272,5230
382,5230
386,5245
293,5271
363,5271
401,5325
192,5373
245,5407
346,5425
347,5426
260,5478
459,5496
460,5497
464,5559
193,5594
183,5611
292,5611
293,5612
363,5612
380,5660
177,5662
260,5698
310,5721
105,5772
283,5805
118,5824
77,5897
328,5904
178,5934
490,6045
487,6112
438,6163
477,6169
478,6170
479,6171
274,6278
77,6314
270,6345
348,6345
178,6347
365,6348
349,6363
177,6365
479,6398
346,6415
347,6416
293,6448
363,6448
183,6468
292,6468
401,6469
402,6470
384,6503
385,6504
386,6505
202,6516
364,6516
386,6546
269,6594
203,6597
70,6628
516,6633
386,6652
487,6675
318,6711
129,6813
477,6877
478,6878
479,6879
350,6896
462,6896
173,6905
311,6912
316,6912
312,6913
317,6913
253,6920
476,6945
315,6952
311,6953
316,6953
173,6988
386,7020
476,7022
193,7027
352,7064
312,7072
317,7072
386,7084
490,7266
386,7362
384,7381
332,7435
385,7506
178,7521
203,7522
291,7523
183,7524
292,7524
293,7525
363,7525
386,7543
379,7578
380,7579
177,7581
270,7610
348,7610
178,7612
203,7613
480,7627
192,7641
310,7650
311,7651
316,7651
347,7662
478,7716
479,7717
203,7946
475,7956
476,7957
318,8001
160,8025
271,8110
231,8111
463,8111
464,8112
460,8126
386,8143
182,8191
183,8192
292,8192
293,8193
363,8193
293,8218
363,8218
203,8229
402,8252
386,8272
387,8273
299,8305
260,8325
362,8365
459,8375
459,8464
383,8467
490,8481
491,8482
386,8560
77,8566
325,8572
476,8648
105,8655
347,8673
270,8674
348,8674
477,8695
478,8696
479,8697
437,8704
437,8788
503,8790
480,8829
176,8842
461,8842
177,8843
386,8893
318,8928
318,8937
437,8938
201,9013
191,9019
260,9047
182,9147
404,9200
380,9237
230,9238
381,9238
231,9239
463,9239
464,9240
356,9285
357,9286
260,9375
436,9474
437,9475
356,9615
182,9639
312,9664
317,9664
318,9665
319,9666
193,9684
194,9685
328,9690
310,9697
311,9698
316,9698
312,9731
317,9731
386,9763
312,9776
317,9776
318,9777
69,9851
379,9876
346,9914
347,9915
182,9983
470,10094
366,10209
332,10210
185,10216
186,10217
379,10230
179,10233
318,10250
203,10301
480,10324
481,10325
386,10405
270,10440
348,10440
386,10474
474,10483
365,10508
366,10509
472,10516
473,10517
178,10547
403,10560
379,10692
502,10701
186,10716
270,10755
348,10755
191,10760
366,10764
380,10822
460,10857
178,10859
347,10917
129,10992
485,11081
294,11086
356,11138
476,11247
342,11298
343,11299
176,11379
461,11379
177,11381
302,11442
349,11528
293,11551
363,11551
182,11589
407,11665
318,11802
437,11803
438,11804
179,11838
476,11846
183,11849
292,11849
293,11850
363,11850
203,11919
248,12109
386,12169
404,12176
312,12211
317,12211
293,12213
363,12213
174,12228
185,12230
186,12231
283,12281
176,12324
461,12324
350,12325
462,12325
356,12387
471,12426
386,12471
471,12476
112,12551
470,12562
293,12573
363,12573
411,12585
412,12586
346,12596
347,12597
270,12598
348,12598
253,12617
193,12622
260,12660
383,12682
384,12683
385,12684
386,12685
176,12790
461,12790
235,12820
186,12821
379,12838
190,12909
191,12910
161,12931
175,12936
318,12990
437,12991
436,13007
380,13035
260,13047
301,13082
202,13105
364,13105
203,13106
487,13113
346,13118
347,13119
270,13120
348,13120
291,13176
271,13198
272,13199
382,13199
113,13217
436,13224
437,13225
274,13315
501,13381
473,13384
269,13387
249,13427
479,13435
203,13437
271,13534
356,13553
161,13557
193,13626
472,13646
193,13691
193,13698
490,13742
268,13752
283,13754
357,13899
120,13900
191,14006
192,14007
192,14033
318,14042
437,14043
346,14122
347,14123
104,14171
105,14172
106,14173
271,14182
403,14272
476,14301
203,14326
268,14347
269,14348
311,14454
316,14454
489,14487
150,14495
460,14543
178,14545
260,14626
437,14627
438,14628
439,14629
473,14706
476,14707
403,14733
293,14742
363,14742
119,14743
160,14746
365,14791
366,14792
386,14822
401,14856
402,14857
438,14890
379,14961
380,14962
485,14998
385,15035
386,15036
268,15060
269,15061
283,15141
119,15157
270,15164
348,15164
231,15187
463,15187
464,15188
503,15224
178,15329
365,15330
366,15331
196,15350
487,15401
269,15407
291,15423
183,15424
292,15424
293,15425
363,15425
347,15428
383,15431
311,15523
316,15523
161,15576
473,15592
476,15593
193,15600
268,15664
356,15700
270,15901
348,15901
365,15910
366,15911
406,15923
302,15932
113,15944
349,16061
311,16082
316,16082
137,16105
356,16163
271,16240
115,16370
470,16393
176,16429
461,16429
378,16493
318,16526
437,16527
438,16528
384,16534
385,16535
192,16583
325,16639
137,16649
460,16657
175,16698
268,16711
178,16717
202,16767
364,16767
365,16768
366,16769
176,16819
461,16819
183,16866
292,16866
129,16868
318,16895
120,16900
399,16923
178,16976
183,17008
292,17008
293,17009
363,17009
203,17035
318,17048
437,17049
245,17113
196,17157
352,17190
160,17197
178,17228
365,17229
366,17230
131,17267
131,17278
473,17296
293,17336
363,17336
294,17337
347,17354
270,17355
348,17355
365,17374
366,17375
312,17382
317,17382
293,17384
363,17384
383,17491
260,17498
182,17502
485,17517
441,17558
270,17571
348,17571
178,17573
293,17588
363,17588
129,17724
130,17725
406,17728
271,17750
380,17785
386,17957
130,18005
131,18006
399,18098
131,18131
132,18132
133,18133
268,18219
269,18220
203,18223
386,18234
176,18311
461,18311
231,18331
463,18331
464,18332
313,18338
260,18344
489,18360
490,18361
385,18422
193,18469
268,18571
269,18572
270,18573
348,18573
311,18582
316,18582
270,18620
348,18620
487,18693
182,18696
479,18761
379,18774
489,18865
400,18884
293,18885
363,18885
291,18931
260,18932
119,18947
131,19010
318,19031
437,19032
403,19081
404,19082
328,19115
120,19130
121,19131
186,19235
104,19257
105,19258
106,19259
438,19282
193,19347
293,19392
363,19392
183,19417
292,19417
293,19418
363,19418
294,19419
365,19426
366,19427
161,19439
269,19502
479,19520
328,19526
315,19574
328,19583
270,19672
348,19672
129,19678
178,19738
310,19778
311,19779
316,19779
312,19780
317,19780
260,19810
349,19818
315,19837
186,19959
311,19960
316,19960
385,20030
386,20031
379,20105
380,20106
270,20121
348,20121
349,20122
350,20124
462,20124
272,20125
382,20125
273,20126
182,20143
295,20206
296,20207
129,20210
112,20234
113,20235
177,20245
178,20246
347,20273
182,20311
299,20314
502,20353
487,20378
293,20406
363,20406
119,20407
383,20528
384,20529
385,20530
161,20534
185,20544
186,20545
311,20546
316,20546
470,20565
471,20566
477,20580
311,20601
316,20601
436,20610
325,20632
160,20644
161,20645
183,20674
292,20674
293,20675
363,20675
161,20700
460,20709
365,20740
366,20741
356,20776
347,20779
472,20803
473,20804
476,20805
402,20851
436,20864
460,20882
400,20926
182,20946
183,20947
292,20947
318,20990
354,21066
354,21081
460,21092
176,21093
461,21093
309,21110
310,21111
311,21112
316,21112
517,21203
293,21245
363,21245
379,21310
349,21347
350,21349
462,21349
272,21350
382,21350
259,21360
260,21361
349,21418
202,21447
364,21447
356,21458
328,21493
291,21597
189,21633
183,21687
292,21687
218,21736
356,21819
460,21845
176,21846
461,21846
177,21847
178,21848
179,21849
161,21861
349,21863
436,21876
319,21877
182,21892
386,21919
184,21952
193,22051
270,22106
348,22106
176,22128
461,22128
186,22131
311,22132
316,22132
383,22144
476,22146
477,22147
478,22148
479,22149
193,22189
318,22193
318,22235
490,22266
402,22296
191,22310
192,22311
160,22388
118,22456
113,22469
178,22515
380,22527
113,22529
476,22551
436,22572
437,22573
401,22576
453,22590
380,22621
230,22622
381,22622
113,22629
120,22649
121,22650
380,22699
355,22721
356,22722
386,22738
347,22773
270,22774
348,22774
178,22776
203,22777
291,22778
130,22867
131,22868
318,22893
437,22894
176,22929
461,22929
177,22930
178,22931
179,22932
176,22955
461,22955
177,22956
270,22969
348,22969
113,22971
386,22999
218,23048
386,23059
270,23083
348,23083
472,23131
342,23140
343,23141
315,23153
311,23154
316,23154
474,23170
475,23171
476,23172
174,23217
201,23218
202,23219
364,23219
179,23220
218,23243
315,23250
311,23251
316,23251
436,23334
437,23335
437,23338
380,23412
177,23414
178,23415
440,23456
473,23522
476,23523
318,23556
318,23655
131,23666
129,23732
130,23733
346,23764
347,23765
386,23775
310,23782
311,23783
316,23783
174,23799
201,23800
486,23826
453,23933
436,23949
437,23950
476,23972
302,23979
176,24000
461,24000
177,24001
311,24007
316,24007
293,24045
363,24045
106,24078
260,24081
310,24106
311,24107
316,24107
347,24159
196,24168
191,24199
436,24222
327,24266
328,24267
386,24277
380,24296
202,24320
364,24320
329,24327
260,24334
386,24340
131,24358
352,24396
159,24417
160,24418
161,24419
313,24462
436,24468
355,24491
356,24492
270,24526
348,24526
479,24537
491,24541
460,24607
476,24644
459,24672
402,24674
269,24687
203,24720
311,24800
316,24800
311,24919
316,24919
473,24922
178,24951
203,24952
201,24988
119,24989
282,24992
176,25005
461,25005
440,25069
132,25094
178,25104
269,25119
268,25139
269,25140
384,25191
310,25204
311,25205
316,25205
138,25209
386,25242
77,25272
186,25323
176,25357
461,25357
112,25358
113,25359
485,25401
460,25404
312,25431
317,25431
182,25464
183,25465
292,25465
184,25466
440,25533
441,25534
183,25691
292,25691
383,25754
384,25755
385,25756
386,25757
385,25759
269,25762
270,25763
348,25763
271,25764
380,25780
177,25782
386,25869
182,25884
299,25930
318,25946
437,25947
503,25949
270,25974
348,25974
182,26013
291,26043
183,26044
292,26044
161,26091
325,26112
473,26116
476,26117
401,26148
402,26149
260,26173
347,26228
183,26257
292,26257
386,26276
201,26387
174,26434
476,26479
173,26507
319,26534
406,26601
380,26642
230,26643
381,26643
272,26644
382,26644
273,26734
386,26767
474,26844
182,26853
113,27019
365,27058
271,27062
480,27107
318,27151
437,27152
384,27162
385,27163
386,27164
150,27178
301,27232
349,27234
177,27235
332,27251
485,27252
273,27336
325,27360
379,27370
479,27377
299,27387
485,27390
119,27395
120,27396
121,27397
196,27492
330,27624
302,27627
253,27637
176,27662
461,27662
403,27665
313,27685
379,27748
406,27807
269,27865
299,27887
270,27892
348,27892
173,28058
200,28063
201,28064
202,28065
364,28065
203,28066
347,28078
270,28079
348,28079
182,28102
260,28103
366,28123
193,28154
329,28157
365,28171
160,28288
161,28289
318,28320
437,28321
380,28357
347,28368
386,28408
385,28410
352,28454
131,28464
203,28519
464,28536
268,28570
479,28581
283,28615
230,28621
381,28621
231,28622
463,28622
464,28623
270,28675
348,28675
349,28676
350,28678
462,28678
459,28697
202,28699
364,28699
300,28796
301,28797
271,28799
231,28800
463,28800
460,28853
129,28854
130,28855
131,28856
176,28878
461,28878
350,28879
462,28879
268,28943
269,28944
460,29013
270,29026
348,29026
271,29027
176,29120
461,29120
230,29136
381,29136
182,29213
183,29214
292,29214
177,29237
477,29338
412,29355
342,29374
185,29394
236,29395
347,29400
378,29424
379,29425
325,29431
184,29463
185,29464
186,29465
311,29466
316,29466
193,29486
293,29552
363,29552
268,29614
269,29615
347,29642
173,29657
173,29677
176,29698
461,29698
182,29728
183,29729
292,29729
129,29741
293,29751
363,29751
176,29774
461,29774
350,29776
462,29776
386,29801
176,29858
461,29858
350,29859
462,29859
272,29860
382,29860
459,29896
160,29954
161,29955
380,29999
474,30078
357,30117
484,30130
484,30165
129,30178
130,30179
283,30199
301,30216
293,30283
363,30283
202,30284
364,30284
203,30285
349,30319
112,30322
301,30341
271,30343
318,30435
177,30441
186,30495
311,30496
316,30496
259,30512
314,30514
315,30515
203,30535
412,30580
325,30588
270,30603
348,30603
271,30604
203,30611
357,30654
160,30671
161,30672
184,30780
325,30875
329,30893
301,30908
349,30910
184,30940
176,30982
461,30982
350,30983
462,30983
176,31045
461,31045
436,31104
437,31105
324,31115
176,31165
461,31165
177,31167
178,31168
296,31198
400,31246
438,31258
409,31265
501,31268
437,31271
438,31272
314,31278
315,31279
311,31280
316,31280
312,31281
317,31281
176,31330
461,31330
293,31358
363,31358
501,31368
285,31406
480,31420
77,31457
270,31468
348,31468
385,31484
129,31491
347,31549
270,31550
348,31550
113,31552
399,31565
342,31584
343,31585
193,31626
366,31648
380,31663
350,31665
462,31665
231,31666
463,31666
174,31695
201,31696
182,31734
310,31777
318,31857
404,31884
460,31900
459,31965
160,31982
342,32007
113,32023
182,32040
212,32051
293,32062
363,32062
119,32110
270,32114
348,32114
349,32115
177,32117
203,32223
291,32224
183,32225
292,32225
293,32226
363,32226
203,32240
291,32241
260,32242
186,32250
347,32270
383,32273
318,32348
437,32349
293,32374
363,32374
383,32398
383,32454
260,32470
366,32493
332,32494
386,32548
347,32594
386,32630
380,32648
193,32664
329,32674
201,32709
315,32740
479,32797
404,32869
480,32886
383,32897
380,32908
354,32946
269,32992
270,32993
348,32993
283,33012
259,33056
260,33057
351,33122
119,33125
203,33172
430,33177
490,33215
412,33226
386,33317
271,33347
129,33359
130,33360
131,33361
182,33363
183,33364
292,33364
184,33365
386,33421
319,33432
129,33505
268,33549
269,33550
203,33623
184,33672
185,33673
186,33674
311,33675
316,33675
182,33689
183,33690
292,33690
291,33757
386,33777
270,33785
348,33785
175,33790
260,33840
453,33849
252,33893
270,33899
348,33899
402,33918
386,33942
161,33990
440,34011
460,34069
283,34074
176,34100
461,34100
350,34101
462,34101
293,34136
363,34136
118,34175
349,34190
177,34192
271,34232
231,34233
463,34233
460,34254
129,34255
105,34262
106,34263
176,34287
461,34287
177,34288
175,34292
501,34304
437,34315
438,34316
161,34327
176,34337
461,34337
315,34433
312,34444
317,34444
517,34622
203,34689
291,34690
293,34703
363,34703
252,34738
253,34739
159,34771
160,34772
268,34799
269,34800
179,34803
351,34973
401,35016
402,35017
403,35018
270,35069
348,35069
270,35081
348,35081
349,35082
350,35084
462,35084
351,35085
318,35159
437,35160
119,35171
301,35177
271,35179
293,35213
363,35213
312,35235
317,35235
160,35330
161,35331
401,35396
269,35420
201,35431
184,35438
203,35462
77,35464
325,35495
177,35591
349,35617
177,35618
291,35625
434,35641
268,35692
269,35693
270,35694
348,35694
347,35741
347,35778
386,35824
119,35837
160,35840
160,35849
161,35850
173,35857
291,35861
260,35862
437,35863
186,35878
412,35921
459,35985
191,36027
283,36051
186,36090
311,36091
316,36091
485,36100
486,36101
174,36129
276,36137
356,36164
176,36199
461,36199
177,36202
201,36212
379,36245
473,36250
325,36410
459,36467
325,36469
386,36480
476,36482
386,36534
174,36611
402,36613
178,36620
346,36649
192,36678
402,36690
403,36691
318,36724
437,36725
346,36742
160,36782
69,36809
282,36863
453,36902
105,36907
106,36908
130,36929
131,36930
193,36967
218,36993
186,37012
311,37013
316,37013
252,37027
268,37043
269,37044
283,37055
301,37069
173,37079
193,37081
347,37115
352,37118
353,37119
354,37120
355,37121
356,37122
178,37130
378,37141
379,37142
383,37145
438,37207
439,37208
440,37209
386,37245
176,37253
461,37253
112,37254
113,37255
404,37306
176,37355
461,37355
480,37370
386,37386
202,37419
364,37419
491,37425
112,37490
113,37491
270,37589
348,37589
349,37590
131,37667
178,37685
132,37734
121,37747
472,37802
161,37835
270,37841
348,37841
130,37843
438,37870
182,37904
183,37905
292,37905
161,37912
346,37957
347,37958
270,37959
348,37959
199,38011
333,38038
294,38071
293,38092
363,38092
349,38164
177,38166
291,38172
119,38189
161,38330
193,38384
349,38391
476,38406
174,38432
201,38433
119,38434
259,38522
182,38537
183,38538
292,38538
293,38539
363,38539
328,38600
266,38677
385,38763
310,38775
311,38776
316,38776
118,38837
174,38851
283,38875
159,38889
160,38890
160,38934
516,38949
386,38975
476,38987
477,38988
119,39105
282,39108
268,39198
269,39199
270,39200
348,39200
104,39232
105,39233
106,39234
161,39277
383,39348
161,39379
132,39391
404,39402
405,39403
159,39407
160,39408
346,39432
347,39433
486,39494
193,39503
269,39519
487,39532
460,39544
201,39597
328,39644
386,39648
161,39757
201,39826
477,39865
478,39866
479,39867
480,39868
347,39891
472,39918
386,39946
476,39948
183,39966
292,39966
293,39967
363,39967
356,40104
270,40185
348,40185
312,40359
317,40359
137,40474
269,40484
270,40485
348,40485
434,40628
184,40633
185,40634
186,40635
311,40636
316,40636
161,40656
162,40657
383,40664
129,40738
380,40784
186,40788
311,40789
316,40789
385,40801
409,40853
384,40981
385,40982
355,41077
356,41078
347,41109
475,41246
311,41259
316,41259
191,41264
176,41292
461,41292
177,41293
270,41317
348,41317
479,41330
218,41335
501,41342
502,41343
301,41400
489,41412
490,41413
491,41414
294,41447
203,41452
291,41453
328,41523
406,41534
347,41601
473,41639
476,41640
270,41683
348,41683
460,41742
347,41788
270,41789
348,41789
293,41925
363,41925
347,41962
318,41980
437,41981
161,41990
312,41997
317,41997
293,42017
363,42017
202,42018
364,42018
301,42054
460,42069
129,42070
130,42071
193,42103
293,42109
363,42109
347,42112
146,42131
104,42237
105,42238
248,42250
473,42260
174,42295
201,42296
119,42297
386,42335
293,42349
363,42349
291,42355
299,42358
300,42359
301,42360
440,42400
441,42401
315,42424
311,42425
316,42425
270,42437
348,42437
312,42527
317,42527
399,42550
310,42579
311,42580
316,42580
299,42661
300,42662
301,42663
129,42668
260,42708
270,42726
348,42726
270,42791
348,42791
183,42798
292,42798
293,42799
363,42799
211,42876
173,42909
315,42912
437,43108
437,43144
438,43145
293,43177
363,43177
260,43185
310,43219
311,43220
316,43220
480,43227
203,43252
291,43253
159,43295
352,43324
379,43332
502,43335
386,43353
385,43355
293,43383
363,43383
434,43391
232,43411
193,43445
310,43482
161,43493
269,43528
270,43529
348,43529
325,43548
501,43583
183,43624
292,43624
476,43659
473,43667
268,43717
357,43740
346,43758
347,43759
487,43774
399,43784
312,43943
317,43943
202,43950
364,43950
479,43953
479,43959
182,43976
283,44039
129,44089
272,44105
382,44105
118,44141
473,44147
476,44148
161,44181
346,44234
347,44235
347,44320
487,44395
325,44408
501,44412
412,44591
436,44604
437,44605
438,44606
477,44627
347,44648
500,44694
311,44739
316,44739
312,44740
317,44740
174,44809
161,44820
310,44838
311,44839
316,44839
268,44952
318,44980
161,45118
379,45202
301,45228
159,45257
160,45258
365,45295
366,45296
270,45319
348,45319
434,45448
315,45472
437,45480
473,45483
386,45495
175,45538
203,45583
291,45584
384,45649
385,45650
161,45654
380,45667
230,45668
381,45668
270,45697
348,45697
76,45715
77,45716
203,45736
386,45743
476,45745
260,45748
380,45786
178,45788
203,45789
440,45813
441,45814
253,45825
385,45847
161,45868
479,45878
480,45879
383,45894
379,45924
386,45938
474,45940
475,45941
283,45978
311,46000
316,46000
312,46001
317,46001
296,46005
368,46090
318,46121
437,46122
475,46138
118,46154
294,46155
203,46171
129,46219
319,46279
401,46379
402,46380
104,46403
311,46484
316,46484
150,46486
161,46511
260,46625
471,46671
487,46683
293,46747
363,46747
202,46748
364,46748
203,46749
161,46848
473,46882
502,46904
218,46909
434,47084
315,47123
301,47132
178,47135
203,47136
161,47160
271,47162
293,47182
363,47182
202,47183
364,47183
203,47184
349,47348
310,47503
218,47533
131,47567
182,47569
183,47570
292,47570
184,47571
185,47572
186,47573
311,47574
316,47574
437,47661
464,47703
346,47798
347,47799
182,47821
193,47878
404,47891
460,47918
295,47921
296,47922
480,47979
193,48007
177,48051
178,48117
479,48120
179,48122
161,48126
293,48138
363,48138
459,48148
460,48149
272,48151
382,48151
270,48209
348,48209
77,48221
299,48280
201,48304
161,48330
162,48331
272,48344
382,48344
383,48345
293,48387
363,48387
159,48505
160,48506
160,48587
176,48632
461,48632
177,48633
386,48681
385,48683
459,48727
175,48769
113,48771
114,48772
203,48778
293,48783
363,48783
406,48920
269,48948
299,48984
473,49003
476,49004
203,49086
386,49149
480,49283
383,49330
386,49341
346,49345
347,49346
270,49347
348,49347
178,49349
365,49350
459,49414
293,49430
363,49430
105,49477
368,49479
387,49516
460,49551
178,49553
365,49554
366,49555
357,49559
282,49562
268,49573
269,49574
403,49595
474,49604
349,49612
293,49619
363,49619
202,49620
364,49620
473,49626
177,49725
270,49762
348,49762
472,49777
503,49782
325,49793
270,49815
348,49815
349,49937
177,49938
311,49981
316,49981
269,50090
270,50091
348,50091
271,50092
272,50093
382,50093
355,50101
356,50102
325,50177
296,50189
476,50199
295,50211
268,50240
269,50241
270,50261
348,50261
354,50272
268,50285
268,50349
283,50354
453,50387
491,50427
293,50432
363,50432
119,50433
105,50447
191,50492
386,50507
347,50540
436,50587
176,50645
461,50645
177,50646
384,50653
385,50654
475,50683
476,50684
318,50729
437,50730
202,50775
364,50775
203,50776
202,50816
364,50816
203,50817
291,50818
460,50886
459,50895
385,50916
474,51030
475,51031
476,51032
301,51071
202,51134
364,51134
203,51135
291,51136
260,51137
437,51138
173,51214
487,51224
473,51308
476,51309
412,51368
270,51384
348,51384
412,51396
129,51483
183,51554
292,51554
293,51555
363,51555
202,51556
364,51556
479,51559
193,51568
174,51606
347,51644
318,51723
473,51748
491,51834
293,51879
363,51879
312,51940
317,51940
470,51960
471,51961
291,52084
379,52119
380,52163
283,52229
386,52260
150,52266
347,52320
355,52370
356,52371
270,52405
348,52405
113,52407
285,52414
311,52418
316,52418
119,52427
178,52454
193,52492
347,52602
383,52605
315,52612
311,52613
316,52613
460,52647
113,52649
260,52688
346,52695
403,52721
260,52745
282,52772
283,52773
160,52779
293,52801
363,52801
347,52804
386,52851
119,52871
268,52895
269,52896
161,52910
70,52942
186,52977
311,52978
316,52978
161,53014
325,53107
326,53108
487,53121
296,53222
178,53231
203,53232
386,53313
409,53328
501,53331
502,53332
302,53407
202,53423
364,53423
203,53424
182,53453
260,53454
184,53467
185,53468
186,53469
311,53521
316,53521
193,53584
460,53604
176,53605
461,53605
365,53652
349,53656
325,53684
328,53695
186,53729
160,53753
161,53754
203,53757
318,53790
161,53822
178,53825
203,53826
212,53829
328,53836
386,53840
259,53885
260,53886
385,53948
402,54017
491,54090
492,54091
404,54092
405,54093
411,54205
470,54256
471,54257
113,54311
203,54318
252,54358
253,54359
346,54387
283,54389
118,54395
196,54432
502,54461
240,54501
170,54525
379,54657
380,54658
293,54703
363,54703
202,54704
364,54704
365,54705
366,54706
332,54707
476,54782
269,54799
270,54800
348,54800
403,54803
386,54834
460,54956
129,54957
130,54958
291,54996
295,55066
296,55067
441,55193
302,55216
131,55416
379,55463
293,55549
363,55549
346,55630
347,55631
160,55650
386,55761
476,55763
161,55772
412,55937
346,56016
283,56018
311,56023
316,56023
460,56055
386,56092
385,56094
386,56095
160,56123
161,56124
402,56148
293,56153
363,56153
284,56180
285,56181
160,56223
438,56260
318,56300
437,56301
438,56302
386,56403
387,56445
291,56505
183,56506
292,56506
401,56507
402,56508
268,56533
196,56614
325,56633
301,56639
349,56641
177,56642
131,56654
182,56683
260,56684
516,56695
270,56758
348,56758
349,56759
260,56790
182,56875
183,56876
292,56876
293,56877
363,56877
399,56919
310,56931
104,57032
104,57069
318,57078
312,57091
317,57091
293,57093
363,57093
473,57151
379,57207
412,57236
386,57241
177,57297
271,57332
283,57352
191,57389
312,57398
317,57398
253,57419
131,57426
490,57437
385,57455
356,57458
178,57464
203,57465
460,57503
367,57521
315,57547
311,57548
316,57548
113,57711
284,57741
285,57742
318,57761
437,57762
438,57763
201,57774
269,57797
354,57809
130,57819
131,57820
380,57864
129,57884
349,57891
350,57892
462,57892
202,57897
364,57897
399,57912
161,58011
315,58033
293,58041
363,58041
269,58088
270,58089
348,58089
459,58100
160,58107
384,58111
385,58112
386,58149
476,58151
477,58152
478,58153
479,58154
470,58191
471,58192
182,58207
485,58287
486,58288
325,58305
430,58386
201,58411
202,58412
364,58412
203,58413
385,58429
312,58486
317,58486
260,58499
161,58508
161,58530
356,58564
402,58580
311,58595
316,58595
311,58609
316,58609
312,58610
317,58610
318,58611
268,58630
269,58631
77,58680
365,58696
366,58697
460,58710
176,58711
461,58711
350,58712
462,58712
272,58713
382,58713
161,58719
186,58722
311,58723
316,58723
260,58761
412,58808
199,58864
161,58875
412,58886
278,58899
176,58946
461,58946
380,58967
293,58988
363,58988
404,59021
302,59119
484,59207
270,59210
348,59210
174,59251
201,59252
294,59253
182,59260
270,59297
348,59297
182,59307
299,59358
479,59547
480,59548
283,59626
366,59671
183,59702
292,59702
380,59782
230,59783
381,59783
351,59784
