482,69
422,70
423,71
148,74
149,75
384,94
315,213
103,240
72,244
295,266
294,368
294,369
294,370
318,372
385,536
106,560
501,573
385,604
338,606
106,607
338,640
114,648
260,649
364,649
296,650
146,678
147,679
148,680
149,681
150,682
188,716
189,717
200,725
244,761
257,761
292,796
115,797
293,797
294,798
295,799
314,817
387,856
373,874
374,875
381,881
320,882
382,882
433,927
294,937
294,938
72,941
73,942
298,966
501,979
450,1044
117,1046
294,1065
452,1067
244,1142
257,1142
489,1192
126,1198
367,1204
452,1226
453,1227
291,1284
114,1301
117,1303
388,1318
149,1346
150,1347
148,1359
149,1360
484,1375
298,1404
453,1518
417,1540
295,1581
261,1582
286,1598
449,1633
501,1653
422,1658
423,1659
296,1727
106,1781
388,1816
366,1825
171,1829
121,1831
363,1839
262,1951
280,1951
413,1978
450,2159
279,2170
72,2174
294,2200
450,2268
115,2269
293,2269
294,2278
294,2279
171,2345
386,2369
387,2370
200,2432
448,2435
449,2436
450,2473
451,2474
294,2489
294,2490
294,2491
294,2492
294,2493
200,2521
115,2523
293,2523
106,2573
245,2574
258,2574
278,2575
501,2598
388,2654
244,2680
257,2680
120,2736
451,2772
452,2773
453,2774
149,2812
286,2819
114,2825
115,2826
293,2826
318,2828
361,2901
482,2904
121,2916
489,2956
489,2989
247,3061
201,3078
419,3114
200,3116
117,3143
501,3147
159,3194
244,3209
257,3209
277,3330
259,3331
451,3332
452,3333
244,3334
257,3334
338,3346
148,3356
361,3382
362,3383
447,3400
448,3401
449,3402
294,3465
294,3466
294,3467
121,3562
368,3603
318,3658
120,3723
434,3730
435,3731
360,3798
361,3799
362,3800
365,3836
200,3841
451,3843
318,3844
115,3888
293,3888
418,3908
419,3909
200,3911
449,3972
448,3992
449,3993
433,4032
501,4074
168,4085
169,4086
115,4138
293,4138
294,4139
388,4218
500,4249
115,4281
293,4281
295,4282
388,4312
114,4349
114,4357
450,4389
115,4390
293,4390
447,4408
448,4409
449,4410
148,4446
136,4468
115,4498
293,4498
294,4499
137,4612
284,4628
447,4639
448,4640
449,4641
388,4671
478,4718
200,4754
487,4766
488,4767
159,4799
413,4839
414,4840
450,4849
115,4850
293,4850
360,4857
361,4858
362,4859
453,4862
454,4863
455,4864
244,4901
257,4901
115,4951
293,4951
452,4953
166,5063
200,5102
292,5149
260,5150
364,5150
387,5158
365,5230
330,5257
160,5302
161,5303
162,5304
363,5368
450,5448
114,5497
451,5498
318,5499
122,5512
73,5513
72,5552
386,5611
484,5712
106,5735
245,5736
258,5736
246,5737
106,5747
338,5756
165,5832
215,5870
363,5932
451,5933
433,5937
434,5938
435,5939
215,5966
419,6029
450,6204
260,6205
364,6205
122,6285
73,6286
456,6288
457,6289
453,6338
294,6364
318,6366
449,6408
450,6409
451,6410
452,6411
244,6412
257,6412
385,6467
386,6468
361,6513
362,6514
330,6568
489,6595
452,6606
501,6711
414,6774
452,6874
295,6896
425,6905
292,6915
451,6916
424,6987
425,6988
200,7061
279,7063
262,7064
280,7064
263,7065
452,7238
106,7340
276,7367
413,7390
452,7407
453,7408
448,7444
451,7520
386,7524
453,7527
488,7609
453,7719
244,7736
257,7736
338,7746
106,7747
451,7752
452,7753
244,7892
257,7892
275,7986
276,7987
501,8001
244,8006
257,8006
292,8013
161,8067
137,8103
296,8111
114,8126
451,8127
452,8128
386,8192
136,8259
243,8263
291,8365
387,8366
412,8410
413,8411
366,8467
168,8488
331,8622
244,8699
257,8699
121,8704
489,8730
121,8788
450,8841
115,8842
293,8842
318,8844
501,8928
502,8929
501,8937
121,8938
135,9004
453,9015
171,9046
452,9183
244,9184
257,9184
330,9202
246,9205
388,9206
449,9231
296,9239
106,9263
122,9320
73,9321
171,9374
120,9474
121,9475
161,9542
338,9641
501,9665
338,9733
106,9734
424,9760
501,9777
449,9789
335,9798
147,9832
148,9833
453,9848
454,9849
478,9893
200,9941
260,9943
364,9943
338,9985
452,10051
292,10090
168,10151
168,10170
263,10191
168,10193
200,10214
414,10245
415,10246
501,10250
171,10331
482,10380
286,10472
422,10736
137,10749
74,10844
114,10857
451,10858
489,10878
363,10991
484,11157
298,11254
137,11322
189,11339
125,11348
244,11369
257,11369
115,11379
293,11379
294,11380
452,11382
489,11397
248,11531
338,11591
478,11596
136,11643
203,11740
226,11740
501,11802
121,11803
171,11848
386,11849
338,11868
106,11869
449,12057
450,12058
451,12059
449,12203
450,12204
451,12205
318,12206
453,12215
115,12324
293,12324
295,12325
172,12437
385,12484
361,12502
244,12515
257,12515
294,12550
186,12551
276,12602
131,12603
171,12659
366,12682
489,12713
157,12729
330,12775
450,12789
115,12790
293,12790
294,12791
148,12930
149,12931
150,12932
244,12934
257,12934
245,12935
258,12935
259,12936
451,12937
501,12990
121,12991
120,13007
502,13008
137,13053
74,13070
365,13199
187,13217
120,13224
121,13225
361,13357
447,13389
448,13390
137,13440
149,13557
200,13618
449,13685
298,13762
200,13843
244,13846
257,13846
361,13997
501,14042
121,14043
122,14044
488,14056
489,14057
244,14059
257,14059
148,14248
447,14265
450,14269
148,14275
489,14349
422,14371
423,14372
424,14373
337,14392
480,14426
481,14427
244,14443
257,14443
200,14482
419,14528
420,14529
114,14543
451,14544
434,14565
106,14590
121,14627
244,14674
257,14674
448,14728
449,14729
450,14730
244,14887
257,14887
420,14973
421,14974
422,14975
275,15078
276,15079
131,15080
487,15162
488,15163
141,15176
260,15186
364,15186
296,15187
106,15198
361,15242
95,15368
489,15408
453,15410
454,15411
386,15424
366,15431
244,15568
257,15568
149,15576
482,15613
422,15614
489,15621
482,15654
374,15767
422,15778
423,15779
187,15944
489,15986
244,15988
257,15988
168,16138
247,16177
276,16353
489,16406
115,16429
293,16429
361,16512
501,16526
121,16527
422,16546
423,16547
424,16548
419,16613
114,16657
259,16698
451,16699
318,16700
319,16701
200,16714
451,16716
419,16748
115,16819
293,16819
294,16820
247,16839
386,16866
292,16867
501,16895
168,16914
169,16915
337,16924
338,16925
386,17008
373,17020
501,17048
121,17049
454,17146
455,17147
279,17189
262,17190
280,17190
244,17274
257,17274
245,17275
258,17275
246,17276
413,17358
171,17392
165,17489
366,17491
338,17504
168,17536
148,17648
450,17723
165,17849
363,18016
451,18017
452,18018
453,18019
159,18064
244,18075
257,18075
419,18140
148,18215
489,18221
449,18266
168,18278
243,18303
450,18310
115,18311
293,18311
450,18329
260,18330
364,18330
296,18331
318,18513
159,18531
361,18558
362,18559
74,18630
330,18723
244,18937
257,18937
419,18943
200,18945
501,19031
121,19032
451,19128
330,19135
489,19169
244,19171
257,19171
122,19174
123,19175
314,19200
315,19201
318,19247
244,19279
257,19279
360,19331
361,19332
362,19333
148,19351
244,19410
257,19410
171,19416
386,19417
148,19438
149,19439
150,19440
159,19511
137,19544
336,19546
367,19627
292,19677
244,19723
257,19723
171,19912
244,19987
257,19987
244,19999
257,19999
420,20009
451,20021
286,20101
276,20115
488,20120
294,20123
295,20124
365,20125
244,20164
257,20164
186,20234
187,20235
263,20300
172,20312
225,20329
361,20442
78,20450
489,20459
366,20528
149,20534
247,20573
433,20582
363,20592
413,20595
120,20610
149,20645
150,20646
125,20670
386,20674
149,20700
150,20701
114,20709
451,20710
453,20726
244,20749
257,20749
489,20780
137,20800
120,20864
114,20882
338,20914
387,20927
386,20947
501,20990
137,21002
135,21012
434,21051
435,21052
114,21092
115,21093
293,21093
294,21348
295,21349
365,21350
298,21391
489,21395
413,21401
417,21474
338,21599
165,21619
385,21624
386,21687
244,21821
257,21821
114,21845
115,21846
293,21846
149,21861
120,21876
435,21898
412,21953
413,21954
244,22022
257,22022
330,22039
449,22098
279,22100
283,22102
452,22108
244,22109
257,22109
363,22127
115,22128
293,22128
116,22129
117,22130
366,22144
148,22161
131,22188
500,22192
501,22193
501,22235
489,22416
453,22458
187,22469
187,22529
413,22542
120,22572
121,22573
161,22584
450,22627
187,22629
137,22636
452,22701
172,22779
448,22806
449,22807
501,22893
121,22894
338,22897
106,22898
115,22929
293,22929
115,22955
293,22955
452,22957
187,22971
157,22983
452,23085
244,23086
257,23086
106,23089
361,23161
171,23174
438,23214
120,23334
121,23335
121,23338
171,23342
489,23539
453,23541
501,23556
502,23557
387,23562
385,23586
501,23655
502,23656
363,23731
385,23740
338,23742
159,23768
120,23949
121,23950
115,24000
293,24000
247,24033
453,24086
161,24123
489,24156
387,24195
120,24222
502,24223
387,24228
488,24285
262,24396
280,24396
126,24415
149,24419
150,24420
120,24468
78,24500
292,24520
276,24592
114,24607
447,24614
452,24650
453,24651
447,24689
448,24690
449,24691
450,24692
450,24878
330,24906
451,24950
363,25004
115,25005
293,25005
294,25006
294,25007
168,25061
275,25072
450,25102
451,25103
433,25107
336,25223
363,25292
171,25345
450,25356
115,25357
293,25357
186,25358
187,25359
114,25404
488,25418
386,25465
167,25560
451,25613
386,25691
435,25695
366,25754
78,25924
159,25944
501,25946
121,25947
137,26026
385,26039
386,26044
387,26045
149,26091
150,26092
244,26101
257,26101
200,26110
338,26162
171,26172
244,26182
257,26182
386,26257
448,26260
158,26353
159,26354
160,26380
161,26381
361,26427
362,26428
246,26435
422,26504
423,26505
424,26506
425,26507
368,26617
365,26644
338,26695
453,26789
171,26907
244,26925
257,26925
450,27017
187,27019
387,27082
247,27083
501,27151
121,27152
489,27196
452,27236
361,27309
362,27310
488,27352
489,27353
200,27358
225,27372
451,27453
452,27454
135,27508
115,27662
293,27662
275,27766
276,27767
330,27777
331,27778
74,27784
413,27895
414,27896
415,27897
318,27945
330,28011
424,28057
425,28058
276,28062
277,28063
244,28119
257,28119
276,28152
131,28153
482,28208
413,28245
149,28289
501,28320
121,28321
338,28345
279,28453
262,28454
280,28454
385,28530
385,28541
387,28547
449,28574
244,28590
257,28590
419,28614
296,28622
294,28677
295,28678
447,28789
448,28790
449,28791
450,28792
296,28800
167,28801
188,28808
114,28853
363,28877
115,28878
293,28878
295,28879
452,28896
489,28945
490,28946
276,28948
114,29013
450,29119
115,29120
293,29120
116,29121
386,29214
292,29215
451,29216
452,29217
413,29303
433,29340
448,29428
449,29429
385,29520
489,29643
424,29656
425,29657
424,29676
425,29677
338,29683
454,29685
455,29686
363,29697
115,29698
293,29698
449,29709
386,29729
292,29740
453,29753
338,29759
106,29760
115,29774
293,29774
294,29775
295,29776
435,29796
455,29804
490,29810
276,29812
338,29820
106,29821
115,29858
293,29858
295,29859
365,29860
149,29955
225,29966
445,29980
490,29982
276,29984
137,30064
450,30177
451,30195
318,30196
447,30218
294,30320
294,30321
186,30322
448,30345
451,30350
501,30435
117,30494
500,30548
72,30554
167,30597
149,30672
413,30675
338,30735
502,30741
292,30755
260,30756
364,30756
412,30781
413,30782
414,30783
131,30788
484,30880
373,30904
294,30911
294,30912
412,30941
413,30942
414,30943
415,30944
279,30979
115,30982
293,30982
295,30983
450,31044
115,31045
293,31045
124,31052
387,31085
388,31086
120,31104
121,31105
122,31106
115,31165
293,31165
294,31166
387,31247
121,31271
171,31276
171,31300
450,31329
115,31330
293,31330
294,31331
338,31383
292,31490
187,31552
453,31589
131,31625
276,31644
295,31665
296,31666
453,31689
451,31788
452,31789
244,31790
257,31790
387,31831
501,31857
114,31900
413,31903
176,31996
187,32023
453,32064
488,32113
294,32116
482,32131
244,32147
257,32147
386,32225
366,32273
387,32279
165,32299
361,32318
362,32319
388,32321
501,32348
121,32349
366,32398
366,32454
422,32531
423,32532
361,32536
362,32537
276,32553
200,32581
452,32650
244,32651
257,32651
244,32816
257,32816
200,32834
157,32860
158,32861
165,32895
366,32897
452,32910
279,32923
451,32926
148,33095
200,33119
260,33121
364,33121
261,33122
282,33179
283,33180
260,33203
364,33203
363,33231
260,33232
364,33232
338,33254
445,33285
490,33287
165,33338
188,33343
386,33364
161,33372
135,33376
450,33379
451,33380
450,33504
418,33596
158,33664
159,33665
386,33690
338,33742
385,33753
387,33764
452,33787
244,33788
257,33788
245,33789
258,33789
259,33790
451,33791
452,33792
452,33901
276,33912
427,33914
449,33916
276,33956
131,33957
149,33990
150,33991
114,34069
451,34070
318,34071
450,34099
115,34100
293,34100
295,34101
72,34132
123,34133
244,34177
257,34177
294,34191
318,34193
292,34216
296,34233
167,34234
114,34254
450,34286
115,34287
293,34287
452,34289
244,34290
257,34290
245,34291
258,34291
259,34292
260,34293
364,34293
121,34315
149,34327
419,34333
200,34335
115,34337
293,34337
484,34343
455,34423
367,34594
414,34694
489,34801
361,34913
362,34914
338,34937
450,34971
260,34972
364,34972
261,34973
453,34977
454,34978
294,35083
295,35084
261,35085
501,35159
121,35160
276,35204
422,35232
292,35237
451,35238
168,35292
148,35310
149,35331
150,35332
490,35333
488,35336
447,35422
244,35429
257,35429
245,35430
258,35430
452,35619
453,35620
172,35626
74,35831
149,35850
424,35856
425,35857
121,35863
367,36016
413,36064
454,36155
433,36172
450,36198
115,36199
293,36199
294,36200
294,36201
276,36205
168,36274
497,36284
363,36349
451,36350
451,36428
338,36522
106,36523
447,36555
448,36556
385,36580
433,36623
126,36639
276,36646
420,36651
421,36652
501,36724
121,36725
276,36739
279,36770
72,36806
73,36807
413,36826
420,36864
421,36865
244,36888
257,36888
106,36965
276,37060
425,37079
500,37084
361,37110
362,37111
262,37118
280,37118
292,37128
451,37129
366,37145
489,37194
361,37215
115,37253
293,37253
186,37254
187,37255
148,37286
337,37319
338,37320
106,37321
115,37355
293,37355
137,37461
186,37490
187,37491
148,37572
294,37591
454,37619
148,37637
149,37835
150,37836
490,37837
488,37840
482,37851
422,37852
423,37853
424,37854
276,37867
131,37868
386,37905
146,37909
147,37910
148,37911
149,37912
150,37913
244,37915
257,37915
131,38012
481,38114
482,38115
452,38126
454,38142
449,38147
450,38148
451,38149
276,38152
294,38165
452,38167
244,38168
257,38168
449,38324
450,38325
451,38326
149,38330
131,38383
294,38392
294,38393
294,38394
279,38423
283,38425
244,38512
257,38512
361,38528
362,38529
386,38538
276,38558
292,38584
451,38585
125,38878
137,38896
478,38942
433,38990
387,39000
413,39203
489,39247
149,39277
244,39321
257,39321
366,39348
149,39379
247,39398
489,39434
445,39463
114,39544
413,39586
244,39615
257,39615
478,39646
276,39653
489,39721
161,39738
149,39757
338,39823
106,39824
245,39825
258,39825
244,39828
257,39828
137,39859
489,39892
167,39907
168,39908
338,39934
171,39965
386,39966
489,40033
361,40162
318,40187
148,40245
292,40279
451,40280
95,40338
482,40355
422,40356
338,40361
106,40362
452,40422
106,40437
122,40479
123,40480
452,40644
453,40645
149,40656
366,40664
330,40673
331,40674
292,40737
286,40748
116,40786
117,40787
276,40847
419,40924
435,41020
168,41057
447,41111
484,41116
200,41231
201,41232
202,41233
450,41291
115,41292
293,41292
106,41310
72,41382
123,41383
161,41418
171,41501
387,41538
247,41539
244,41572
257,41572
148,41583
489,41602
453,41604
500,41663
387,41665
500,41669
338,41671
72,41686
123,41687
330,41730
114,41742
451,41743
413,41792
451,41903
452,41904
244,41905
257,41905
338,41917
244,41927
257,41927
330,41948
501,41980
121,41981
148,41989
149,41990
114,42069
338,42214
488,42300
454,42319
244,42351
257,42351
172,42356
413,42440
387,42518
387,42529
387,42562
388,42563
452,42728
453,42729
244,42760
257,42760
452,42793
171,42797
386,42798
171,42815
338,42817
106,42818
454,42850
286,42861
425,42909
484,42944
72,42971
106,43041
449,43072
171,43088
121,43108
121,43144
319,43179
338,43255
375,43312
262,43324
280,43324
168,43397
169,43398
298,43466
149,43493
452,43496
244,43497
257,43497
387,43538
72,43584
123,43585
386,43624
292,43625
451,43626
276,43637
489,43760
435,43844
497,43845
489,43868
279,43875
161,43964
361,43984
419,44038
487,44063
488,44064
200,44087
450,44103
260,44104
364,44104
365,44105
331,44159
78,44162
149,44181
150,44182
489,44236
360,44239
361,44240
362,44241
275,44248
361,44281
106,44346
72,44413
244,44457
257,44457
245,44458
258,44458
278,44459
484,44475
292,44526
120,44604
121,44605
171,44660
489,44676
149,44820
150,44821
283,44852
137,44857
388,44925
501,44980
449,45042
450,45043
451,45044
451,45107
318,45108
148,45117
149,45118
150,45119
244,45249
257,45249
452,45321
244,45322
257,45322
106,45378
121,45480
148,45501
259,45538
451,45539
286,45563
338,45586
275,45638
149,45654
171,45747
149,45868
487,45890
488,45891
366,45894
414,45930
292,45982
451,45983
450,46060
451,46061
189,46088
190,46089
191,46090
501,46121
121,46122
449,46133
361,46339
159,46346
137,46356
149,46511
171,46594
157,46602
171,46624
338,46632
276,46660
244,46689
257,46689
149,46848
202,46949
149,47160
387,47403
386,47570
121,47661
448,47685
449,47686
450,47687
260,47688
364,47688
136,47765
244,47795
257,47795
338,47823
106,47824
450,47842
451,47843
452,47844
435,47872
114,47918
451,47919
453,47933
338,47967
452,48052
244,48053
257,48053
387,48064
106,48099
451,48116
148,48125
149,48126
114,48149
260,48150
364,48150
365,48151
452,48211
453,48212
361,48258
451,48314
452,48315
149,48330
435,48334
365,48344
366,48345
146,48355
147,48356
374,48422
136,48473
137,48474
172,48512
401,48551
337,48599
338,48600
279,48610
200,48630
115,48632
293,48632
387,48743
388,48744
244,48767
257,48767
245,48768
258,48768
259,48769
187,48771
338,48794
106,48795
122,48798
123,48799
338,48934
106,48935
450,48991
450,49090
361,49205
338,49246
106,49247
148,49298
366,49330
286,49339
244,49382
257,49382
191,49479
452,49508
114,49551
451,49552
420,49563
489,49575
484,49601
368,49606
438,49811
452,49939
388,49992
450,50025
244,50058
257,50058
451,50080
365,50093
391,50123
72,50138
123,50139
426,50158
276,50185
489,50242
338,50268
106,50269
276,50435
106,50438
489,50541
120,50587
115,50645
293,50645
276,50649
501,50729
121,50730
361,50772
362,50773
338,50820
244,50840
257,50840
122,50843
73,50844
489,50852
137,50862
114,50886
451,50887
275,50997
276,50998
131,50999
335,51017
484,51043
387,51086
247,51087
121,51138
298,51154
489,51162
424,51213
425,51214
172,51371
298,51380
161,51392
292,51482
298,51515
338,51540
171,51553
386,51554
361,51639
362,51640
489,51645
500,51709
501,51723
502,51724
361,51732
281,51983
281,51985
451,51988
452,51989
263,52077
171,52097
367,52148
318,52165
489,52321
453,52384
187,52407
276,52429
367,52467
171,52508
366,52605
106,52609
114,52647
187,52649
171,52687
276,52714
489,52805
490,52806
286,52829
284,52840
478,52849
149,52910
117,52976
124,53006
125,53007
149,53014
150,53015
276,53038
131,53039
231,53054
338,53076
244,53198
257,53198
286,53215
488,53253
478,53311
381,53358
456,53508
457,53509
457,53529
114,53604
115,53605
293,53605
294,53606
72,53609
123,53610
149,53754
150,53755
501,53790
149,53822
478,53838
215,53938
106,54045
338,54054
367,54077
387,54105
247,54130
453,54218
454,54219
187,54311
387,54459
331,54479
338,54579
168,54596
391,54610
452,54660
338,54723
168,54779
286,54832
450,54860
451,54861
452,54862
159,54873
247,54882
452,54907
114,54956
159,54980
165,54987
244,55019
257,55019
449,55062
450,55063
451,55064
449,55104
137,55119
202,55133
443,55138
172,55147
275,55372
276,55373
413,55438
414,55439
415,55440
451,55457
452,55458
244,55466
257,55466
318,55473
337,55523
435,55545
500,55547
338,55608
106,55609
166,55688
167,55689
451,55730
452,55731
200,55749
275,55758
149,55772
150,55773
450,55792
260,55793
364,55793
419,55875
114,56055
451,56056
318,56057
137,56085
149,56124
368,56158
159,56211
106,56249
275,56256
276,56257
131,56258
501,56300
121,56301
275,56361
171,56431
386,56506
452,56643
338,56672
106,56673
171,56700
244,56708
257,56708
294,56760
171,56789
106,56820
500,56858
338,56860
106,56861
106,56870
386,56876
137,56952
338,57051
501,57078
453,57095
247,57102
248,57103
172,57164
275,57180
122,57194
160,57281
161,57282
162,57283
294,57296
244,57319
257,57319
414,57323
489,57348
161,57374
387,57400
388,57401
114,57503
451,57504
452,57505
292,57580
451,57581
171,57648
292,57709
187,57711
501,57761
121,57762
489,57798
338,57805
106,57806
295,57892
448,57894
449,57895
385,57947
148,58010
149,58011
150,58012
471,58268
125,58291
135,58311
200,58347
451,58349
452,58350
330,58408
168,58419
244,58471
257,58471
149,58508
244,58519
257,58519
149,58530
501,58611
434,58615
435,58616
387,58637
420,58659
114,58710
115,58711
293,58711
295,58712
365,58713
149,58719
426,58739
413,58751
414,58752
457,58853
149,58875
150,58876
424,58932
115,58946
293,58946
294,58947
453,58990
387,59027
422,59114
244,59326
257,59326
292,59436
451,59437
453,59571
454,59572
338,59655
106,59656
245,59681
258,59681
246,59682
388,59683
484,59693
171,59701
386,59702
387,59703
247,59704
261,59784
388,59787
