374,42
301,145
422,161
216,254
221,261
423,403
116,426
378,464
437,481
429,516
153,524
400,554
192,606
192,640
153,654
429,664
356,704
116,1122
258,1364
153,1383
242,1476
220,1593
423,1594
424,1595
425,1596
426,1597
171,1742
216,1800
217,1801
286,1895
280,2013
429,2046
351,2055
295,2123
296,2124
216,2158
218,2170
219,2171
258,2212
126,2225
216,2267
405,2281
212,2305
213,2306
161,2352
464,2413
465,2414
216,2415
217,2437
331,2465
404,2474
405,2511
116,2526
381,2531
464,2649
216,2652
147,2713
277,2740
404,2772
113,2852
422,2889
221,2890
158,2984
152,2993
153,2994
162,3011
434,3111
220,3117
278,3119
406,3119
221,3130
278,3203
406,3203
279,3204
407,3204
280,3205
278,3206
406,3206
279,3207
407,3207
191,3292
392,3314
430,3316
404,3332
192,3346
193,3347
429,3349
430,3350
217,3403
161,3405
162,3406
193,3427
405,3469
280,3523
278,3524
406,3524
250,3543
295,3665
236,3681
153,3714
262,3788
158,3794
404,3843
220,3912
221,3913
278,3944
406,3944
279,3945
407,3945
373,3946
216,3952
116,3975
217,3994
161,3996
464,4011
465,4012
414,4085
216,4103
423,4105
277,4126
405,4141
429,4158
222,4195
216,4216
148,4219
423,4304
424,4305
161,4443
390,4458
446,4485
429,4506
430,4507
217,4642
148,4672
429,4723
359,4759
125,4863
116,4908
277,5068
220,5103
359,5111
280,5131
423,5225
422,5271
423,5272
116,5321
221,5350
277,5440
404,5498
216,5603
422,5612
192,5756
217,5788
392,5897
404,5933
277,6076
429,6097
216,6119
217,6120
216,6203
161,6207
153,6283
392,6314
315,6334
316,6335
404,6410
219,6419
464,6434
422,6448
423,6449
424,6450
116,6471
219,6524
116,6528
152,6569
431,6707
429,6729
277,6737
152,6792
161,6898
404,6916
218,7063
369,7134
426,7135
193,7139
161,7176
429,7230
171,7284
429,7401
404,7520
422,7525
162,7599
279,7659
407,7659
116,7665
143,7688
192,7746
404,7752
158,7775
356,7794
161,7845
168,7887
280,7996
116,8016
429,8097
404,8127
380,8146
381,8147
422,8193
423,8194
161,8202
422,8218
369,8223
116,8253
429,8266
316,8392
424,8395
152,8426
414,8488
431,8510
423,8532
392,8566
216,8840
301,8854
221,9031
373,9064
374,9065
151,9139
152,9203
363,9218
153,9408
256,9414
237,9450
400,9485
429,9492
163,9514
280,9616
192,9641
193,9642
429,9648
192,9733
217,9790
217,9823
279,9846
407,9846
125,9849
250,9923
192,9985
280,10000
277,10147
414,10151
414,10170
414,10193
116,10278
262,10515
251,10597
153,10632
338,10776
424,10838
404,10858
220,10914
423,10915
277,10933
295,11081
446,11112
280,11139
368,11213
429,11233
429,11258
429,11268
430,11269
262,11304
280,11365
278,11366
406,11366
279,11367
407,11367
380,11401
381,11402
303,11412
429,11502
262,11510
256,11532
422,11551
192,11591
427,11701
422,11850
423,11851
424,11852
191,11867
192,11868
143,11883
404,12059
116,12183
404,12205
422,12213
299,12255
286,12277
342,12345
124,12510
287,12553
422,12573
423,12574
356,12689
380,12717
381,12718
280,12754
216,12788
405,12856
278,12857
406,12857
279,12858
407,12858
161,12864
161,12884
404,12937
405,12938
153,13167
368,13205
242,13221
221,13300
374,13366
429,13405
140,13470
434,13517
373,13554
220,13619
294,13680
210,13772
220,13844
217,13866
277,13893
278,13894
406,13894
279,13895
407,13895
280,13896
278,13897
406,13897
279,13898
407,13898
153,13920
215,13935
221,14028
256,14036
216,14268
170,14340
390,14462
161,14485
427,14533
404,14544
262,14662
356,14688
422,14742
429,14852
116,14858
431,14860
431,14879
400,14913
295,14998
153,15110
279,15257
407,15257
215,15264
125,15411
422,15425
423,15426
262,15532
280,15701
278,15702
406,15702
279,15703
407,15703
152,15759
277,15906
278,15907
406,15907
279,15908
407,15908
408,15909
163,15922
278,15970
406,15970
279,15971
407,15971
299,16049
414,16138
356,16265
262,16671
381,16674
256,16682
404,16699
404,16716
116,16736
379,16772
429,16782
414,16914
192,16925
422,17009
423,17010
153,17084
125,17146
217,17188
218,17189
405,17254
211,17309
422,17336
429,17342
158,17350
351,17366
422,17384
192,17504
295,17517
414,17536
415,17537
422,17588
423,17589
405,17664
280,17679
262,17758
378,17860
368,17902
423,17939
404,18017
191,18116
217,18267
161,18269
414,18278
162,18299
429,18386
424,18514
400,18576
381,18586
405,18622
263,18679
158,18733
314,18752
277,18762
429,18846
262,18877
422,18885
423,18886
220,18946
404,19128
213,19297
299,19304
423,19335
422,19392
422,19418
124,19451
113,19519
280,19535
278,19536
406,19536
279,19537
407,19537
158,19576
356,19609
212,19644
213,19645
158,19660
438,19684
439,19685
236,19896
116,19994
404,20021
222,20023
219,20050
425,20099
426,20100
211,20304
422,20406
277,20514
359,20635
409,20648
422,20675
211,20684
374,20703
404,20710
216,20723
262,20802
116,20852
373,20877
116,20885
192,20914
193,20915
373,20970
279,21041
407,21041
424,21043
162,21060
423,21164
242,21230
443,21232
422,21245
429,21315
287,21358
379,21433
220,21446
426,21477
116,21515
431,21517
152,21526
279,21530
407,21530
280,21531
192,21599
409,21903
219,22019
220,22020
152,22040
153,22041
378,22067
309,22071
251,22089
217,22099
218,22100
429,22153
430,22154
258,22191
374,22202
446,22254
116,22297
153,22338
216,22626
262,22638
373,22723
374,22724
297,22860
192,22897
190,22977
356,23105
409,23416
435,23446
429,23575
378,23647
216,23663
192,23742
191,23762
368,23823
422,24045
221,24046
368,24066
429,24211
342,24255
116,24288
405,24298
356,24398
356,24557
116,24675
216,24877
152,24907
152,24926
153,24927
277,24937
404,24950
143,24966
242,24977
414,25061
404,25103
374,25154
219,25170
392,25272
429,25282
158,25325
152,25340
295,25401
391,25516
404,25613
405,25614
148,25738
210,25747
211,25748
301,25890
409,25918
152,25927
262,25985
116,26150
431,26152
192,26162
242,26209
210,26211
429,26324
423,26388
163,26600
152,26623
192,26695
381,26776
161,26863
433,26882
216,26922
261,26991
124,27075
295,27252
258,27314
295,27390
404,27453
217,27511
117,27617
163,27806
424,27946
400,27958
429,27985
430,27986
277,27989
161,28039
216,28045
162,28264
163,28265
250,28281
251,28282
192,28345
275,28364
276,28365
286,28376
267,28384
331,28393
217,28452
218,28453
161,28611
217,28776
161,28778
162,28779
152,28973
262,29003
161,29029
368,29075
161,29138
217,29152
161,29154
404,29216
429,29258
430,29259
287,29297
422,29552
221,29553
424,29645
191,29682
192,29683
125,29685
217,29710
422,29751
192,29759
219,29792
192,29820
301,29933
161,29948
113,30047
434,30054
435,30055
429,30170
404,30195
422,30283
404,30350
405,30442
368,30460
158,30517
192,30735
161,30758
426,30786
143,30795
242,30818
298,30859
116,30936
217,30978
218,30979
219,30980
300,30997
116,31048
146,31058
148,31087
443,31150
152,31255
153,31256
422,31358
217,31363
192,31383
392,31457
163,31592
221,31656
221,31697
153,31730
404,31788
429,31821
430,31822
277,31825
277,31880
217,31957
217,31990
162,32004
191,32026
422,32062
161,32164
422,32226
423,32227
219,32301
279,32354
407,32354
373,32355
422,32374
217,32452
424,32507
429,32671
300,32694
220,32835
152,32889
217,32922
218,32923
219,32924
404,32926
405,32927
439,32933
210,32953
211,32954
216,32984
286,33053
287,33054
376,33066
296,33079
219,33123
220,33124
192,33254
163,33283
219,33340
404,33380
299,33386
415,33681
192,33742
404,33791
435,33821
153,33857
116,33919
429,33978
404,34070
216,34098
161,34103
422,34136
221,34137
429,34199
116,34219
216,34285
368,34428
422,34703
153,34755
262,34832
376,34889
377,34890
192,34937
219,34974
220,34975
125,34978
162,35059
402,35094
278,35097
406,35097
279,35098
407,35098
422,35213
404,35238
414,35292
161,35339
430,35382
216,35426
423,35432
392,35464
405,35592
443,35767
216,35774
423,35776
341,35872
211,35873
356,35898
381,35917
380,36040
381,36041
153,36057
295,36100
116,36110
125,36155
152,36210
431,36268
414,36274
415,36275
404,36350
373,36404
429,36422
404,36428
405,36429
191,36521
192,36522
116,36614
216,36701
429,36721
217,36769
218,36770
219,36771
220,36772
258,37083
423,37113
404,37129
374,37196
153,37205
356,37218
217,37230
316,37299
192,37320
216,37417
409,37420
220,37432
262,37463
279,37535
407,37535
280,37536
125,37619
126,37620
265,37630
216,37718
152,37768
250,37824
116,37997
216,38069
422,38092
423,38093
424,38094
124,38141
125,38142
404,38149
211,38184
212,38185
430,38251
431,38252
404,38326
218,38423
221,38531
422,38539
278,38541
406,38541
279,38542
407,38542
280,38543
404,38585
405,38586
356,38597
405,38622
161,38659
369,38887
153,38905
220,39065
180,39123
161,39241
162,39242
191,39430
424,39436
162,39460
163,39461
424,39479
152,39595
262,39658
297,39703
376,39750
377,39751
192,39823
414,39908
192,39934
422,39967
152,39981
153,39982
161,40111
116,40209
404,40280
152,40284
152,40312
192,40361
153,40477
237,40677
161,40780
414,41057
287,41067
405,41319
374,41332
233,41463
380,41520
381,41521
163,41533
299,41547
400,41615
143,41659
239,41662
258,41668
192,41671
152,41731
404,41743
356,41799
152,41867
404,41903
192,41917
193,41918
422,41925
152,41949
422,42017
422,42109
423,42110
359,42145
192,42214
152,42315
125,42319
427,42326
422,42349
258,42532
148,42564
219,42666
217,42677
161,42679
422,42799
148,42808
192,42817
125,42850
431,42921
423,43074
424,43075
143,43127
422,43177
423,43178
163,43200
192,43255
422,43383
414,43397
277,43454
404,43626
405,43627
218,43875
219,43876
191,44232
262,44653
216,44781
277,44881
429,44957
276,44993
404,45044
405,45045
163,45070
217,45079
404,45107
443,45113
143,45136
408,45294
161,45337
162,45338
217,45411
408,45489
404,45539
237,45547
368,45566
192,45586
392,45716
113,45877
404,45983
378,46024
404,46061
400,46063
212,46304
304,46335
116,46381
409,46386
262,46433
192,46632
210,46696
464,46730
216,46733
422,46747
148,46851
376,46886
377,46887
443,47012
376,47118
377,47119
422,47182
171,47242
378,47300
152,47312
153,47313
296,47513
297,47514
443,47581
356,47590
161,47690
297,47709
464,47790
465,47791
216,47792
217,47816
161,47818
192,47823
404,47843
153,47877
278,47885
406,47885
279,47886
407,47886
280,47887
152,47899
404,47919
192,47967
158,47977
161,48093
404,48116
422,48138
221,48139
460,48177
392,48221
404,48314
341,48338
211,48339
422,48387
338,48489
339,48490
192,48600
215,48607
216,48608
217,48609
218,48610
219,48611
162,48760
422,48783
192,48794
219,48835
220,48836
368,48905
192,48934
216,48990
116,49071
162,49132
163,49133
429,49152
399,49220
192,49246
210,49314
429,49426
422,49430
404,49552
422,49619
380,49628
381,49629
429,49674
217,49825
242,49830
429,49866
161,49911
162,50041
404,50080
216,50126
192,50268
424,50408
378,50410
422,50432
464,50483
465,50484
431,50606
368,50742
277,50806
192,50820
404,50887
374,50889
428,50906
429,50907
301,50994
216,51132
424,51206
443,51269
429,51300
221,51322
431,51328
429,51364
430,51365
443,51502
429,51521
192,51540
378,51550
422,51555
439,51594
423,51642
400,51647
401,51648
359,51768
422,51879
404,51988
423,52031
424,52069
309,52124
153,52183
242,52211
429,52263
409,52323
373,52372
374,52373
220,52382
423,52600
298,52791
422,52801
423,52802
461,52816
143,52861
217,53022
192,53076
193,53077
429,53079
443,53095
216,53105
426,53214
376,53276
377,53277
158,53471
277,53473
428,53543
429,53544
158,53731
429,53782
215,53937
210,53975
116,54018
192,54054
216,54215
125,54219
381,54377
405,54490
423,54512
431,54520
192,54579
414,54596
465,54611
422,54703
192,54723
414,54779
216,54859
404,54861
369,54866
429,54970
404,55064
153,55259
429,55335
161,55341
404,55457
424,55474
422,55549
221,55550
193,55555
429,55557
390,55605
192,55608
148,55634
216,55705
278,55708
406,55708
279,55709
407,55709
404,55730
116,55812
431,55814
404,56056
116,56149
422,56153
443,56167
294,56189
221,56345
152,56475
116,56509
429,56538
192,56672
216,56768
192,56860
422,56877
278,57013
406,57013
279,57014
407,57014
280,57015
192,57051
443,57074
422,57093
256,57104
233,57218
211,57247
405,57298
220,57317
439,57357
404,57504
152,57510
404,57581
258,57588
163,57627
377,57732
423,57775
192,57805
376,57849
373,57925
374,57926
422,58041
221,58042
374,58120
375,58121
277,58155
405,58177
301,58194
295,58287
404,58349
152,58409
414,58419
408,58565
116,58581
392,58680
430,58883
391,58888
220,58927
423,58928
116,58970
431,58972
422,58988
351,59138
153,59193
341,59206
315,59322
316,59323
373,59419
400,59420
401,59421
404,59437
461,59566
125,59572
277,59578
278,59579
406,59579
219,59621
220,59622
423,59623
192,59655
428,59661
429,59662
219,59785
148,59788
