348,33
175,44
176,45
409,69
450,86
451,87
237,125
238,126
192,163
416,284
447,286
448,287
443,373
447,392
129,415
128,453
129,454
467,739
447,793
501,797
192,842
466,867
112,943
130,959
131,960
423,1073
183,1094
467,1107
244,1129
304,1136
149,1240
109,1253
189,1262
143,1316
159,1316
200,1355
203,1364
512,1425
133,1499
134,1500
135,1501
387,1528
268,1541
267,1546
168,1561
383,1569
200,1574
201,1575
143,1592
159,1592
144,1593
447,1639
201,1650
402,1755
497,1823
135,1888
497,1949
498,1950
192,2094
161,2160
499,2171
203,2212
501,2269
111,2326
137,2442
135,2514
160,2522
500,2522
501,2523
502,2524
467,2538
167,2551
168,2552
135,2581
152,2626
466,2643
512,2691
407,2708
501,2826
389,2870
135,2881
409,2904
383,2952
467,3010
383,3042
143,3059
159,3059
143,3077
159,3077
339,3088
144,3117
143,3179
159,3179
143,3191
159,3191
383,3201
135,3223
507,3236
192,3242
193,3243
238,3272
467,3324
127,3344
238,3425
135,3610
135,3625
348,3646
335,3678
111,3756
383,3759
160,3842
500,3842
143,3886
159,3886
160,3887
500,3887
501,3888
502,3889
378,3891
144,3912
128,3927
304,3960
135,3967
511,3982
497,3990
201,4019
85,4041
388,4056
389,4057
201,4071
501,4138
205,4211
168,4239
382,4255
160,4280
500,4280
501,4281
466,4289
501,4390
146,4422
501,4498
385,4511
149,4516
248,4577
176,4593
201,4596
512,4719
469,4740
501,4850
113,4865
373,4869
205,4946
143,4949
159,4949
160,4950
500,4950
501,4951
192,4954
193,4955
238,4979
497,5062
144,5103
135,5146
135,5282
200,5299
201,5300
338,5417
512,5453
416,5469
447,5471
388,5484
389,5485
443,5500
128,5504
129,5505
112,5514
140,5555
114,5566
239,5629
240,5630
150,5700
373,5849
168,5886
146,5910
122,5911
192,6059
86,6112
135,6241
112,6287
385,6348
386,6349
143,6386
159,6386
499,6419
467,6462
497,6522
498,6523
499,6524
160,6525
500,6525
161,6526
137,6531
384,6596
387,6664
86,6675
201,6708
236,6726
375,6735
237,6949
388,7146
389,7147
129,7225
128,7348
129,7349
147,7367
114,7451
135,7459
112,7487
465,7695
158,7749
143,7750
159,7750
160,7751
500,7751
473,7907
143,7910
159,7910
160,7911
500,7911
335,7927
348,7948
147,7987
135,7999
161,8014
179,8041
447,8068
390,8189
443,8195
200,8213
201,8214
190,8262
191,8263
130,8305
384,8553
132,8656
133,8657
134,8658
304,8808
400,8815
501,8842
127,8927
447,8988
301,9004
239,9040
240,9041
201,9058
279,9107
114,9122
149,9265
383,9268
146,9287
383,9324
143,9465
159,9465
133,9635
152,9652
153,9653
370,9840
512,9894
160,9942
500,9942
201,9952
364,9968
387,9992
161,10091
162,10092
112,10097
113,10098
382,10275
384,10300
402,10366
409,10380
201,10399
135,10492
235,10502
385,10508
143,10583
159,10583
373,10649
374,10650
383,10836
115,10841
111,10843
87,10847
149,10873
150,10874
382,10895
143,10913
159,10913
144,10914
200,10937
201,10938
382,10952
383,10953
127,11041
112,11079
360,11245
465,11300
117,11348
111,11360
112,11361
149,11371
501,11379
237,11470
470,11485
382,11495
114,11542
115,11543
135,11548
512,11597
201,11635
383,11722
383,11796
135,11800
511,11892
382,11898
87,11962
337,12246
338,12247
192,12271
501,12324
239,12354
240,12355
346,12394
238,12411
129,12438
467,12487
383,12567
384,12582
509,12590
146,12601
147,12602
148,12603
149,12604
150,12605
497,12680
501,12790
135,12813
390,12846
497,12882
383,13083
86,13113
135,13152
507,13180
382,13196
135,13238
335,13413
467,13586
144,13619
364,13686
237,13696
250,13758
85,13807
144,13844
396,13876
337,13908
149,13921
150,13922
151,13923
383,13943
509,13965
129,13974
200,14038
201,14039
149,14083
150,14084
151,14085
164,14089
250,14094
164,14098
382,14116
135,14133
388,14138
389,14139
200,14154
382,14180
161,14270
387,14304
135,14331
193,14425
408,14427
201,14438
135,14493
87,14584
161,14731
135,14739
145,14743
387,14766
385,14791
237,14809
511,14820
512,14821
201,14861
201,14880
375,14884
450,14892
335,14937
390,14986
147,15079
148,15080
145,15157
146,15158
85,15172
160,15185
500,15185
237,15253
238,15254
443,15259
385,15330
135,15370
86,15401
382,15466
503,15484
409,15613
409,15654
370,15683
135,15723
512,15806
135,15832
239,15887
385,15910
114,15913
115,15914
383,15968
135,16149
251,16178
386,16181
382,16182
114,16206
443,16224
149,16281
133,16307
134,16308
447,16340
373,16344
146,16352
147,16353
395,16401
443,16408
348,16416
501,16429
467,16437
122,16468
111,16482
135,16524
447,16562
161,16658
160,16715
500,16715
502,16734
385,16768
501,16819
511,16875
135,16893
373,16917
134,16970
129,16983
347,16999
385,17229
183,17267
403,17268
404,17269
183,17278
385,17374
135,17388
382,17399
179,17404
115,17420
314,17423
136,17428
111,17508
467,17522
192,17605
335,17634
240,17642
135,17667
237,17776
372,17837
373,17838
382,17930
512,17956
443,17998
183,18006
239,18069
240,18070
300,18097
183,18131
467,18137
384,18222
467,18298
191,18303
501,18311
135,18336
383,18374
135,18378
388,18401
133,18406
134,18407
114,18492
382,18510
135,18655
86,18693
135,18712
136,18713
416,18767
511,18770
512,18771
330,18875
157,18917
467,18940
144,18946
145,18947
146,18948
183,19010
443,19069
304,19112
143,19126
159,19126
160,19127
500,19127
347,19320
348,19321
238,19356
473,19390
385,19426
114,19429
382,19614
443,19732
382,19816
361,20029
497,20048
498,20049
499,20050
167,20070
147,20115
390,20141
135,20169
238,20178
382,20202
164,20251
129,20313
130,20314
131,20315
86,20378
145,20407
143,20413
159,20413
467,20445
135,20496
150,20612
192,20620
384,20647
272,20669
117,20670
384,20739
385,20740
512,20773
330,20831
161,20883
382,20893
390,20944
390,20977
348,20980
301,21012
467,21059
501,21093
502,21094
473,21243
122,21274
137,21290
143,21445
159,21445
144,21446
237,21495
238,21496
201,21518
201,21539
512,21557
167,21614
402,21704
387,21712
322,21833
501,21846
388,21888
389,21889
390,21890
200,21935
201,21936
383,21981
499,22019
144,22020
390,22026
382,22029
501,22128
184,22170
148,22188
203,22191
387,22325
388,22326
149,22339
114,22355
388,22359
470,22504
201,22536
382,22593
497,22804
237,22820
238,22821
382,22835
383,22836
183,22868
184,22869
470,22870
390,22883
391,22884
237,22904
238,22905
501,22929
205,22950
143,22953
159,22953
160,22954
500,22954
501,22955
135,23005
135,23065
348,23181
383,23205
137,23253
392,23371
387,23377
135,23401
335,23439
511,23528
400,23552
467,23589
183,23666
390,23792
328,23825
497,23863
135,23872
382,23978
501,24000
157,24012
158,24013
143,24014
159,24014
416,24026
467,24053
512,24064
447,24124
448,24125
337,24173
109,24192
183,24358
306,24437
511,24450
404,24561
238,24589
147,24592
382,24647
158,24832
143,24833
159,24833
145,24989
402,24999
501,25005
502,25008
382,25013
383,25014
382,25043
383,25044
336,25116
499,25170
150,25182
330,25221
132,25266
294,25309
295,25310
501,25357
201,25529
136,25531
382,25557
168,25577
456,25578
200,25641
201,25642
112,25858
382,25900
130,25930
382,25941
133,25954
465,25981
135,25989
373,25995
467,26016
135,26061
128,26063
129,26064
384,26093
423,26121
114,26241
201,26378
447,26382
443,26389
467,26472
337,26515
109,26521
390,26526
143,26550
159,26550
245,26561
512,26573
112,26656
497,26732
146,26739
122,26740
373,27035
129,27039
385,27058
386,27059
382,27060
116,27077
387,27090
137,27121
250,27158
240,27184
387,27219
238,27304
203,27314
268,27331
129,27386
130,27387
131,27388
145,27395
301,27508
330,27536
331,27537
346,27571
507,27595
179,27619
382,27626
143,27660
159,27660
160,27661
500,27661
501,27662
502,27663
390,27666
497,27749
157,27757
147,27767
137,27792
512,27862
129,27886
130,27887
131,27888
375,27955
447,27969
469,28015
149,28023
150,28024
335,28049
147,28062
400,28098
401,28099
402,28100
147,28152
148,28153
385,28171
386,28172
382,28173
409,28208
192,28277
179,28314
390,28334
137,28341
346,28439
183,28464
347,28496
383,28509
143,28533
159,28533
149,28639
466,28650
507,28652
374,28702
136,28706
239,28729
390,28847
183,28856
240,28874
501,28878
192,28897
85,28908
250,28912
146,28947
147,28948
157,28949
348,28954
205,28959
468,29030
469,29031
501,29120
136,29169
137,29170
136,29228
382,29249
146,29283
122,29284
143,29392
159,29392
497,29426
164,29474
396,29541
375,29587
113,29687
501,29698
502,29699
503,29700
238,29765
239,29766
501,29774
499,29792
146,29811
147,29812
270,29848
501,29858
146,29983
147,29984
495,29997
496,29998
507,30016
473,30133
304,30221
143,30348
159,30348
160,30349
500,30349
135,30433
335,30457
336,30458
339,30508
111,30530
383,30533
384,30534
456,30539
457,30540
143,30551
159,30551
143,30586
159,30586
146,30655
122,30656
387,30682
304,30711
148,30788
137,30799
201,30805
200,30807
201,30808
200,30810
201,30811
136,30813
137,30814
337,30897
502,30913
162,30914
499,30980
160,30981
500,30981
501,30982
501,31045
502,31046
273,31053
274,31054
200,31069
201,31070
501,31165
501,31330
135,31355
192,31360
193,31361
363,31362
382,31391
383,31392
382,31402
383,31546
467,31618
148,31625
147,31644
241,31658
237,31673
238,31674
135,31828
390,31948
192,31954
193,31955
363,31956
192,31968
238,31978
467,32003
390,32038
511,32099
512,32100
145,32110
389,32123
409,32131
443,32228
201,32253
498,32300
499,32301
135,32327
135,32378
382,32478
383,32479
390,32518
512,32547
147,32553
447,32587
135,32604
443,32764
444,32765
238,32773
164,32778
395,32801
396,32802
144,32835
192,32911
136,32919
205,32920
499,32924
160,32925
500,32925
135,32930
157,32944
160,33120
500,33120
499,33123
144,33124
145,33125
146,33126
466,33146
135,33158
136,33159
140,33176
141,33177
142,33178
463,33193
464,33194
466,33307
467,33308
498,33339
499,33340
143,33357
159,33357
160,33358
500,33358
183,33361
301,33376
241,33383
267,33595
383,33714
143,33722
159,33722
112,33799
113,33800
388,33826
389,33827
390,33828
168,33846
201,33883
192,33902
147,33912
157,33913
147,33956
148,33957
192,33993
501,34100
468,34104
446,34119
447,34120
382,34188
443,34194
161,34217
511,34268
512,34269
338,34275
339,34276
501,34287
160,34336
500,34336
501,34337
164,34352
404,34365
114,34421
113,34424
382,34457
296,34487
448,34500
238,34544
137,34670
272,34672
382,34730
447,34749
443,34760
132,34763
384,34802
387,34811
200,34837
201,34838
373,34861
374,34862
135,34884
499,34974
144,34975
85,35000
467,35058
335,35119
145,35171
164,35188
147,35204
443,35433
137,35468
112,35504
113,35505
337,35514
267,35605
239,35664
240,35665
145,35837
383,35906
416,35923
447,35925
448,35926
241,36121
237,36151
238,36152
507,36160
501,36199
146,36204
147,36205
268,36223
201,36269
306,36337
131,36471
149,36475
150,36476
273,36515
146,36645
147,36646
390,36692
147,36739
499,36771
144,36772
383,36886
237,36894
238,36895
200,36922
201,36923
183,36930
237,36972
238,36973
237,36978
147,37060
203,37083
240,37087
497,37143
501,37253
135,37273
158,37323
143,37353
159,37353
160,37354
500,37354
501,37355
502,37356
143,37431
159,37431
144,37432
143,37478
159,37478
160,37479
500,37479
138,37552
502,37592
503,37593
146,37608
183,37667
133,37731
348,37786
409,37851
147,37867
148,37868
240,37889
137,37930
133,37942
134,37943
148,38012
244,38065
269,38111
408,38114
409,38115
382,38123
192,38127
146,38151
147,38152
145,38189
146,38190
337,38218
201,38253
466,38362
148,38383
145,38434
146,38435
122,38436
147,38558
135,38630
396,38643
127,38735
330,38782
117,38878
497,38923
192,39036
143,39064
159,39064
144,39065
145,39105
383,39155
335,39215
336,39216
416,39272
192,39288
382,39318
383,39319
392,39386
153,39482
110,39496
469,39499
392,39500
86,39532
184,39538
382,39612
383,39613
512,39647
147,39653
157,39654
467,39699
339,39797
466,39819
347,39884
383,39927
384,39928
146,39961
137,40005
192,40035
112,40085
135,40096
135,40128
443,40188
507,40316
409,40355
382,40419
192,40423
146,40450
167,40523
383,40543
512,40572
158,40776
143,40777
159,40777
168,40816
169,40817
135,40824
147,40847
306,40895
400,41023
200,41026
201,41027
128,41030
129,41031
387,41154
501,41292
149,41312
150,41313
496,41379
428,41393
466,41432
330,41438
447,41461
448,41462
270,41527
382,41634
203,41668
111,41689
348,41760
446,41877
237,41938
238,41939
466,42036
507,42038
463,42066
464,42067
114,42175
145,42297
129,42357
130,42358
237,42379
238,42380
466,42498
152,42502
153,42503
135,42515
203,42532
300,42549
237,42566
237,42615
447,42625
448,42626
129,42660
130,42661
499,42666
160,42667
500,42667
240,42673
382,42714
184,42822
470,42823
236,42828
237,42829
238,42830
201,42922
238,42953
405,42966
406,42967
466,43023
348,43059
507,43092
304,43172
383,43191
384,43251
467,43326
467,43441
447,43561
448,43562
387,43608
135,43630
147,43637
239,43639
240,43640
241,43641
497,43651
135,43676
136,43677
240,43754
241,43763
86,43774
87,43775
466,43780
375,43820
464,43872
499,43876
135,43917
136,43918
205,43919
240,43946
322,43971
192,43999
389,44019
160,44088
500,44088
136,44100
205,44101
447,44152
474,44217
136,44255
137,44256
507,44264
346,44372
347,44373
86,44395
184,44469
204,44512
161,44527
135,44563
413,44623
164,44631
347,44687
179,44763
112,44771
512,44816
511,44936
200,44976
201,44977
383,44984
384,44985
248,44992
497,45061
384,45120
304,45144
446,45147
200,45152
201,45153
240,45158
269,45172
385,45295
114,45298
339,45452
447,45592
112,45693
511,45758
512,45759
304,45808
238,45911
469,46047
446,46074
447,46075
448,46076
135,46119
339,46175
238,46205
122,46208
383,46251
466,46260
115,46538
272,46542
135,46612
147,46660
86,46683
192,46736
348,46775
135,47019
239,47024
240,47025
339,47041
495,47176
496,47177
135,47240
239,47254
135,47275
237,47307
238,47308
149,47314
150,47315
151,47316
168,47322
122,47327
152,47356
153,47357
167,47371
175,47378
176,47379
200,47386
201,47387
192,47392
200,47398
201,47399
348,47418
335,47521
336,47522
337,47523
338,47524
339,47525
178,47539
179,47540
183,47567
403,47584
348,47598
446,47633
447,47634
448,47635
128,47656
129,47657
135,47727
304,47749
405,47813
406,47814
468,47819
112,47853
113,47854
383,47883
467,47913
467,47925
135,48015
140,48089
85,48175
512,48187
507,48240
512,48263
130,48280
512,48370
169,48539
512,48548
139,48604
499,48611
160,48631
500,48631
501,48632
384,48777
499,48835
144,48836
470,48886
128,48982
129,48983
130,48984
161,48992
162,49026
238,49033
469,49215
385,49350
386,49351
382,49352
240,49371
241,49372
382,49379
383,49380
450,49467
128,49528
129,49529
385,49554
238,49588
495,49591
496,49592
382,49610
240,49638
382,49718
383,49719
497,49800
136,49822
205,49823
370,49931
192,49940
383,49966
466,50039
467,50040
129,50142
147,50185
497,50220
382,50231
383,50232
466,50300
507,50302
347,50389
145,50433
146,50434
147,50435
149,50440
150,50441
239,50454
240,50455
200,50515
347,50554
201,50607
497,50622
383,50636
501,50645
146,50648
147,50649
157,50650
339,50662
382,50687
497,50712
129,50752
314,50779
402,50783
112,50845
113,50846
122,50905
370,50913
361,50915
201,50961
147,50998
148,50999
383,51072
395,51081
396,51082
85,51104
164,51121
135,51166
86,51224
200,51272
201,51273
509,51313
135,51414
335,51460
336,51461
348,51497
443,51561
390,51680
447,51798
149,51829
150,51830
239,51857
240,51858
241,51859
466,51911
467,51912
507,51929
135,51945
387,51957
143,51986
159,51986
160,51987
500,51987
348,52013
443,52166
444,52167
466,52207
469,52244
470,52245
314,52267
384,52322
167,52327
143,52381
159,52381
144,52382
402,52390
184,52391
392,52392
168,52395
145,52427
146,52428
147,52429
168,52438
466,52527
112,52616
113,52617
147,52714
239,52716
390,52722
85,52729
110,52731
512,52850
145,52871
495,52873
496,52874
117,53007
147,53038
148,53039
134,53072
135,53073
238,53116
86,53121
495,53206
467,53225
337,53247
512,53312
382,53393
140,53420
112,53507
382,53515
200,53551
201,53552
512,53567
501,53605
237,53622
385,53652
386,53653
382,53654
175,53678
176,53679
384,53756
512,53839
509,53851
112,53917
113,53918
237,54030
396,54037
135,54140
135,54266
192,54336
373,54382
201,54484
135,54493
192,54505
139,54508
140,54509
201,54521
378,54543
127,54577
467,54614
466,54644
339,54664
495,54670
496,54671
473,54701
385,54705
135,54761
135,54810
405,54878
406,54879
111,54975
337,55032
382,55046
383,55047
168,55073
205,55130
129,55148
423,55161
338,55170
192,55190
149,55260
150,55261
456,55291
457,55292
147,55373
183,55416
192,55459
168,55529
135,55573
136,55574
347,55618
127,55627
168,55638
497,55687
192,55732
201,55815
304,55970
466,56006
507,56008
443,56058
192,56090
147,56257
148,56258
390,56279
200,56296
201,56297
241,56347
136,56353
168,56367
135,56374
168,56447
149,56485
150,56486
238,56522
201,56566
387,56624
388,56625
143,56631
159,56631
192,56644
183,56654
364,56769
512,56773
473,56783
171,56810
239,56853
149,56863
150,56864
273,56903
166,56914
390,56948
390,57005
143,57100
159,57100
496,57125
164,57160
129,57165
446,57168
497,57208
447,57216
448,57217
135,57280
143,57316
159,57316
144,57317
183,57426
347,57451
388,57575
203,57588
135,57693
335,57713
200,57757
201,57758
443,57776
444,57777
473,57778
129,57780
183,57820
200,57833
201,57834
128,57871
129,57872
129,57914
164,57956
384,58013
237,58050
190,58118
511,58147
512,58148
134,58247
267,58254
201,58283
117,58291
301,58311
138,58313
507,58324
160,58348
500,58348
387,58364
388,58365
389,58366
141,58386
467,58388
387,58397
168,58463
204,58618
137,58619
339,58654
385,58696
501,58711
400,58735
401,58736
158,58740
143,58741
159,58741
272,58845
150,58851
337,58872
384,58877
143,58926
159,58926
144,58927
501,58946
337,58952
338,58953
339,58954
201,58973
389,59020
335,59122
347,59143
143,59172
159,59172
390,59305
128,59316
129,59317
130,59358
348,59369
382,59519
335,59583
499,59621
144,59622
122,59660
507,59708
396,59712
389,59727
499,59785
