509,10
135,13
295,14
296,15
297,16
298,17
511,84
407,129
457,158
477,161
258,251
478,256
359,267
70,289
299,355
102,366
103,367
324,368
324,369
324,370
325,371
100,379
101,380
102,381
358,382
428,390
71,435
489,480
490,481
440,524
489,545
285,579
504,637
124,646
125,647
126,648
322,648
79,649
440,654
146,706
147,707
323,797
324,798
397,827
511,833
179,892
103,936
324,937
324,938
130,960
131,961
102,970
354,974
360,1003
209,1012
109,1013
298,1026
316,1029
326,1029
367,1036
78,1044
105,1046
106,1047
324,1065
325,1066
418,1068
134,1111
521,1131
525,1134
150,1136
528,1136
151,1137
102,1224
511,1292
321,1300
126,1301
322,1301
105,1303
106,1304
440,1383
139,1387
85,1388
140,1388
415,1388
325,1391
439,1400
103,1481
510,1486
417,1517
353,1576
298,1578
103,1580
306,1613
298,1614
524,1627
525,1628
222,1636
428,1637
102,1725
358,1726
139,1757
352,1767
123,1796
179,1806
384,1825
100,1873
101,1874
102,1875
103,1876
298,1917
479,1973
480,1974
207,2001
28,2056
267,2122
78,2159
141,2178
298,2197
103,2199
324,2200
325,2201
78,2268
323,2269
325,2270
316,2271
326,2271
103,2277
324,2278
324,2279
325,2280
151,2301
418,2418
360,2439
346,2442
28,2444
78,2473
168,2474
324,2489
324,2490
324,2491
324,2492
324,2493
128,2495
325,2510
323,2523
382,2584
503,2621
508,2694
509,2695
168,2772
321,2824
126,2825
322,2825
323,2826
325,2827
325,2861
479,2863
511,2884
225,2886
476,2888
477,2889
298,2951
102,2960
440,2994
298,3041
105,3143
106,3144
298,3200
428,3213
218,3239
134,3265
139,3267
352,3276
480,3302
167,3331
168,3332
385,3368
324,3465
324,3466
324,3467
325,3468
358,3478
359,3479
191,3532
439,3584
489,3644
396,3647
397,3648
398,3649
267,3664
223,3678
299,3685
228,3711
440,3714
358,3835
168,3843
526,3848
520,3849
527,3849
124,3883
323,3888
398,3907
399,3908
150,3960
528,3960
151,3961
146,3962
407,4037
307,4055
526,4100
514,4101
515,4101
516,4101
517,4101
518,4101
519,4101
323,4138
324,4139
325,4140
102,4192
338,4195
526,4204
520,4205
527,4205
70,4212
299,4256
323,4281
359,4283
321,4348
126,4349
322,4349
127,4350
126,4357
322,4357
306,4364
298,4365
306,4377
298,4378
76,4387
77,4388
78,4389
323,4390
325,4391
502,4411
503,4412
335,4419
336,4420
407,4423
102,4440
358,4441
359,4442
323,4498
324,4499
439,4600
147,4610
268,4616
106,4634
298,4637
228,4677
95,4694
134,4739
503,4756
124,4795
125,4796
438,4823
335,4829
481,4830
78,4849
323,4850
417,4900
70,4947
323,4951
325,4952
438,4974
79,5150
180,5173
102,5228
358,5229
476,5270
477,5271
382,5377
28,5407
85,5435
140,5435
415,5435
501,5447
78,5448
297,5482
307,5483
126,5497
322,5497
168,5498
341,5533
132,5566
441,5594
526,5601
477,5612
325,5662
353,5674
418,5680
526,5868
168,5933
526,5964
504,5987
334,6044
124,6103
125,6104
418,6158
228,6165
526,6201
78,6204
79,6205
359,6206
352,6215
439,6282
440,6283
298,6318
504,6321
481,6327
102,6345
103,6363
324,6364
325,6365
78,6409
168,6410
477,6448
353,6484
385,6503
346,6531
267,6556
360,6587
418,6607
419,6608
285,6624
308,6665
215,6687
216,6688
316,6828
326,6828
383,6861
418,6875
479,6881
480,6882
359,6897
168,6916
180,6936
170,6940
86,7011
416,7011
441,7027
297,7030
307,7145
385,7381
132,7451
418,7492
505,7503
504,7512
168,7520
477,7525
325,7581
438,7603
439,7604
102,7610
76,7670
77,7671
143,7674
144,7675
145,7676
146,7677
168,7752
267,7798
321,7842
124,7858
480,7896
222,7926
223,7927
367,7947
396,7949
151,7950
222,7979
406,8044
407,8045
162,8061
358,8110
126,8126
322,8126
168,8127
418,8129
477,8193
124,8206
125,8207
477,8218
418,8220
353,8386
383,8466
384,8467
400,8502
503,8572
85,8669
140,8669
415,8669
86,8670
416,8670
102,8674
505,8751
197,8775
150,8808
528,8808
151,8809
78,8841
323,8842
325,8843
418,8878
396,8994
151,8995
146,8996
394,9004
458,9004
165,9011
166,9012
353,9059
267,9094
132,9122
489,9146
371,9150
378,9194
166,9204
85,9305
140,9305
415,9305
481,9333
482,9334
489,9365
228,9405
440,9408
511,9418
305,9439
267,9453
95,9513
439,9566
489,9638
441,9684
354,9686
383,9824
79,9943
228,10038
417,10107
361,10144
106,10217
371,10244
299,10276
489,10367
190,10437
102,10440
371,10448
267,10594
228,10629
440,10632
146,10667
142,10694
313,10713
106,10716
511,10747
227,10748
190,10752
102,10755
298,10835
126,10857
322,10857
168,10858
353,10939
439,11017
298,11047
478,11086
396,11202
151,11203
298,11236
267,11310
506,11314
323,11379
324,11380
325,11381
418,11383
267,11394
418,11399
331,11412
298,11441
298,11526
103,11528
132,11542
477,11551
95,11568
361,11676
435,11710
298,11721
299,11738
139,11774
352,11792
353,11793
298,11795
477,11850
479,11902
480,11903
124,11965
125,11966
78,12058
168,12059
299,12099
78,12204
168,12205
477,12213
106,12231
298,12263
323,12324
359,12326
341,12458
198,12462
324,12550
477,12573
102,12598
316,12600
326,12600
441,12622
227,12631
384,12682
385,12683
418,12715
78,12789
323,12790
324,12791
106,12821
298,12833
479,12860
480,12861
124,12922
167,12936
168,12937
152,12968
489,13050
151,13096
102,13120
440,13167
358,13198
221,13217
222,13218
189,13259
124,13279
222,13412
223,13413
367,13438
418,13522
358,13534
228,13562
352,13593
526,13608
514,13609
515,13609
516,13609
517,13609
518,13609
519,13609
441,13626
441,13691
441,13698
228,13718
398,13736
383,13867
439,13882
352,13887
440,13920
298,13942
83,13967
84,13968
85,13969
140,13969
415,13969
358,14182
78,14269
308,14305
247,14433
335,14488
336,14489
308,14506
191,14521
126,14543
322,14543
168,14544
78,14730
477,14742
308,14767
85,14910
140,14910
415,14910
86,14911
416,14911
428,14920
152,14926
400,14929
222,14936
223,14937
228,14939
267,14997
505,15032
383,15089
227,15106
228,15107
440,15110
102,15164
79,15186
481,15213
307,15285
511,15373
161,15374
396,15375
151,15376
146,15377
85,15417
140,15417
415,15417
86,15418
416,15418
477,15425
384,15431
511,15442
441,15600
439,15610
267,15618
418,15623
383,15635
439,15651
124,15773
125,15774
335,15782
336,15783
124,15855
439,15885
102,15901
132,15913
285,15924
297,15930
298,15931
221,15944
103,16061
418,16072
526,16102
514,16103
515,16103
516,16103
517,16103
518,16103
519,16103
299,16183
439,16189
267,16197
132,16206
298,16238
358,16240
359,16241
360,16242
418,16277
336,16314
337,16315
307,16390
418,16399
162,16417
323,16429
405,16466
406,16467
385,16534
71,16617
110,16632
111,16633
503,16639
504,16640
321,16656
126,16657
322,16657
353,16683
167,16698
168,16699
168,16716
119,16719
122,16727
323,16819
324,16820
477,17009
336,17033
298,17073
299,17074
439,17083
440,17084
28,17113
468,17137
395,17152
396,17153
151,17154
77,17187
247,17201
87,17214
88,17215
480,17225
88,17263
489,17279
336,17312
477,17336
478,17337
102,17355
477,17384
196,17428
353,17462
85,17488
140,17488
415,17488
384,17491
247,17492
489,17501
267,17516
382,17547
102,17571
352,17576
476,17587
477,17588
124,17625
222,17633
223,17634
78,17723
285,17729
306,17747
298,17748
358,17750
514,17754
515,17754
516,17754
517,17754
518,17754
519,17754
308,17810
84,17847
85,17848
140,17848
415,17848
504,17885
306,18001
298,18002
168,18017
225,18023
226,18024
161,18025
162,18026
435,18096
393,18097
418,18304
368,18308
77,18309
78,18310
323,18311
78,18329
79,18330
342,18381
152,18382
298,18437
299,18438
441,18469
132,18492
124,18527
125,18528
102,18573
102,18620
439,18643
196,18713
85,18819
140,18819
415,18819
86,18820
416,18820
335,18866
481,18867
477,18885
407,18949
178,18956
295,19012
95,19020
479,19076
480,19077
150,19112
528,19112
151,19113
168,19128
316,19129
326,19129
106,19235
506,19305
441,19347
477,19392
417,19409
477,19418
478,19419
132,19429
146,19556
299,19615
102,19672
406,19695
407,19696
123,19714
124,19715
215,19793
103,19818
298,19840
353,19851
361,19929
191,19935
106,19959
141,19992
85,20004
140,20004
415,20004
86,20005
416,20005
168,20021
338,20023
438,20068
102,20121
103,20122
324,20123
188,20196
221,20235
325,20245
316,20260
326,20260
130,20315
85,20350
140,20350
415,20350
477,20406
353,20523
298,20525
384,20528
385,20529
106,20545
503,20632
439,20651
225,20668
477,20675
126,20709
322,20709
168,20710
124,20766
418,20782
192,20848
321,20849
124,20880
125,20881
126,20882
322,20882
228,20900
162,20981
394,21012
458,21012
525,21076
526,21077
124,21090
125,21091
126,21092
322,21092
323,21093
179,21133
298,21143
228,21155
124,21161
125,21162
306,21179
298,21180
225,21227
477,21245
346,21290
417,21312
336,21332
103,21347
324,21348
479,21397
480,21398
103,21418
85,21618
140,21618
415,21618
489,21705
308,21713
197,21738
365,21774
366,21775
367,21776
321,21844
126,21845
322,21845
323,21846
325,21847
103,21863
307,21887
476,21951
123,21996
124,21997
124,22006
480,22016
299,22030
440,22041
441,22051
225,22076
267,22086
102,22106
371,22112
323,22128
104,22129
105,22130
106,22131
384,22144
213,22171
214,22172
441,22189
299,22211
207,22232
189,22243
481,22251
134,22322
227,22334
228,22335
440,22338
396,22347
151,22348
146,22349
132,22355
342,22370
152,22371
207,22410
298,22466
221,22469
222,22470
525,22486
221,22529
353,22537
298,22539
306,22614
307,22615
78,22627
221,22629
222,22630
418,22702
412,22705
102,22774
298,22793
191,22858
306,22863
298,22864
323,22929
325,22930
70,22951
323,22955
325,22956
102,22969
221,22971
305,22994
352,23020
438,23033
439,23034
131,23041
197,23050
102,23083
228,23124
371,23177
396,23182
397,23183
346,23253
299,23257
353,23263
85,23357
140,23357
415,23357
141,23358
308,23396
325,23414
222,23438
223,23439
147,23454
505,23520
268,23566
224,23602
225,23603
439,23841
124,23884
323,24000
325,24001
109,24042
477,24045
123,24115
124,24116
476,24194
192,24309
321,24310
383,24312
124,24317
125,24318
306,24392
298,24393
418,24407
371,24475
85,24479
140,24479
415,24479
86,24480
416,24480
102,24526
336,24533
479,24539
126,24607
322,24607
101,24612
78,24692
367,24721
479,24809
480,24810
78,24878
440,24927
168,24950
222,24974
439,24986
166,24987
323,25005
324,25006
324,25007
170,25016
407,25073
524,25099
78,25102
168,25103
298,25167
385,25191
228,25208
191,25219
361,25227
362,25228
106,25323
78,25356
323,25357
221,25359
119,25366
267,25388
267,25400
321,25403
126,25404
322,25404
196,25531
524,25586
160,25595
168,25613
382,25692
360,25694
384,25754
385,25755
102,25763
358,25764
325,25782
352,25845
134,25882
102,25974
169,25976
505,26066
352,26096
503,26112
504,26113
505,26114
439,26130
266,26177
132,26241
382,26258
406,26273
407,26274
95,26440
298,26500
197,26514
95,26599
285,26602
95,26618
360,26784
361,26785
228,26798
489,26852
95,26900
56,26912
382,26939
222,26948
78,27017
221,27019
358,27062
346,27121
225,27122
226,27123
439,27140
385,27162
103,27234
325,27235
418,27237
307,27276
308,27277
321,27333
383,27335
503,27360
504,27361
365,27374
130,27388
147,27408
168,27453
418,27455
305,27490
394,27508
458,27508
69,27509
77,27510
312,27629
323,27662
188,27676
525,27740
526,27741
514,27742
515,27742
516,27742
517,27742
518,27742
519,27742
346,27792
225,27793
95,27805
285,27808
130,27888
102,27892
268,27981
95,28004
134,28014
222,28048
223,28049
102,28079
489,28101
438,28147
439,28148
441,28154
84,28159
85,28160
140,28160
415,28160
141,28161
142,28162
298,28242
222,28292
346,28341
225,28342
85,28351
140,28351
415,28351
128,28360
298,28508
367,28520
476,28546
102,28675
103,28676
324,28677
359,28679
196,28706
163,28749
78,28792
127,28793
128,28794
129,28795
358,28799
218,28805
126,28853
322,28853
489,28857
323,28878
225,28903
226,28904
396,28955
151,28956
146,28957
147,28958
77,28960
502,28961
126,29013
322,29013
102,29026
358,29027
359,29028
360,29039
78,29119
323,29120
104,29121
299,29128
365,29131
85,29134
140,29134
415,29134
359,29137
196,29169
346,29170
347,29171
481,29177
482,29178
134,29211
168,29216
418,29218
196,29228
325,29237
299,29250
435,29267
336,29281
165,29326
360,29369
524,29385
502,29430
503,29431
504,29432
106,29465
441,29486
476,29551
477,29552
190,29631
323,29698
306,29705
383,29711
382,29730
222,29748
477,29751
323,29774
324,29775
360,29795
323,29858
85,30092
140,30092
415,30092
86,30093
416,30093
268,30166
77,30176
78,30177
168,30195
150,30221
528,30221
439,30276
477,30283
367,30286
298,30317
103,30319
324,30320
324,30321
358,30343
168,30350
360,30388
224,30401
225,30402
298,30425
325,30441
223,30457
489,30469
298,30491
105,30494
106,30495
503,30588
504,30589
102,30603
358,30604
359,30605
285,30646
526,30709
520,30710
527,30710
150,30711
528,30711
151,30712
146,30713
79,30756
359,30757
346,30799
196,30813
346,30814
225,30815
503,30875
504,30876
433,30882
103,30910
324,30911
324,30912
321,30970
77,30977
323,30982
359,30984
360,30985
361,30986
225,31027
226,31028
368,31042
77,31043
78,31044
323,31045
209,31061
109,31062
110,31063
353,31071
354,31072
353,31152
354,31153
323,31165
324,31166
325,31167
148,31172
179,31174
481,31192
383,31201
440,31256
77,31328
78,31329
323,31330
324,31331
285,31346
477,31358
419,31385
102,31468
505,31481
362,31503
298,31545
102,31550
221,31552
95,31591
504,31599
441,31626
440,31730
489,31733
168,31788
224,31810
131,31818
228,31868
126,31900
322,31900
139,31950
85,31951
140,31951
415,31951
86,31952
416,31952
417,31953
383,31958
383,31991
526,31999
221,32023
222,32024
407,32029
477,32062
476,32067
102,32114
103,32115
324,32116
325,32117
336,32221
477,32226
106,32250
224,32259
384,32273
225,32371
476,32373
477,32374
383,32397
384,32398
367,32449
368,32450
77,32451
383,32453
384,32454
247,32455
88,32481
222,32584
428,32585
504,32597
441,32664
439,32707
166,32708
382,32730
526,32751
514,32752
515,32752
516,32752
517,32752
518,32752
519,32752
418,32799
417,32815
418,32837
365,32849
118,32850
85,32894
140,32894
415,32894
384,32897
196,32919
77,32921
168,32926
502,32985
102,32993
228,32998
99,33009
100,33010
376,33080
79,33121
123,33143
124,33144
95,33152
196,33159
383,33197
79,33203
359,33204
79,33232
307,33268
308,33269
85,33337
140,33337
415,33337
358,33347
489,33362
394,33376
458,33376
69,33377
77,33378
78,33379
168,33380
506,33387
109,33426
110,33427
111,33428
439,33441
382,33447
398,33473
522,33499
523,33500
524,33501
78,33504
298,33541
504,33544
396,33574
151,33575
146,33576
71,33589
399,33596
476,33671
106,33674
492,33678
134,33687
228,33770
102,33785
167,33790
168,33791
307,33825
440,33857
383,33873
102,33899
526,33971
126,34069
322,34069
168,34070
124,34086
125,34087
78,34099
323,34100
359,34102
476,34135
477,34136
103,34190
324,34191
325,34192
358,34232
126,34254
322,34254
526,34283
78,34286
323,34287
325,34288
167,34292
79,34293
359,34294
360,34295
209,34311
109,34312
323,34337
305,34359
132,34421
110,34479
111,34480
308,34484
207,34554
347,34603
306,34638
298,34639
299,34640
313,34645
321,34650
301,34653
147,34669
346,34670
225,34671
382,34683
371,34693
477,34703
438,34710
406,34722
407,34723
299,34731
222,34746
428,34747
440,34755
247,34776
298,34950
77,34970
78,34971
79,34972
128,35006
476,35015
299,35034
102,35069
102,35081
103,35082
324,35083
123,35113
124,35114
125,35115
222,35118
223,35119
358,35179
352,35209
477,35213
131,35221
168,35238
169,35239
222,35251
162,35280
306,35318
298,35319
151,35368
146,35369
346,35468
225,35469
502,35494
503,35495
197,35513
85,35588
140,35588
415,35588
325,35591
103,35617
325,35618
102,35694
86,35757
416,35757
417,35758
418,35759
353,35769
106,35878
146,35888
398,35900
306,35904
298,35905
134,35932
135,35933
124,35963
418,36038
440,36057
106,36090
160,36103
85,36143
140,36143
415,36143
368,36196
77,36197
78,36198
323,36199
324,36200
324,36201
325,36202
316,36203
326,36203
166,36211
398,36222
85,36343
140,36343
415,36343
86,36344
416,36344
168,36350
124,36407
125,36408
503,36410
504,36411
168,36428
503,36469
129,36470
130,36471
131,36472
85,36494
140,36494
415,36494
86,36495
416,36495
417,36496
418,36497
117,36506
352,36550
353,36551
298,36553
353,36573
298,36617
525,36698
526,36699
131,36718
406,36738
298,36748
207,36797
298,36834
347,36947
348,36948
441,36967
106,37012
299,37070
441,37081
168,37129
384,37145
440,37205
323,37253
221,37255
323,37355
85,37361
140,37361
415,37361
85,37487
140,37487
415,37487
221,37491
298,37525
360,37528
102,37589
103,37590
324,37591
365,37595
407,37609
298,37682
526,37715
514,37716
515,37716
516,37716
517,37716
518,37716
519,37716
321,37724
162,37787
124,37819
102,37841
134,37902
124,37923
125,37924
346,37930
225,37931
102,37959
299,37995
207,38018
296,38025
297,38026
298,38027
299,38028
85,38050
140,38050
415,38050
86,38051
416,38051
417,38052
526,38066
514,38067
515,38067
516,38067
517,38067
518,38067
519,38067
478,38071
477,38092
78,38148
168,38149
316,38150
326,38150
103,38164
324,38165
325,38166
226,38216
504,38263
505,38264
383,38274
78,38325
168,38326
111,38370
266,38379
441,38384
103,38391
324,38392
324,38393
324,38394
124,38414
125,38415
383,38417
119,38516
477,38539
508,38581
168,38585
124,38604
125,38605
222,38608
191,38639
85,38742
140,38742
415,38742
141,38743
365,38769
100,38828
101,38829
312,38854
439,38904
440,38905
86,39034
416,39034
417,39035
112,39118
347,39174
102,39200
131,39210
223,39215
88,39249
307,39257
417,39287
267,39343
384,39348
383,39375
441,39503
266,39506
126,39544
322,39544
371,39551
166,39596
352,39620
179,39671
407,39681
307,39711
308,39712
207,39765
147,39857
296,39924
297,39925
298,39926
419,39936
477,39967
440,39982
346,40005
336,40018
337,40019
406,40027
162,40078
102,40185
298,40205
336,40222
228,40252
168,40280
418,40306
227,40317
440,40477
102,40485
169,40487
298,40542
316,40578
326,40578
308,40585
476,40632
106,40635
85,40641
140,40641
415,40641
511,40649
384,40664
95,40671
396,40732
151,40733
146,40734
141,40759
104,40786
105,40787
106,40788
406,40846
489,40879
222,40891
385,40981
417,41183
418,41184
78,41291
323,41292
325,41293
102,41317
478,41447
479,41448
480,41449
336,41450
179,41465
382,41497
383,41498
191,41525
95,41532
406,41563
95,41606
336,41613
85,41625
140,41625
415,41625
102,41683
126,41742
322,41742
168,41743
396,41761
151,41762
102,41789
481,41806
482,41807
124,41823
125,41824
168,41903
477,41925
222,41965
428,41966
382,41999
476,42016
477,42017
124,42034
161,42039
299,42055
126,42069
322,42069
511,42093
347,42095
348,42096
441,42103
209,42105
109,42106
477,42109
504,42115
132,42175
151,42186
146,42187
371,42224
477,42349
299,42361
511,42428
347,42430
102,42437
435,42548
393,42549
247,42595
225,42628
226,42629
321,42636
102,42726
353,42772
71,42781
102,42791
418,42794
477,42799
298,42805
511,42840
418,42882
371,43030
162,43060
163,43061
227,43093
412,43137
525,43170
150,43172
528,43172
151,43173
146,43174
477,43177
124,43297
267,43341
477,43383
441,43445
266,43448
267,43449
102,43529
476,43537
503,43548
347,43564
348,43565
191,43592
168,43626
406,43636
196,43677
267,43699
353,43704
124,43778
457,43783
398,43904
196,43918
77,43920
502,43921
124,44004
125,44005
360,44008
361,44009
196,44100
77,44102
78,44103
79,44104
481,44195
482,44196
196,44255
346,44256
161,44265
396,44266
151,44267
511,44306
503,44408
417,44456
213,44470
214,44471
107,44500
345,44512
197,44513
228,44689
188,44711
268,44773
146,44886
406,44896
407,44897
397,44939
439,45031
78,45043
168,45044
489,45055
383,45080
457,45091
168,45107
526,45142
520,45143
527,45143
150,45144
528,45144
228,45166
526,45174
520,45175
527,45175
85,45210
140,45210
415,45210
128,45213
504,45214
299,45229
417,45248
360,45273
267,45276
268,45277
132,45298
102,45319
298,45334
247,45363
141,45398
383,45412
169,45442
439,45469
298,45475
167,45538
168,45539
335,45580
336,45581
439,45617
385,45649
102,45697
257,45704
207,45723
150,45808
528,45808
151,45809
146,45810
147,45811
350,45876
384,45894
476,45981
168,45983
169,45984
134,46046
78,46060
168,46061
228,46078
480,46096
336,46097
418,46136
478,46155
306,46192
298,46193
228,46234
418,46253
476,46310
332,46335
299,46458
335,46503
336,46504
222,46514
225,46541
225,46547
439,46656
417,46688
477,46747
367,46750
225,46752
396,46776
151,46777
146,46778
511,46792
225,46794
226,46795
85,46808
140,46808
415,46808
222,46977
226,47071
227,47072
215,47105
367,47137
358,47162
359,47163
477,47182
371,47197
439,47252
440,47313
406,47326
103,47348
214,47425
526,47437
520,47438
527,47438
507,47446
307,47506
222,47520
223,47521
489,47568
106,47573
197,47576
134,47595
162,47599
397,47614
139,47617
85,47618
140,47618
415,47618
468,47643
469,47644
179,47650
479,47681
480,47682
78,47687
79,47688
359,47689
230,47705
95,47741
150,47749
528,47749
151,47750
78,47842
168,47843
418,47845
439,47876
440,47877
441,47878
297,47881
298,47882
321,47917
126,47918
322,47918
168,47919
112,47997
441,48007
306,48043
298,48044
325,48051
476,48063
168,48116
477,48138
126,48149
322,48149
79,48150
124,48170
102,48209
267,48225
198,48273
124,48277
439,48302
166,48303
168,48314
365,48324
360,48333
384,48345
361,48350
477,48387
418,48389
432,48555
124,48619
323,48632
325,48633
169,48634
71,48707
207,48739
167,48769
221,48771
476,48782
477,48783
439,48845
481,48876
526,48988
78,48991
480,49079
312,49082
313,49083
367,49087
368,49088
77,49089
78,49090
127,49091
412,49102
111,49115
131,49256
524,49273
383,49329
384,49330
102,49347
207,49391
477,49430
85,49451
140,49451
415,49451
439,49494
418,49509
197,49514
439,49522
347,49539
348,49540
126,49551
322,49551
168,49552
479,49577
480,49578
134,49607
103,49612
477,49619
100,49651
90,49664
162,49710
325,49725
228,49758
102,49762
503,49793
504,49794
439,49805
102,49815
196,49822
77,49824
179,49852
124,49907
125,49908
103,49937
325,49938
162,49960
298,49965
179,50005
134,50009
78,50025
127,50026
128,50027
86,50056
416,50056
417,50057
124,50067
125,50068
383,50070
168,50080
102,50091
358,50092
352,50115
124,50134
125,50135
524,50173
502,50176
503,50177
504,50178
406,50184
85,50202
140,50202
415,50202
102,50261
383,50283
418,50293
419,50294
228,50391
477,50432
131,50448
480,50460
481,50461
482,50462
179,50557
85,50594
140,50594
415,50594
323,50645
325,50646
316,50647
326,50647
385,50653
85,50759
140,50759
415,50759
489,50784
198,50790
335,50879
336,50880
126,50886
322,50886
168,50887
406,50904
353,50962
222,51039
353,51051
354,51052
525,51194
102,51384
406,51438
407,51439
222,51459
223,51460
162,51498
481,51509
477,51555
441,51568
489,51579
222,51609
428,51610
285,51619
179,51685
505,51746
162,51780
163,51781
362,51869
477,51879
95,51887
407,51922
168,51988
418,51990
95,52047
396,52131
397,52132
439,52173
439,52182
440,52183
406,52254
102,52405
221,52407
222,52408
382,52411
441,52492
109,52503
85,52514
140,52514
415,52514
383,52541
124,52552
215,52569
384,52605
480,52636
481,52637
124,52645
125,52646
126,52647
322,52647
221,52649
477,52801
360,52814
400,52905
105,52976
106,52977
439,53000
383,53023
398,53068
526,53102
514,53103
515,53103
516,53103
517,53103
518,53103
519,53103
502,53106
503,53107
111,53150
417,53197
511,53262
412,53317
397,53326
131,53367
134,53390
299,53394
298,53406
106,53469
267,53576
268,53577
441,53584
126,53604
322,53604
323,53605
324,53606
335,53649
336,53650
103,53656
503,53684
504,53685
106,53729
418,53734
382,53763
83,53853
84,53854
85,53855
140,53855
415,53855
141,53856
371,53863
187,53973
479,54073
417,54149
511,54157
161,54158
396,54159
151,54160
179,54238
221,54311
367,54319
298,54328
417,54335
207,54342
123,54406
124,54407
179,54418
504,54456
397,54470
353,54485
298,54487
406,54552
418,54661
87,54673
477,54703
131,54769
102,54800
526,54855
514,54856
515,54856
516,54856
517,54856
518,54856
519,54856
514,54857
515,54857
516,54857
517,54857
518,54857
519,54857
78,54860
168,54861
418,54863
335,54900
481,54901
418,54908
126,54956
322,54956
365,54994
366,54995
417,55018
134,55043
78,55063
168,55064
207,55076
502,55105
77,55131
179,55153
191,55182
85,55187
140,55187
415,55187
86,55188
416,55188
417,55189
298,55215
440,55259
131,55332
298,55338
439,55362
481,55414
168,55457
417,55465
71,55481
477,55549
196,55574
225,55620
418,55711
168,55730
407,55759
511,55789
77,55791
78,55792
79,55793
80,55794
81,55795
298,55809
299,55810
353,55816
134,55826
525,55968
150,55970
528,55970
151,55971
306,55973
298,55974
126,56055
322,56055
168,56056
124,56076
86,56103
416,56103
479,56105
480,56106
477,56153
418,56155
95,56159
402,56226
267,56265
268,56266
196,56353
259,56391
95,56460
134,56621
503,56633
504,56634
103,56641
325,56642
95,56726
102,56758
103,56759
324,56760
382,56785
383,56786
98,56810
489,56874
477,56877
124,57063
125,57064
477,57093
407,57181
179,57220
163,57271
324,57296
325,57297
371,57322
358,57332
334,57436
367,57466
124,57481
125,57482
126,57503
322,57503
168,57504
418,57506
371,57526
371,57562
168,57581
169,57582
88,57583
371,57595
397,57635
221,57711
222,57712
223,57713
224,57714
198,57765
191,57838
103,57891
225,57918
336,57930
124,57938
477,58041
123,58076
102,58089
128,58091
129,58092
522,58097
523,58098
385,58111
131,58232
438,58238
353,58284
267,58286
502,58304
503,58305
394,58311
458,58311
168,58349
166,58410
417,58470
417,58518
321,58578
71,58588
345,58618
346,58619
222,58634
100,58657
126,58710
322,58710
323,58711
106,58722
188,58756
189,58757
371,58768
507,58780
85,58802
140,58802
415,58802
371,58825
225,58844
491,58889
323,58946
324,58947
191,58983
476,58987
477,58988
84,59089
298,59118
222,59121
223,59122
440,59193
102,59210
85,59225
140,59225
415,59225
86,59226
416,59226
417,59227
418,59228
478,59253
102,59297
382,59351
396,59370
397,59371
215,59379
168,59437
492,59495
298,59513
299,59520
360,59564
417,59570
222,59582
223,59583
501,59737
502,59738
