146,15
509,39
358,47
433,131
413,147
445,149
49,243
50,244
261,250
489,367
154,368
155,368
156,368
157,368
158,368
316,368
154,369
155,369
156,369
157,369
158,369
316,369
154,370
155,370
156,370
157,370
158,370
316,370
455,452
284,519
456,519
285,538
286,539
332,598
131,648
266,648
288,739
72,765
183,796
314,796
315,797
154,798
155,798
156,798
157,798
158,798
316,798
455,854
489,936
154,937
155,937
156,937
157,937
158,937
316,937
154,938
155,938
156,938
157,938
158,938
316,938
159,939
490,939
50,941
369,972
491,972
265,1000
268,1029
399,1044
336,1045
290,1057
465,1058
154,1065
155,1065
156,1065
157,1065
158,1065
316,1065
288,1107
290,1112
252,1132
204,1156
133,1158
401,1158
171,1168
471,1192
83,1227
457,1256
168,1282
495,1282
131,1301
266,1301
336,1302
334,1316
370,1363
492,1363
359,1366
395,1367
357,1414
454,1414
455,1415
284,1416
456,1416
457,1435
489,1481
81,1516
82,1517
83,1518
71,1571
72,1572
489,1580
284,1590
456,1590
285,1591
334,1592
433,1645
434,1646
346,1667
412,1682
81,1713
96,1767
123,1821
273,1823
489,1876
72,1887
123,1947
273,1949
287,1952
80,1970
81,1971
303,1984
379,2029
433,2052
72,2073
62,2079
63,2080
64,2081
264,2126
63,2145
64,2146
284,2149
456,2149
457,2150
284,2154
456,2154
399,2159
184,2160
49,2173
50,2174
365,2187
64,2194
489,2199
154,2200
155,2200
156,2200
157,2200
158,2200
316,2200
370,2211
492,2211
399,2268
315,2269
268,2271
489,2277
154,2278
155,2278
156,2278
157,2278
158,2278
316,2278
154,2279
155,2279
156,2279
157,2279
158,2279
316,2279
457,2288
370,2372
492,2372
74,2373
396,2441
361,2465
399,2473
267,2474
204,2487
154,2489
155,2489
156,2489
157,2489
158,2489
316,2489
154,2490
155,2490
156,2490
157,2490
158,2490
316,2490
154,2491
155,2491
156,2491
157,2491
158,2491
316,2491
154,2492
155,2492
156,2492
157,2492
158,2492
316,2492
154,2493
155,2493
156,2493
157,2493
158,2493
316,2493
317,2494
55,2499
71,2512
72,2513
469,2518
335,2522
315,2523
288,2538
112,2617
331,2634
458,2644
132,2756
368,2756
400,2756
267,2772
83,2774
84,2775
85,2776
284,2790
456,2790
131,2825
266,2825
315,2826
64,2844
284,2847
456,2847
161,2855
471,2956
471,2989
457,3009
288,3010
334,3059
64,3064
334,3077
284,3084
456,3084
334,3179
334,3191
96,3276
275,3305
457,3323
288,3324
267,3332
432,3369
439,3371
457,3390
229,3411
154,3465
155,3465
156,3465
157,3465
158,3465
316,3465
154,3466
155,3466
156,3466
157,3466
158,3466
316,3466
154,3467
155,3467
156,3467
157,3467
158,3467
316,3467
430,3601
49,3634
285,3637
286,3638
287,3639
465,3645
349,3669
335,3842
267,3843
333,3885
334,3886
335,3887
315,3888
94,3921
63,3923
64,3924
284,3969
456,3969
273,3990
479,4049
445,4082
342,4087
71,4127
72,4128
315,4138
154,4139
155,4139
156,4139
157,4139
158,4139
316,4139
229,4173
397,4211
335,4280
315,4281
86,4292
225,4298
226,4299
227,4300
131,4349
266,4349
131,4357
266,4357
132,4358
368,4358
400,4358
133,4359
401,4359
134,4360
398,4388
399,4389
315,4390
473,4422
315,4498
154,4499
155,4499
156,4499
157,4499
158,4499
316,4499
159,4500
490,4500
80,4521
433,4720
399,4849
315,4850
159,4851
490,4851
83,4862
80,4898
81,4899
82,4900
379,4945
397,4946
334,4949
335,4950
315,4951
79,5004
273,5062
71,5069
72,5070
72,5145
183,5149
314,5149
504,5177
433,5245
86,5423
71,5441
72,5442
399,5448
443,5479
131,5497
266,5497
267,5498
393,5512
112,5531
50,5552
366,5556
48,5737
65,5876
473,5910
72,5919
267,5933
474,5955
343,5958
358,6002
65,6130
66,6131
67,6132
399,6204
96,6215
232,6248
393,6285
83,6338
489,6363
154,6364
155,6364
156,6364
157,6364
158,6364
316,6364
285,6385
334,6386
399,6409
267,6410
504,6422
439,6455
288,6462
148,6486
432,6504
433,6505
123,6520
273,6522
335,6525
184,6526
433,6546
471,6595
433,6652
359,6785
132,6813
368,6813
400,6813
268,6828
171,6890
183,6915
314,6915
267,6916
343,6947
433,7020
496,7038
284,7073
456,7073
433,7084
302,7294
303,7303
433,7362
358,7373
500,7404
501,7405
83,7408
358,7485
431,7505
432,7506
267,7520
83,7527
433,7543
72,7548
167,7667
168,7668
495,7668
398,7671
227,7693
504,7706
83,7719
72,7740
302,7744
303,7745
334,7750
335,7751
267,7752
413,7865
440,7906
441,7907
285,7909
334,7910
335,7911
80,7976
71,7997
72,7998
183,8013
314,8013
184,8014
131,8126
266,8126
267,8127
433,8143
476,8146
366,8199
71,8210
72,8211
433,8272
49,8367
413,8420
171,8424
433,8560
65,8587
248,8644
445,8660
471,8730
64,8820
399,8841
315,8842
433,8893
64,8934
83,9015
434,9071
285,9169
204,9181
48,9205
473,9287
474,9288
393,9320
370,9335
492,9335
493,9336
334,9465
207,9468
433,9763
284,9786
456,9786
440,9827
83,9848
81,9877
123,9902
81,9904
335,9942
183,10090
314,10090
184,10091
123,10104
81,10106
82,10107
457,10142
81,10231
223,10314
72,10391
433,10405
434,10431
369,10442
491,10442
433,10474
72,10491
81,10506
430,10516
334,10583
49,10585
445,10607
457,10612
445,10790
80,10821
369,10824
491,10824
226,10853
227,10854
131,10857
266,10857
267,10858
471,10878
334,10913
370,10920
492,10920
71,10934
72,10935
71,10955
72,10956
265,10980
132,10992
368,10992
400,10992
429,11281
171,11283
72,11330
315,11379
154,11380
155,11380
156,11380
157,11380
158,11380
316,11380
471,11397
476,11401
489,11528
159,11529
490,11529
71,11553
72,11554
359,11608
455,11684
81,11766
96,11792
71,11798
72,11799
49,11823
399,12058
267,12059
433,12169
225,12191
226,12192
227,12193
284,12200
456,12200
399,12204
267,12205
83,12215
84,12216
436,12217
265,12268
315,12324
232,12413
112,12456
433,12471
457,12486
288,12487
154,12550
155,12550
156,12550
157,12550
158,12550
316,12550
182,12572
268,12600
473,12601
359,12639
123,12678
273,12680
432,12684
433,12685
471,12713
476,12717
399,12789
315,12790
154,12791
155,12791
156,12791
157,12791
158,12791
316,12791
159,12792
490,12792
273,12882
267,12937
148,12944
159,12978
490,12978
159,13037
490,13037
465,13051
71,13150
72,13151
457,13178
437,13181
438,13182
65,13189
66,13190
438,13204
503,13217
72,13237
224,13293
225,13294
358,13326
225,13355
94,13433
248,13524
288,13586
96,13593
63,13634
430,13646
277,13679
74,13693
493,13700
500,13748
457,13811
226,13861
227,13862
228,13863
229,13864
96,13887
227,13911
228,13912
229,13913
190,13924
393,14044
471,14057
190,14086
413,14152
445,14206
67,14229
399,14269
184,14270
471,14349
71,14491
72,14492
131,14543
266,14543
267,14544
122,14568
80,14602
81,14603
399,14730
184,14731
433,14822
434,14823
435,14824
64,14877
190,14983
465,14988
438,14990
431,15034
432,15035
433,15036
248,15039
438,15138
473,15158
474,15159
335,15185
112,15234
500,15326
501,15327
72,15369
81,15396
471,15408
83,15410
435,15439
471,15621
72,15644
445,15646
438,15735
63,15787
496,15919
503,15944
504,15945
471,15986
190,15999
81,16028
489,16061
159,16062
490,16062
302,16229
182,16230
473,16352
471,16406
315,16429
159,16430
490,16430
288,16437
432,16535
443,16556
67,16590
131,16657
266,16657
184,16658
267,16699
335,16715
267,16716
304,16740
331,16764
315,16819
154,16820
155,16820
156,16820
157,16820
158,16820
316,16820
159,16821
490,16821
183,16867
314,16867
132,16868
368,16868
400,16868
500,16973
501,16974
438,17001
71,17060
398,17187
81,17213
48,17276
190,17377
71,17386
72,17387
84,17506
288,17522
284,17533
456,17533
275,17549
96,17576
445,17578
223,17612
304,17641
71,17665
72,17666
302,17691
303,17692
458,17701
399,17723
132,17724
368,17724
400,17724
133,17725
401,17725
433,17957
443,17989
81,17996
133,18005
401,18005
267,18017
83,18019
84,18020
436,18021
72,18119
445,18121
288,18137
445,18154
286,18191
471,18221
433,18234
284,18296
456,18296
457,18297
288,18298
390,18308
398,18309
399,18310
315,18311
159,18312
490,18312
399,18329
443,18345
71,18376
72,18377
432,18422
225,18556
171,18658
290,18695
457,18698
190,18756
440,18839
171,18871
72,18902
445,18904
288,18940
473,18948
84,19053
204,19073
334,19126
335,19127
267,19128
268,19129
471,19169
393,19174
369,19191
491,19191
81,19206
440,19389
441,19390
81,19408
82,19409
81,19424
443,19467
74,19469
161,19505
162,19506
435,19628
85,19629
183,19677
314,19677
132,19678
368,19678
400,19678
72,19727
204,19736
439,19771
440,19772
284,19781
456,19781
489,19818
159,19819
490,19819
267,20021
432,20030
433,20031
123,20046
273,20048
49,20052
489,20122
154,20123
155,20123
156,20123
157,20123
158,20123
316,20123
474,20147
343,20150
72,20168
275,20189
367,20209
132,20210
368,20210
400,20210
369,20211
491,20211
370,20212
492,20212
369,20221
491,20221
503,20235
501,20258
268,20260
442,20286
286,20299
290,20310
334,20413
288,20445
470,20458
471,20459
84,20484
432,20530
336,20593
366,20630
131,20709
266,20709
267,20710
83,20726
471,20780
430,20803
131,20882
266,20882
184,20883
86,20913
465,20979
64,20987
64,20994
288,21059
131,21092
266,21092
315,21093
67,21108
340,21216
439,21241
440,21242
441,21243
81,21311
82,21312
248,21321
489,21347
154,21348
155,21348
156,21348
157,21348
158,21348
316,21348
63,21366
64,21367
471,21395
489,21418
159,21419
490,21419
227,21440
228,21441
229,21442
334,21445
359,21578
52,21579
465,21706
131,21845
266,21845
315,21846
489,21863
285,21894
286,21895
287,21896
359,21912
433,21919
284,22062
456,22062
315,22128
500,22226
471,22416
83,22458
503,22469
252,22484
204,22513
503,22529
358,22561
277,22586
399,22627
503,22629
72,22693
433,22738
159,22767
490,22767
80,22803
273,22804
302,22846
182,22847
133,22867
401,22867
315,22929
397,22950
334,22953
335,22954
315,22955
503,22971
457,22979
458,22980
433,22999
72,23004
284,23007
456,23007
285,23008
96,23020
433,23059
72,23064
284,23103
456,23103
430,23131
465,23186
379,23252
504,23291
505,23292
506,23293
258,23323
72,23346
72,23400
182,23435
313,23498
336,23513
471,23539
83,23541
313,23561
457,23588
288,23589
84,23616
436,23617
63,23669
64,23670
72,23721
132,23732
368,23732
400,23732
133,23733
401,23733
172,23746
433,23775
434,23776
465,23794
438,23822
80,23862
273,23863
370,23920
492,23920
367,23999
315,24000
334,24014
457,24052
288,24053
125,24061
64,24073
83,24086
471,24156
313,24227
414,24237
433,24277
65,24289
63,24323
64,24324
443,24335
433,24340
224,24416
183,24520
314,24520
336,24521
302,24550
457,24552
457,24572
131,24607
266,24607
83,24651
84,24652
399,24692
336,24693
265,24775
334,24833
49,24835
399,24878
336,24879
71,24938
72,24939
267,24950
315,25005
154,25006
155,25006
156,25006
157,25006
158,25006
316,25006
154,25007
155,25007
156,25007
157,25007
158,25007
316,25007
71,25046
72,25047
94,25080
63,25082
64,25083
399,25102
267,25103
438,25117
369,25132
491,25132
275,25163
442,25180
379,25206
457,25225
64,25230
433,25242
287,25332
399,25356
315,25357
503,25359
131,25404
266,25404
290,25463
359,25526
267,25613
413,25676
432,25756
433,25757
432,25759
96,25845
433,25869
290,25883
413,25892
81,25916
264,25960
64,26001
457,26015
288,26016
161,26047
72,26060
96,26096
458,26104
282,26145
283,26146
283,26160
443,26174
147,26177
433,26276
434,26374
427,26412
48,26435
457,26471
288,26472
343,26481
442,26533
284,26548
456,26548
285,26549
334,26550
224,26555
225,26556
226,26557
227,26558
228,26559
123,26730
273,26732
473,26739
369,26755
491,26755
433,26767
83,26789
84,26790
85,26791
413,26806
60,26838
457,26909
458,26910
399,27017
503,27019
302,27037
84,27076
432,27163
433,27164
434,27165
304,27183
471,27196
413,27209
445,27211
489,27234
474,27247
370,27313
492,27313
471,27353
267,27453
204,27462
159,27464
490,27464
227,27482
478,27496
398,27510
64,27616
334,27660
335,27661
315,27662
359,27695
273,27749
284,27847
456,27847
366,27855
275,27868
204,28216
72,28234
98,28285
465,28336
396,28340
86,28344
317,28359
361,28393
433,28408
432,28410
287,28455
438,28498
285,28532
334,28533
457,28543
86,28563
489,28676
154,28677
155,28677
156,28677
157,28677
158,28677
316,28677
302,28735
399,28792
131,28853
266,28853
132,28854
368,28854
400,28854
133,28855
401,28855
465,28858
284,28865
456,28865
457,28866
304,28873
315,28878
206,28880
437,28905
438,28906
471,28945
472,28946
473,28947
397,28959
398,28960
131,29013
266,29013
289,29030
399,29119
315,29120
465,29195
465,29203
290,29212
183,29215
314,29215
267,29216
473,29283
81,29315
229,29376
334,29392
273,29426
457,29522
358,29605
81,29639
471,29643
315,29698
464,29727
183,29740
314,29740
132,29741
368,29741
400,29741
160,29742
83,29753
315,29774
154,29775
155,29775
156,29775
157,29775
158,29775
316,29775
433,29801
434,29802
472,29810
473,29811
315,29858
472,29982
473,29983
272,29998
441,30133
398,30176
399,30177
132,30178
368,30178
400,30178
133,30179
401,30179
267,30195
489,30319
154,30320
155,30320
156,30320
157,30320
158,30320
316,30320
154,30321
155,30321
156,30321
157,30321
158,30321
316,30321
334,30348
335,30349
267,30350
438,30459
284,30549
456,30549
285,30550
334,30551
49,30553
50,30554
87,30570
284,30584
456,30584
285,30585
334,30586
171,30650
473,30655
67,30720
357,30752
454,30752
455,30753
183,30755
314,30755
457,30825
261,30856
262,30857
412,30889
413,30890
489,30910
154,30911
155,30911
156,30911
157,30911
158,30911
316,30911
154,30912
155,30912
156,30912
157,30912
158,30912
316,30912
284,30948
456,30948
398,30977
335,30981
315,30982
437,31029
390,31042
398,31043
399,31044
315,31045
438,31092
439,31093
393,31106
64,31125
315,31165
154,31166
155,31166
156,31166
157,31166
158,31166
316,31166
380,31172
87,31196
398,31328
399,31329
315,31330
154,31331
155,31331
156,31331
157,31331
158,31331
316,31331
159,31332
490,31332
369,31333
491,31333
348,31362
431,31483
432,31484
183,31490
314,31490
132,31491
368,31491
400,31491
503,31552
83,31589
288,31618
74,31628
86,31641
83,31689
500,31708
500,31780
267,31788
302,31801
71,31826
72,31827
92,31846
64,31874
131,31900
266,31900
336,31901
413,31933
82,31953
348,31956
288,32003
503,32023
83,32064
84,32065
85,32066
71,32076
72,32077
265,32108
489,32115
154,32116
155,32116
156,32116
157,32116
158,32116
316,32116
284,32129
456,32129
171,32142
478,32230
81,32238
455,32347
71,32376
72,32377
265,32395
478,32439
479,32440
390,32450
398,32451
205,32528
206,32529
433,32548
433,32630
434,32631
232,32654
74,32666
458,32704
81,32814
82,32815
302,32865
397,32920
398,32921
335,32925
267,32926
71,32928
72,32929
413,33029
443,33058
335,33120
473,33126
458,33147
206,33233
207,33234
472,33287
288,33308
433,33317
334,33357
335,33358
132,33359
368,33359
400,33359
133,33360
401,33360
398,33378
399,33379
267,33380
433,33421
434,33422
442,33431
304,33454
399,33504
132,33505
368,33505
400,33505
112,33524
298,33663
290,33688
359,33708
395,33709
334,33722
49,33724
433,33777
267,33791
65,33920
433,33942
131,34069
266,34069
267,34070
399,34099
315,34100
289,34104
49,34131
50,34132
112,34157
125,34170
489,34190
154,34191
155,34191
156,34191
157,34191
158,34191
316,34191
183,34216
314,34216
184,34217
190,34223
264,34243
131,34254
266,34254
132,34255
368,34255
400,34255
399,34286
315,34287
335,34336
315,34337
159,34338
490,34338
260,34345
65,34370
285,34387
504,34405
284,34445
456,34445
505,34488
506,34489
112,34499
186,34653
134,34665
190,34764
471,34801
445,34840
112,34857
64,34865
457,34872
458,34873
84,34939
398,34970
399,34971
83,34977
64,35010
333,35055
286,35056
287,35057
288,35058
489,35082
154,35083
155,35083
156,35083
157,35083
158,35083
316,35083
64,35131
96,35209
123,35228
183,35237
314,35237
267,35238
465,35272
369,35322
491,35322
472,35333
455,35394
438,35448
489,35617
83,35620
49,35653
82,35758
465,35785
433,35824
263,35833
264,35834
265,35835
63,35999
64,36000
476,36040
204,36061
437,36104
437,36161
390,36196
398,36197
399,36198
315,36199
154,36200
155,36200
156,36200
157,36200
158,36200
316,36200
154,36201
155,36201
156,36201
157,36201
158,36201
316,36201
268,36203
473,36204
445,36271
263,36311
264,36312
267,36350
267,36428
72,36444
433,36480
82,36496
433,36534
96,36550
87,36582
473,36645
366,36688
290,36789
49,36805
50,36806
62,36829
63,36830
64,36831
501,36912
502,36913
500,36926
501,36927
133,36929
401,36929
74,36969
210,36991
479,37023
304,37086
225,37108
183,37128
314,37128
267,37129
273,37143
64,37160
471,37194
433,37245
315,37253
503,37255
333,37352
334,37353
335,37354
315,37355
433,37386
413,37400
284,37429
456,37429
285,37430
334,37431
201,37440
334,37478
335,37479
503,37491
81,37515
71,37537
261,37577
262,37578
263,37579
264,37580
489,37590
154,37591
155,37591
156,37591
157,37591
158,37591
316,37591
473,37608
500,37625
349,37719
350,37720
430,37802
472,37837
133,37843
401,37843
290,37903
146,38025
82,38052
81,38080
399,38148
267,38149
268,38150
473,38151
84,38156
489,38164
154,38165
155,38165
156,38165
157,38165
158,38165
316,38165
473,38190
437,38217
399,38325
267,38326
442,38373
147,38379
489,38391
154,38392
155,38392
156,38392
157,38392
158,38392
316,38392
154,38393
155,38393
156,38393
157,38393
158,38393
316,38393
154,38394
155,38394
156,38394
157,38394
158,38394
316,38394
159,38395
490,38395
369,38396
491,38396
370,38397
492,38397
74,38398
473,38435
290,38536
258,38578
183,38584
314,38584
267,38585
204,38710
432,38763
64,38794
273,38923
343,38954
160,38960
433,38975
64,38996
82,39035
284,39062
456,39062
285,39063
334,39064
80,39141
471,39247
81,39286
82,39287
471,39434
285,39487
286,39488
147,39506
438,39517
131,39544
266,39544
134,39576
96,39620
433,39648
439,39684
288,39699
471,39721
302,39769
86,39822
62,39845
63,39846
64,39847
438,39886
471,39892
430,39918
146,39924
302,39932
303,39933
433,39946
473,39961
474,39962
469,40031
470,40032
471,40033
72,40095
183,40279
314,40279
267,40280
72,40339
473,40450
393,40479
457,40528
268,40578
83,40645
84,40646
429,40688
183,40737
314,40737
132,40738
368,40738
400,40738
334,40777
80,40783
432,40801
284,40826
456,40826
457,40827
63,40855
465,40880
432,40982
435,41119
436,41120
81,41182
82,41183
416,41206
399,41291
315,41292
284,41337
456,41337
457,41338
272,41379
50,41382
476,41520
471,41602
83,41604
94,41656
370,41667
492,41667
50,41686
131,41742
266,41742
267,41743
67,41752
49,41849
267,41903
131,42069
266,42069
132,42070
368,42070
400,42070
133,42071
401,42071
284,42158
456,42158
302,42212
303,42213
433,42335
434,42336
313,42348
434,42371
445,42404
457,42475
86,42478
302,42488
370,42531
492,42531
313,42561
335,42667
132,42668
368,42668
400,42668
304,42672
438,42688
83,42729
71,42801
72,42802
358,42838
112,42940
49,42970
50,42971
62,43033
63,43034
457,43090
284,43152
456,43152
71,43193
72,43194
443,43240
287,43325
288,43326
433,43353
432,43355
288,43441
147,43448
71,43455
72,43456
50,43584
183,43625
314,43625
267,43626
71,43628
72,43629
273,43651
440,43688
304,43753
471,43760
458,43781
471,43868
397,43919
398,43920
304,43945
290,43975
457,43978
112,44074
335,44088
132,44089
368,44089
400,44089
397,44101
398,44102
399,44103
471,44236
64,44302
284,44381
456,44381
50,44413
81,44455
82,44456
459,44462
49,44523
183,44526
314,44526
184,44527
171,44655
471,44676
171,44866
445,44876
465,44942
171,44961
399,45043
267,45044
273,45061
267,45107
304,45157
81,45247
82,45248
282,45328
358,45390
232,45436
233,45437
433,45495
267,45539
432,45650
330,45704
331,45705
433,45743
123,45784
432,45847
81,45925
433,45938
183,45982
314,45982
267,45983
87,46003
445,46012
399,46060
267,46061
132,46219
368,46219
400,46219
369,46220
491,46220
370,46221
492,46221
436,46539
504,46587
359,46614
84,46634
112,46645
80,46686
81,46687
82,46688
64,46743
49,46903
81,46922
92,47028
272,47177
489,47348
159,47349
490,47349
379,47575
290,47596
465,47597
442,47660
399,47687
289,47819
290,47820
399,47842
267,47843
413,47849
284,47869
456,47869
457,47870
288,47913
131,47918
266,47918
267,47919
288,47925
83,47933
284,48023
456,48023
285,48024
286,48025
85,48062
366,48090
267,48116
64,48134
131,48149
266,48149
83,48212
84,48213
437,48241
64,48288
267,48314
469,48319
470,48320
376,48336
205,48343
224,48504
340,48554
465,48561
49,48613
335,48631
315,48632
457,48672
433,48681
432,48683
416,48689
229,48705
503,48771
393,48798
63,48809
64,48810
112,48861
442,48971
399,48991
184,48992
277,49009
278,49010
204,49024
390,49088
398,49089
399,49090
433,49149
433,49341
304,49370
148,49445
223,49484
131,49551
266,49551
267,49552
302,49569
471,49575
272,49592
489,49612
159,49613
490,49613
313,49618
476,49628
86,49636
304,49637
92,49641
430,49777
273,49800
167,49810
413,49820
397,49823
398,49824
343,49903
343,49924
489,49937
379,49958
399,50025
288,50040
82,50057
267,50080
429,50087
96,50115
49,50137
50,50138
123,50207
81,50209
273,50220
471,50242
92,50247
160,50263
81,50400
473,50434
370,50463
492,50463
433,50507
471,50541
273,50622
71,50638
72,50639
315,50645
268,50647
473,50648
432,50654
273,50712
393,50843
469,50850
470,50851
471,50852
71,50854
72,50855
131,50886
266,50886
267,50887
432,50916
457,50928
429,50992
182,51085
471,51162
71,51164
72,51165
81,51204
290,51226
474,51235
171,51293
172,51464
183,51482
314,51482
132,51483
368,51483
400,51483
112,51585
357,51623
454,51623
455,51624
284,51625
456,51625
471,51645
465,51682
64,51693
112,51753
288,51912
437,51930
72,51944
333,51981
286,51982
286,51984
334,51986
335,51987
267,51988
333,52075
286,52076
304,52086
81,52120
479,52134
433,52260
427,52295
471,52321
112,52338
334,52381
83,52384
503,52407
473,52428
474,52433
264,52486
265,52539
227,52596
131,52647
266,52647
503,52649
87,52751
333,52756
286,52757
64,52797
471,52805
472,52806
433,52851
265,52869
272,52874
370,52913
492,52913
81,52959
80,53195
81,53196
82,53197
288,53225
171,53235
437,53263
433,53313
457,53417
366,53421
225,53599
226,53600
227,53601
131,53604
266,53604
315,53605
154,53606
155,53606
156,53606
157,53606
158,53606
316,53606
159,53607
490,53607
50,53609
489,53656
317,53657
455,53681
433,53840
443,53887
74,53889
432,53948
81,54071
49,54106
80,54147
81,54148
82,54149
49,54181
83,54218
503,54311
81,54334
82,54335
170,54356
302,54384
303,54385
358,54450
49,54460
465,54473
71,54491
72,54492
232,54500
366,54510
358,54558
288,54614
64,54624
248,54663
272,54671
81,54672
440,54700
441,54701
413,54774
445,54776
171,54813
433,54834
399,54860
267,54861
131,54956
266,54956
132,54957
368,54957
400,54957
133,54958
401,54958
81,55017
82,55018
399,55063
267,55064
379,55129
397,55130
398,55131
82,55189
64,55248
358,55302
367,55456
267,55457
81,55464
82,55465
204,55471
455,55662
112,55668
273,55687
267,55730
433,55761
398,55791
399,55792
290,55827
62,55888
63,55889
64,55890
478,55956
429,55984
131,56055
266,56055
267,56056
433,56092
432,56094
433,56095
277,56188
287,56194
86,56197
465,56281
433,56403
439,56419
304,56433
465,56467
284,56512
456,56512
457,56513
284,56530
456,56530
171,56542
445,56568
445,56583
284,56629
456,56629
285,56630
334,56631
489,56641
489,56759
154,56760
155,56760
156,56760
157,56760
158,56760
316,56760
159,56761
490,56761
441,56783
443,56791
440,56826
257,56841
457,56921
465,56950
71,57016
302,57049
303,57050
248,57054
83,57095
84,57096
85,57097
285,57099
334,57100
272,57125
393,57194
273,57208
93,57212
290,57213
433,57241
154,57296
155,57296
156,57296
157,57296
158,57296
316,57296
333,57315
334,57316
204,57340
205,57341
471,57348
432,57455
370,57485
492,57485
131,57503
266,57503
267,57504
183,57580
314,57580
267,57581
370,57587
492,57587
71,57691
72,57692
183,57709
314,57709
503,57711
439,57736
414,57745
80,57753
47,57773
441,57778
471,57798
133,57819
401,57819
72,57831
132,57884
368,57884
400,57884
489,57891
171,57921
333,57940
352,57963
284,57976
456,57976
432,58112
478,58124
433,58149
71,58156
72,58157
445,58159
333,58187
290,58206
437,58325
335,58348
267,58349
413,58370
288,58388
432,58429
112,58443
81,58469
82,58470
81,58517
82,58518
416,58646
284,58684
456,58684
369,58703
491,58703
131,58710
266,58710
315,58711
334,58741
49,58743
443,58762
49,58777
302,58784
442,58849
207,58905
334,58926
315,58946
154,58947
155,58947
156,58947
157,58947
158,58947
316,58947
159,58948
490,58948
83,58990
84,58991
49,59028
334,59172
82,59227
290,59259
282,59314
283,59315
71,59403
72,59404
445,59406
171,59415
182,59435
183,59436
314,59436
267,59437
457,59468
413,59510
80,59568
81,59569
82,59570
83,59571
48,59682
437,59709
