323,12
314,16
272,17
156,66
413,251
99,253
100,254
280,266
298,290
151,293
276,365
176,366
277,366
453,366
278,367
279,368
279,369
279,370
175,380
176,381
277,381
453,381
454,382
96,431
97,432
152,455
367,455
510,480
231,505
510,545
511,546
116,558
117,559
318,561
32,573
140,573
250,573
263,594
157,639
118,641
99,736
297,737
402,794
468,796
279,798
280,799
133,827
185,828
186,829
381,892
269,906
204,911
193,914
278,936
279,937
279,938
176,970
277,970
453,970
46,971
32,979
140,979
250,979
272,1026
45,1027
257,1029
212,1046
213,1047
323,1056
266,1057
279,1065
509,1094
172,1101
266,1112
293,1129
97,1133
98,1134
216,1175
217,1176
374,1191
176,1224
277,1224
453,1224
515,1232
185,1247
467,1284
161,1300
212,1303
213,1304
138,1364
370,1367
371,1368
269,1370
111,1387
374,1428
46,1458
45,1480
278,1481
273,1569
272,1578
45,1579
278,1580
280,1581
455,1582
457,1593
272,1614
487,1622
98,1628
99,1629
297,1630
298,1631
32,1653
140,1653
250,1653
524,1665
525,1666
521,1672
373,1723
374,1724
176,1725
277,1725
453,1725
454,1726
483,1728
111,1757
513,1771
116,1779
117,1780
99,1799
100,1800
101,1801
481,1801
380,1805
381,1806
382,1807
237,1852
175,1874
176,1875
277,1875
453,1875
278,1876
321,1889
272,1917
218,2047
44,2066
193,2096
84,2156
100,2158
456,2171
272,2197
45,2198
278,2199
279,2200
138,2212
76,2219
45,2233
268,2238
100,2267
257,2271
278,2277
279,2278
279,2279
524,2358
512,2369
507,2376
214,2386
286,2413
100,2415
262,2430
101,2437
481,2437
279,2489
279,2490
279,2491
279,2492
279,2493
470,2495
471,2496
143,2515
144,2516
372,2529
207,2542
78,2565
117,2572
482,2576
216,2594
217,2595
32,2598
140,2598
250,2598
400,2616
401,2617
402,2618
286,2649
287,2650
296,2651
100,2652
318,2681
127,2720
149,2724
208,2738
275,2798
519,2798
520,2799
521,2800
161,2824
321,2882
234,2901
272,2951
273,2952
274,2953
275,2954
519,2954
276,2955
274,2957
275,2958
519,2958
276,2959
176,2960
277,2960
453,2960
46,2961
47,2962
275,2987
519,2987
276,2988
389,2990
272,3041
273,3042
274,3043
160,3045
520,3051
521,3052
298,3055
298,3073
249,3083
457,3117
107,3121
45,3141
212,3143
213,3144
214,3145
32,3147
140,3147
250,3147
76,3169
77,3170
78,3171
79,3172
521,3175
83,3187
216,3196
217,3197
218,3198
272,3200
273,3201
127,3229
119,3243
172,3250
193,3258
111,3267
205,3271
76,3286
217,3315
342,3371
343,3372
344,3373
345,3374
234,3382
235,3383
236,3384
372,3396
373,3397
374,3398
101,3403
481,3403
127,3422
117,3426
437,3453
279,3465
279,3466
279,3467
45,3477
454,3478
513,3517
107,3526
274,3555
275,3556
519,3556
276,3557
217,3565
149,3631
510,3644
133,3648
339,3666
44,3684
207,3715
273,3759
233,3798
234,3799
235,3800
45,3834
454,3835
281,3836
294,3848
379,3848
288,3849
237,3867
457,3912
323,3920
99,3951
100,3952
101,3994
481,3994
286,4011
297,4013
58,4060
32,4074
140,4074
250,4074
294,4100
379,4100
295,4101
296,4102
100,4103
276,4121
279,4139
218,4159
176,4192
277,4192
453,4192
294,4204
379,4204
288,4205
298,4213
84,4214
100,4216
127,4223
31,4249
139,4249
280,4282
158,4293
161,4348
469,4350
272,4365
272,4378
45,4379
44,4406
373,4438
374,4439
176,4440
277,4440
453,4440
454,4441
46,4482
279,4499
374,4587
213,4634
272,4637
101,4642
481,4642
248,4762
452,4767
375,4768
40,4781
193,4826
233,4857
234,4858
235,4859
236,4860
317,4877
318,4902
115,4922
119,4955
249,5042
214,5055
215,5056
483,5064
206,5091
457,5103
191,5126
468,5149
193,5172
275,5226
519,5226
276,5227
176,5228
277,5228
453,5228
454,5229
281,5230
536,5253
537,5254
375,5362
158,5424
276,5426
507,5436
141,5479
251,5479
252,5480
314,5482
318,5510
401,5531
183,5533
155,5534
156,5535
46,5550
482,5558
204,5591
205,5592
206,5593
319,5594
294,5601
379,5601
296,5602
100,5603
512,5611
116,5628
117,5734
117,5746
116,5760
537,5779
101,5788
481,5788
48,5810
237,5825
149,5839
294,5868
379,5868
296,5869
217,5898
116,5952
294,5964
379,5964
296,5965
375,5985
153,5988
521,6030
382,6033
115,6038
76,6092
184,6093
100,6119
101,6120
481,6120
115,6152
207,6154
208,6155
294,6201
379,6201
296,6202
100,6203
231,6247
372,6295
217,6315
218,6316
272,6318
176,6345
277,6345
453,6345
45,6362
278,6363
279,6364
521,6406
276,6416
456,6419
286,6434
287,6435
296,6436
297,6437
342,6455
343,6456
512,6468
234,6513
235,6514
236,6515
456,6524
191,6590
374,6594
39,6625
116,6654
32,6711
140,6711
250,6711
33,6712
193,6717
257,6828
102,6861
280,6896
214,6912
468,6915
214,6953
215,6954
319,7027
252,7028
314,7030
262,7031
77,7098
78,7099
116,7125
117,7138
262,7154
45,7236
248,7333
117,7339
318,7341
116,7364
248,7430
344,7438
321,7460
263,7464
512,7524
193,7533
116,7545
452,7609
176,7610
277,7610
453,7610
214,7651
275,7661
519,7661
276,7662
521,7801
78,7838
79,7839
80,7840
81,7841
161,7842
76,7960
77,7961
78,7962
117,7989
32,8001
140,8001
250,8001
208,8003
318,8007
468,8013
45,8109
454,8110
76,8165
155,8166
76,8173
511,8191
512,8192
218,8267
151,8304
467,8365
237,8377
204,8429
193,8432
382,8433
116,8451
102,8466
46,8544
116,8562
217,8567
275,8672
519,8672
276,8673
176,8674
277,8674
453,8674
318,8700
318,8784
217,8791
218,8792
220,8812
390,8830
100,8840
275,8845
519,8845
193,8889
207,8896
32,8928
140,8928
250,8928
32,8937
140,8937
250,8937
464,8940
465,8941
510,9146
511,9147
11,9148
318,9185
117,9262
318,9264
273,9268
273,9324
510,9365
76,9367
77,9368
78,9369
321,9416
116,9428
117,9429
218,9493
219,9494
248,9602
510,9638
511,9639
218,9649
32,9665
140,9665
250,9665
319,9684
214,9698
116,9755
116,9765
32,9777
140,9777
250,9777
101,9790
481,9790
101,9823
481,9823
102,9824
116,9843
248,9910
249,9911
158,9913
276,9915
375,9916
193,9930
476,9958
511,9983
118,9986
45,10049
468,10090
193,10122
382,10123
269,10163
213,10217
32,10250
140,10250
250,10250
117,10261
118,10262
495,10328
510,10367
176,10440
277,10440
453,10440
46,10441
108,10443
193,10644
213,10716
176,10755
277,10755
453,10755
46,10756
272,10835
273,10836
274,10837
115,10871
274,10879
158,10900
159,10901
457,10914
275,10916
519,10916
276,10917
273,10953
205,10984
172,10986
261,11046
271,11046
272,11047
45,11048
46,11049
116,11059
339,11082
218,11234
272,11236
382,11295
483,11355
318,11370
279,11380
117,11431
118,11432
272,11441
174,11445
272,11526
45,11527
278,11528
220,11557
221,11558
190,11560
117,11578
118,11579
511,11589
262,11673
263,11674
107,11695
272,11721
273,11722
44,11737
323,11772
111,11774
112,11775
272,11795
273,11796
32,11802
140,11802
250,11802
512,11849
45,11899
216,11938
217,11939
96,11987
44,12025
45,12026
46,12027
47,12028
42,12031
263,12036
152,12155
367,12155
207,12172
213,12231
476,12249
155,12254
272,12263
174,12279
280,12325
127,12396
231,12412
401,12456
183,12458
155,12459
496,12462
234,12502
318,12516
321,12544
279,12550
127,12556
273,12567
275,12575
519,12575
524,12591
525,12592
276,12597
176,12598
277,12598
453,12598
257,12600
319,12622
252,12623
337,12710
115,12758
116,12759
78,12779
100,12788
279,12791
47,12793
213,12821
505,12825
272,12833
47,12979
32,12990
140,12990
250,12990
117,13024
118,13025
510,13050
42,13078
273,13083
276,13119
176,13120
277,13120
453,13120
321,13153
45,13197
454,13198
281,13199
234,13357
374,13387
156,13463
45,13533
454,13534
294,13608
379,13608
295,13609
296,13610
457,13619
115,13624
319,13626
504,13659
521,13683
205,13689
206,13690
319,13691
252,13692
206,13697
319,13698
252,13699
269,13714
275,13840
519,13840
520,13841
457,13844
101,13866
481,13866
102,13867
321,13889
297,13936
270,13940
261,13941
271,13941
272,13942
273,13943
507,13970
112,13986
234,13997
364,14025
207,14034
32,14042
140,14042
250,14042
452,14056
172,14061
237,14067
184,14079
158,14121
276,14123
321,14134
45,14181
454,14182
45,14195
100,14268
374,14348
321,14363
117,14423
118,14424
119,14425
431,14434
214,14454
321,14494
117,14589
112,14658
112,14666
113,14667
248,14679
458,14743
117,14772
118,14773
127,14818
193,14839
318,14888
152,15031
367,15031
374,15061
102,15089
458,15157
452,15163
176,15164
277,15164
453,15164
117,15197
206,15221
217,15225
401,15234
234,15242
297,15265
321,15371
374,15407
512,15424
275,15427
519,15427
276,15428
115,15432
116,15433
231,15434
45,15482
116,15509
214,15523
318,15569
319,15600
252,15601
78,15608
102,15635
321,15724
236,15755
237,15756
117,15761
118,15762
204,15804
375,15822
176,15901
277,15901
453,15901
46,15902
314,15930
272,15931
273,15968
318,15989
269,16051
45,16060
278,16061
214,16082
294,16102
379,16102
295,16103
275,16114
519,16114
262,16135
411,16180
483,16202
272,16238
45,16239
454,16240
371,16244
185,16267
158,16383
261,16389
271,16389
274,16407
47,16431
321,16479
234,16512
32,16526
140,16526
250,16526
141,16556
251,16556
207,16584
208,16585
521,16614
161,16656
207,16680
279,16820
96,16834
97,16835
206,16847
207,16848
208,16849
512,16866
468,16867
32,16895
140,16895
250,16895
208,16897
118,16926
482,16962
76,16993
512,17008
275,17011
519,17011
32,17048
140,17048
250,17048
261,17072
271,17072
272,17073
80,17115
117,17144
101,17188
481,17188
254,17260
509,17267
509,17278
510,17279
126,17280
79,17322
153,17331
154,17332
155,17333
156,17334
372,17345
275,17353
519,17353
276,17354
176,17355
277,17355
453,17355
510,17501
511,17502
339,17518
176,17571
277,17571
453,17571
272,17748
45,17749
454,17750
295,17754
206,17777
44,17841
45,17842
375,17883
275,17940
519,17940
520,17941
141,17989
251,17989
252,17990
272,18002
45,18003
46,18004
509,18006
116,18068
236,18073
509,18131
374,18220
101,18267
481,18267
500,18273
141,18345
251,18345
252,18346
273,18374
218,18387
41,18389
261,18436
271,18436
272,18437
158,18444
319,18469
149,18498
45,18511
321,18532
504,18551
234,18558
235,18559
374,18572
176,18573
277,18573
453,18573
214,18582
372,18584
249,18604
176,18620
277,18620
453,18620
275,18667
519,18667
520,18668
266,18695
511,18696
127,18768
44,18784
77,18789
78,18790
117,18828
118,18829
208,18934
457,18946
458,18947
296,18965
76,18972
509,19010
30,19013
216,19015
32,19031
140,19031
250,19031
207,19104
257,19129
318,19172
45,19189
46,19190
213,19235
318,19280
233,19331
234,19332
235,19333
236,19334
319,19347
205,19355
203,19404
117,19412
512,19417
141,19467
251,19467
252,19468
507,19472
374,19502
321,19512
205,19571
297,19624
176,19672
277,19672
453,19672
46,19673
468,19677
342,19771
214,19779
45,19817
278,19818
47,19820
48,19821
272,19840
375,19953
213,19959
214,19960
318,19988
275,20007
519,20007
520,20008
116,20033
456,20050
452,20120
176,20121
277,20121
453,20121
278,20122
279,20123
280,20124
281,20125
511,20143
99,20156
269,20172
45,20203
46,20220
108,20222
257,20260
276,20273
152,20284
367,20284
323,20309
266,20310
511,20311
248,20334
249,20335
507,20351
458,20407
234,20442
272,20525
213,20545
214,20546
214,20601
512,20674
296,20722
100,20723
323,20733
207,20745
208,20746
318,20750
275,20778
519,20778
276,20779
431,20811
161,20849
162,20850
511,20946
512,20947
513,20948
32,20990
140,20990
250,20990
98,21076
294,21077
379,21077
296,21078
297,21079
214,21112
381,21133
272,21143
45,21144
272,21180
45,21181
342,21241
375,21261
403,21302
218,21316
45,21346
278,21347
279,21348
280,21349
281,21350
10,21360
278,21418
457,21446
248,21467
298,21503
204,21507
193,21546
156,21552
204,21555
512,21687
513,21688
510,21705
161,21844
278,21863
511,21892
254,21900
11,21958
273,21981
204,22000
456,22019
457,22020
115,22049
319,22051
101,22099
481,22099
176,22106
277,22106
453,22106
211,22129
212,22130
213,22131
214,22132
319,22189
252,22190
138,22191
31,22192
139,22192
32,22193
140,22193
250,22193
32,22235
140,22235
250,22235
112,22273
207,22312
76,22369
272,22466
45,22467
97,22485
98,22486
99,22487
127,22523
272,22539
100,22626
155,22633
275,22772
519,22772
276,22773
176,22774
277,22774
453,22774
261,22792
271,22792
272,22793
273,22836
272,22864
45,22865
46,22866
509,22868
32,22893
140,22893
250,22893
344,22914
176,22969
277,22969
453,22969
116,23001
116,23061
79,23080
176,23083
277,23083
453,23083
117,23088
318,23090
76,23120
155,23121
237,23144
214,23154
215,23155
216,23156
234,23161
11,23175
133,23183
144,23195
44,23204
273,23205
214,23251
476,23431
513,23436
152,23519
367,23519
127,23526
32,23556
140,23556
250,23556
116,23613
117,23614
32,23655
140,23655
250,23655
99,23662
100,23663
509,23666
158,23763
276,23765
321,23769
214,23783
207,23788
171,23808
184,23859
366,23886
162,23896
214,24007
514,24016
127,24027
207,24070
219,24075
208,24083
214,24107
274,24157
275,24158
519,24158
276,24159
115,24262
207,24280
452,24285
161,24310
102,24312
103,24313
282,24313
141,24335
251,24335
191,24338
116,24342
509,24358
272,24393
116,24410
468,24520
176,24526
277,24526
453,24526
46,24527
127,24586
174,24611
175,24612
45,24648
172,24665
162,24673
373,24686
374,24687
116,24737
117,24738
289,24773
214,24800
85,24814
100,24877
515,24898
214,24919
268,24954
127,24957
77,24983
78,24984
458,24989
279,25006
279,25007
273,25014
273,25044
507,25056
374,25119
46,25131
108,25133
374,25140
272,25167
456,25170
152,25178
367,25178
214,25205
207,25245
115,25249
116,25250
42,25262
217,25273
218,25274
41,25276
42,25277
213,25323
275,25328
519,25328
520,25329
158,25347
156,25381
161,25403
452,25418
483,25421
45,25443
323,25462
266,25463
511,25464
512,25465
40,25546
512,25691
249,25719
45,25735
46,25736
374,25762
176,25763
277,25763
453,25763
454,25764
116,25871
537,25878
266,25883
511,25884
32,25946
140,25946
250,25946
217,25950
218,25951
176,25974
277,25974
453,25974
321,25990
511,26013
512,26044
152,26065
367,26065
118,26163
141,26174
251,26174
252,26175
275,26227
519,26227
276,26228
512,26257
318,26311
207,26312
321,26355
234,26427
235,26428
156,26469
272,26500
248,26512
155,26531
156,26532
204,26571
79,26631
127,26638
281,26644
45,26753
46,26754
371,26773
372,26774
116,26846
231,26847
510,26852
511,26853
76,26878
100,26922
482,26940
483,26941
152,27040
367,27040
153,27041
45,27061
454,27062
382,27066
155,27079
156,27080
78,27138
32,27151
140,27151
250,27151
476,27204
45,27233
278,27234
234,27309
235,27310
138,27314
161,27333
102,27335
452,27352
274,27354
275,27355
519,27355
520,27356
153,27362
156,27384
339,27391
458,27395
206,27472
101,27511
481,27511
11,27573
116,27709
98,27740
294,27741
379,27741
295,27742
296,27743
297,27744
514,27857
374,27865
156,27884
176,27892
277,27892
453,27892
115,28021
100,28045
276,28078
176,28079
277,28079
453,28079
510,28101
511,28102
319,28154
158,28178
272,28242
156,28256
249,28319
32,28320
140,28320
250,28320
470,28360
275,28367
519,28367
276,28368
204,28382
101,28452
481,28452
509,28464
400,28491
261,28507
271,28507
272,28508
273,28509
482,28535
318,28554
521,28572
237,28576
318,28591
207,28592
187,28603
206,28638
176,28675
277,28675
453,28675
278,28676
279,28677
280,28678
101,28776
481,28776
469,28793
470,28794
45,28798
454,28799
263,28811
116,28836
509,28856
510,28857
155,28870
156,28871
157,28872
280,28879
374,28944
127,28984
129,28992
176,29026
277,29026
453,29026
454,29027
265,29030
366,29050
152,29051
367,29051
368,29052
211,29121
172,29142
101,29152
481,29152
107,29158
221,29191
266,29212
511,29213
512,29214
468,29215
323,29246
127,29363
298,29388
275,29399
519,29399
276,29400
263,29408
153,29433
213,29465
214,29466
215,29467
205,29484
206,29485
319,29486
374,29615
275,29641
519,29641
276,29642
274,29644
170,29670
171,29671
262,29706
101,29710
481,29710
102,29711
511,29728
512,29729
468,29740
204,29763
205,29764
279,29775
280,29776
456,29792
190,29798
191,29799
248,29817
249,29818
280,29859
281,29860
56,29974
57,29975
515,30050
48,30071
76,30146
184,30147
275,30197
519,30197
520,30198
264,30200
85,30220
151,30227
116,30256
262,30271
263,30272
272,30317
45,30318
278,30319
279,30320
279,30321
45,30342
454,30343
272,30425
32,30435
140,30435
250,30435
510,30469
272,30491
45,30492
212,30494
213,30495
214,30496
215,30497
10,30512
11,30513
273,30533
30,30547
31,30548
139,30548
368,30590
176,30603
277,30603
453,30603
454,30604
171,30637
294,30709
379,30709
288,30710
321,30724
249,30733
118,30736
468,30755
155,30774
154,30776
155,30777
156,30778
207,30789
154,30861
155,30862
153,30877
45,30909
278,30910
279,30911
279,30912
160,30969
161,30970
162,30971
101,30978
481,30978
456,30980
280,30983
58,31009
59,31010
342,31093
279,31166
381,31174
102,31201
11,31277
214,31280
279,31331
108,31334
119,31361
101,31363
481,31363
273,31392
254,31418
38,31425
217,31458
513,31462
176,31468
277,31468
453,31468
468,31490
248,31530
272,31545
273,31546
274,31547
275,31548
519,31548
276,31549
176,31550
277,31550
453,31550
204,31603
319,31626
252,31627
280,31665
483,31667
518,31682
510,31733
511,31734
382,31812
382,31847
32,31857
140,31857
250,31857
45,31861
99,31892
262,31917
111,31950
119,31955
101,31957
481,31957
102,31958
103,31959
282,31959
130,31987
101,31990
481,31990
102,31991
294,31999
379,31999
296,32000
297,32001
511,32040
458,32110
452,32113
176,32114
277,32114
453,32114
278,32115
279,32116
507,32158
134,32181
275,32185
519,32185
520,32186
512,32225
213,32250
276,32270
115,32274
456,32301
234,32318
235,32319
321,32328
32,32348
140,32348
250,32348
289,32393
102,32397
115,32399
172,32418
101,32452
481,32452
102,32453
431,32456
273,32479
171,32510
172,32511
234,32536
235,32537
236,32538
237,32539
116,32550
117,32555
118,32556
78,32576
79,32577
402,32588
276,32594
375,32595
371,32634
231,32653
319,32664
252,32665
237,32710
294,32751
379,32751
295,32752
154,32767
155,32768
262,32785
263,32786
318,32817
207,32818
457,32835
115,32898
101,32922
481,32922
456,32924
521,32981
100,32984
374,32992
176,32993
277,32993
453,32993
46,32994
518,33035
170,33039
10,33056
141,33058
251,33058
252,33059
253,33060
154,33073
155,33074
455,33122
456,33123
457,33124
458,33125
396,33130
102,33197
76,33250
155,33251
156,33252
157,33253
118,33255
382,33282
431,33319
215,33322
216,33323
262,33332
456,33340
45,33346
454,33347
509,33361
510,33362
511,33363
512,33364
155,33429
156,33430
482,33448
400,33523
401,33524
261,33540
271,33540
272,33541
374,33550
149,33587
317,33599
516,33662
321,33666
213,33674
214,33675
215,33676
266,33688
511,33689
512,33690
248,33706
370,33709
273,33714
274,33715
275,33716
519,33716
520,33717
521,33718
464,33726
465,33727
76,33735
117,33774
118,33775
116,33779
176,33785
277,33785
453,33785
261,33824
271,33824
102,33873
321,33885
176,33899
277,33899
453,33899
115,33908
116,33909
116,33944
231,33945
294,33971
379,33971
296,33972
297,33973
275,34072
519,34072
520,34073
264,34075
298,34094
84,34095
296,34097
100,34098
280,34101
265,34104
155,34114
154,34116
155,34117
402,34121
401,34157
45,34189
278,34190
279,34191
468,34216
45,34231
454,34232
366,34245
152,34246
367,34246
153,34247
127,34266
294,34283
379,34283
296,34284
100,34285
403,34322
45,34458
401,34499
193,34514
382,34515
155,34520
173,34567
174,34568
272,34639
160,34649
161,34650
162,34651
163,34652
11,34691
193,34713
375,34717
207,34756
208,34757
344,34762
431,34777
374,34800
115,34843
401,34857
117,34893
118,34894
234,34913
235,34914
272,34950
455,34973
456,34974
457,34975
45,35004
177,35005
470,35006
176,35069
277,35069
453,35069
46,35070
47,35071
176,35081
277,35081
453,35081
278,35082
279,35083
280,35084
455,35085
269,35135
507,35139
248,35157
249,35158
32,35159
140,35159
250,35159
155,35163
458,35171
45,35178
454,35179
237,35214
468,35237
77,35254
78,35255
79,35256
521,35296
272,35319
45,35320
46,35321
452,35336
217,35381
507,35406
40,35414
41,35415
373,35419
374,35420
296,35425
100,35426
217,35465
115,35549
207,35551
45,35616
278,35617
171,35630
131,35676
374,35693
176,35694
277,35694
453,35694
275,35740
519,35740
276,35741
505,35755
506,35756
99,35773
100,35774
275,35777
519,35777
276,35778
254,35810
117,35821
118,35822
431,35826
458,35837
213,35878
272,35905
273,35906
513,36004
514,36005
321,36023
213,36090
214,36091
507,36144
117,36153
263,36158
279,36200
279,36201
257,36203
237,36213
190,36286
366,36314
186,36384
465,36396
153,36412
154,36413
155,36414
154,36416
77,36417
78,36418
117,36525
272,36553
262,36575
272,36617
45,36618
520,36650
98,36698
294,36699
379,36699
296,36700
100,36701
344,36717
32,36724
140,36724
250,36724
76,36731
272,36748
45,36749
177,36750
101,36769
481,36769
456,36771
457,36772
323,36788
266,36789
76,36791
272,36834
273,36886
76,36905
509,36930
117,36964
318,36966
319,36967
252,36968
171,36986
213,37012
214,37013
185,37022
374,37044
319,37081
252,37082
138,37083
31,37084
139,37084
234,37110
235,37111
236,37112
275,37114
519,37114
276,37115
468,37128
115,37146
155,37152
154,37154
77,37155
234,37215
101,37230
481,37230
216,37275
217,37276
76,37332
155,37333
81,37350
82,37351
507,37362
296,37416
100,37417
457,37432
269,37465
77,37469
78,37470
79,37471
521,37474
537,37500
272,37525
176,37589
277,37589
453,37589
278,37590
279,37591
56,37603
78,37661
509,37667
272,37682
45,37683
294,37715
379,37715
295,37716
296,37717
100,37718
81,37723
161,37724
162,37725
56,37755
116,37804
117,37805
118,37806
452,37840
176,37841
277,37841
453,37841
46,37842
266,37903
511,37904
512,37905
513,37906
318,37916
262,37946
158,37956
276,37958
176,37959
277,37959
453,37959
177,37960
115,37985
314,38026
272,38027
343,38035
344,38036
293,38065
294,38066
379,38066
295,38067
296,38068
100,38069
264,38100
45,38124
257,38150
117,38154
44,38162
45,38163
278,38164
279,38165
458,38189
400,38192
117,38212
118,38213
216,38249
217,38250
102,38274
83,38322
155,38371
156,38372
319,38384
278,38391
279,38392
279,38393
279,38394
102,38417
193,38429
458,38434
10,38522
234,38528
235,38529
236,38530
266,38536
511,38537
512,38538
117,38560
149,38566
468,38584
321,38671
159,38693
96,38696
158,38737
214,38776
513,38819
514,38820
175,38829
457,39065
237,39066
458,39105
154,39117
273,39155
374,39199
176,39200
277,39200
453,39200
344,39209
171,39212
116,39219
248,39263
127,39273
273,39319
102,39375
158,39431
276,39433
274,39435
323,39498
319,39503
252,39504
374,39519
273,39613
116,39650
381,39671
342,39684
318,39829
276,39891
116,39920
314,39925
272,39926
273,39927
512,39966
205,40056
206,40057
234,40162
176,40185
277,40185
453,40185
236,40197
261,40204
271,40204
272,40205
45,40206
468,40279
155,40351
156,40352
318,40363
45,40420
115,40434
116,40435
117,40436
373,40483
374,40484
176,40485
277,40485
453,40485
272,40542
273,40543
274,40544
117,40555
257,40578
487,40608
213,40635
214,40636
115,40665
468,40737
211,40786
212,40787
213,40788
214,40789
510,40879
116,40884
231,40933
193,40950
152,41032
367,41032
172,41061
127,41084
375,41102
275,41108
519,41108
276,41109
85,41113
422,41225
214,41259
318,41311
176,41317
277,41317
453,41317
514,41367
155,41407
11,41454
381,41465
102,41498
318,41573
276,41601
507,41626
76,41643
323,41655
31,41663
139,41663
138,41668
31,41669
139,41669
76,41676
176,41683
277,41683
453,41683
46,41684
107,41719
276,41788
176,41789
277,41789
453,41789
117,41869
118,41870
275,41961
519,41961
276,41962
249,41974
32,41980
140,41980
250,41980
319,42103
275,42111
519,42111
276,42112
375,42113
372,42168
127,42219
76,42228
458,42297
452,42300
117,42317
318,42343
214,42425
176,42437
277,42437
453,42437
193,42454
33,42490
138,42532
206,42567
214,42580
206,42616
161,42636
456,42666
101,42677
481,42677
176,42726
277,42726
453,42726
76,42750
297,42780
176,42791
277,42791
453,42791
512,42798
272,42805
318,42819
117,42848
115,42895
321,42924
401,42940
216,43002
217,43003
318,43042
521,43070
422,43085
249,43151
98,43170
273,43191
171,43208
214,43220
269,43223
141,43240
251,43240
76,43272
237,43384
78,43405
79,43406
319,43445
252,43446
231,43470
374,43528
176,43529
277,43529
453,43529
242,43549
126,43559
191,43615
512,43624
468,43625
521,43719
276,43759
152,43836
367,43836
456,43876
184,43903
321,43911
236,43949
266,43975
511,43976
234,43984
254,43996
452,44064
375,44065
401,44074
281,44105
200,44116
155,44215
156,44216
158,44233
276,44235
233,44239
234,44240
235,44241
234,44281
275,44319
519,44319
276,44320
117,44345
321,44433
206,44466
262,44481
468,44526
465,44558
321,44564
117,44617
118,44618
275,44647
519,44647
276,44648
483,44651
214,44739
99,44780
100,44781
514,44811
389,44822
214,44839
216,44888
217,44889
218,44890
495,44903
172,44919
133,44939
382,44945
32,44980
140,44980
250,44980
273,44984
275,44995
519,44995
317,44998
298,45040
510,45055
126,45056
127,45057
101,45079
481,45079
102,45080
263,45088
237,45099
294,45142
379,45142
288,45143
294,45174
379,45174
288,45175
470,45213
76,45234
155,45235
318,45250
264,45261
176,45319
277,45319
453,45319
318,45323
216,45330
217,45331
218,45332
272,45334
117,45377
101,45411
481,45411
102,45412
231,45435
44,45439
45,45440
272,45475
191,45493
431,45497
162,45516
248,45548
176,45697
277,45697
453,45697
514,45708
217,45717
127,45756
452,45891
115,45895
468,45982
321,45993
214,46000
524,46053
32,46121
140,46121
250,46121
298,46131
76,46146
184,46147
230,46164
272,46193
45,46194
177,46195
321,46247
273,46251
344,46267
345,46268
234,46339
321,46347
375,46364
193,46391
382,46392
495,46396
214,46484
215,46526
155,46544
321,46613
401,46645
286,46730
287,46731
296,46732
100,46733
507,46809
507,46878
216,46911
344,46918
275,46924
519,46924
507,46992
116,47023
45,47133
454,47162
268,47186
204,47211
205,47212
321,47276
278,47348
476,47375
159,47434
294,47437
379,47437
288,47438
513,47484
509,47567
510,47568
511,47569
512,47570
213,47573
214,47574
266,47596
133,47614
111,47617
381,47650
152,47658
367,47658
269,47730
286,47790
100,47792
276,47799
375,47800
101,47816
481,47816
265,47819
266,47820
511,47821
318,47825
321,47851
319,47878
252,47879
314,47881
272,47882
273,47883
161,47917
262,47957
118,47968
76,47996
126,48002
127,48003
206,48006
319,48007
191,48010
249,48022
272,48044
281,48151
103,48152
282,48152
176,48209
277,48209
453,48209
217,48222
218,48223
521,48228
296,48231
297,48232
76,48248
234,48258
204,48261
495,48272
496,48273
366,48279
281,48344
115,48346
156,48385
40,48446
41,48447
117,48463
118,48601
100,48608
101,48609
481,48609
456,48611
156,48670
264,48759
236,48765
318,48796
456,48835
457,48836
401,48861
56,48897
57,48898
318,48936
374,48948
375,48949
153,48967
154,48968
155,48969
156,48970
249,48981
294,48988
379,48988
296,48989
100,48990
116,49076
469,49091
155,49116
112,49129
127,49190
234,49205
323,49214
216,49241
217,49242
318,49248
390,49284
76,49304
102,49329
115,49331
116,49343
276,49346
176,49347
277,49347
453,49347
273,49380
318,49383
96,49412
507,49452
374,49574
45,49611
278,49612
273,49719
152,49755
367,49755
176,49762
277,49762
453,49762
46,49763
217,49783
176,49815
277,49815
453,49815
101,49825
481,49825
381,49852
278,49937
272,49965
273,49966
389,49967
214,49981
381,50005
469,50026
470,50027
102,50070
373,50089
374,50090
176,50091
277,50091
453,50091
454,50092
281,50093
287,50124
296,50125
100,50126
507,50203
273,50232
374,50241
176,50261
277,50261
453,50261
46,50262
102,50283
382,50305
520,50353
458,50433
117,50437
318,50439
286,50483
297,50485
514,50500
276,50540
381,50557
382,50558
323,50627
273,50636
257,50647
32,50729
140,50729
250,50729
234,50772
235,50773
236,50774
510,50784
76,50786
155,50787
496,50790
254,50837
318,50841
199,50878
237,50897
171,50975
172,50976
185,51006
273,51072
99,51131
100,51132
262,51146
297,51178
154,51185
155,51186
98,51194
99,51195
266,51226
524,51314
176,51384
277,51384
453,51384
321,51415
237,51476
468,51482
193,51530
537,51544
512,51554
115,51566
319,51568
510,51579
126,51580
127,51581
401,51585
215,51592
234,51639
235,51640
236,51641
275,51643
519,51643
276,51644
381,51685
31,51709
139,51709
32,51723
140,51723
250,51723
234,51732
151,51744
152,51745
367,51745
400,51752
401,51753
248,51771
82,51980
158,52099
207,52114
133,52132
185,52133
400,52178
323,52243
275,52319
519,52319
276,52320
401,52338
457,52382
176,52405
277,52405
453,52405
214,52418
458,52427
204,52489
205,52490
206,52491
319,52492
507,52515
159,52534
102,52541
66,52546
275,52601
519,52601
276,52602
115,52606
116,52607
117,52608
214,52613
158,52694
207,52707
275,52803
519,52803
276,52804
431,52853
458,52871
115,52887
116,52888
374,52896
317,52948
212,52976
213,52977
214,52978
101,53022
481,53022
102,53023
294,53102
379,53102
295,53103
296,53104
100,53105
155,53151
112,53181
318,53199
452,53253
76,53267
133,53326
344,53366
272,53406
511,53453
213,53469
214,53521
215,53522
465,53556
319,53584
252,53585
279,53606
116,53614
172,53624
45,53655
278,53656
76,53706
184,53707
213,53729
32,53790
140,53790
250,53790
33,53791
230,53801
116,53842
268,53846
269,53847
11,53861
10,53885
141,53887
251,53887
252,53888
321,53915
151,53939
152,53940
367,53940
81,53967
206,54031
207,54032
117,54044
152,54102
367,54102
321,54141
99,54214
100,54215
381,54238
382,54239
272,54328
158,54386
520,54388
264,54390
381,54418
382,54419
39,54430
131,54468
132,54469
133,54470
272,54487
45,54488
231,54499
297,54612
248,54720
249,54721
374,54799
176,54800
277,54800
453,54800
437,54830
116,54836
294,54855
379,54855
295,54856
295,54857
296,54858
100,54859
537,54889
45,54905
269,54983
273,55047
298,55060
482,55112
483,55113
152,55149
367,55149
381,55153
108,55164
272,55215
236,55267
218,55336
272,55338
509,55416
318,55467
158,55524
31,55547
139,55547
318,55610
158,55629
276,55631
204,55665
401,55668
99,55704
100,55705
45,55737
520,55747
525,55797
261,55808
271,55808
272,55809
537,55822
266,55827
76,55829
77,55830
78,55831
115,55898
76,55925
98,55968
272,55974
520,56017
214,56023
344,56060
185,56111
162,56147
262,56178
263,56179
193,56231
171,56269
32,56300
140,56300
250,56300
342,56419
343,56420
344,56421
345,56422
264,56456
116,56471
204,56478
193,56481
512,56506
127,56573
153,56635
154,56636
45,56640
278,56641
509,56654
511,56683
176,56758
277,56758
453,56758
278,56759
279,56760
296,56767
100,56768
102,56786
141,56791
251,56791
318,56821
230,56852
31,56858
139,56858
318,56862
318,56871
510,56874
511,56875
512,56876
32,57078
140,57078
250,57078
152,57166
367,57166
266,57213
126,57214
381,57220
382,57221
383,57222
186,57288
279,57296
457,57317
45,57331
454,57332
274,57349
275,57350
519,57350
520,57351
509,57426
253,57486
44,57538
115,57544
214,57548
468,57580
138,57588
30,57599
131,57633
132,57634
133,57635
468,57709
204,57720
342,57736
343,57737
263,57740
193,57750
32,57761
140,57761
250,57761
496,57765
152,57781
367,57781
374,57797
45,57817
46,57818
509,57820
45,57890
278,57891
280,57892
515,57902
152,57915
367,57915
126,58027
127,58028
172,58052
372,58086
373,58087
374,58088
176,58089
277,58089
453,58089
177,58090
470,58091
389,58139
127,58145
45,58175
323,58205
266,58206
511,58207
344,58231
78,58242
79,58243
207,58376
248,58437
401,58443
45,58454
117,58473
118,58474
161,58578
162,58579
262,58584
214,58595
215,58596
214,58609
32,58611
140,58611
250,58611
520,58627
374,58631
217,58681
115,58687
116,58688
108,58704
280,58712
281,58713
213,58722
214,58723
215,58724
141,58762
251,58762
155,58847
156,58848
117,58866
216,58881
217,58882
457,58927
279,58947
472,58981
112,59090
272,59118
207,59194
176,59210
277,59210
453,59210
323,59258
266,59259
511,59260
176,59297
277,59297
453,59297
46,59298
511,59307
133,59371
468,59436
272,59513
456,59621
457,59622
275,59624
519,59624
520,59625
157,59654
512,59702
216,59765
217,59766
455,59784
456,59785
