446,15
447,16
448,17
195,18
215,18
344,29
260,108
428,127
427,137
434,138
350,326
351,327
129,354
214,354
381,365
382,366
174,367
383,367
450,367
175,368
226,368
175,369
226,369
175,370
226,370
384,371
451,371
382,381
220,382
427,419
184,429
234,457
249,479
250,480
388,490
388,537
250,545
203,601
225,797
175,798
226,798
168,855
169,856
174,936
383,936
450,936
175,937
226,937
175,938
226,938
291,939
382,970
489,971
448,1026
130,1027
173,1027
219,1027
449,1027
386,1035
224,1044
175,1065
226,1065
384,1066
451,1066
344,1114
490,1158
382,1224
172,1242
218,1242
374,1316
417,1317
155,1365
156,1366
261,1384
262,1385
384,1391
451,1391
389,1417
203,1419
489,1458
123,1470
158,1472
129,1479
214,1479
130,1480
173,1480
219,1480
449,1480
174,1481
383,1481
450,1481
129,1568
214,1568
448,1578
130,1579
173,1579
219,1579
449,1579
174,1580
383,1580
450,1580
374,1592
448,1614
223,1633
142,1647
124,1648
382,1725
220,1726
437,1747
168,1770
407,1824
382,1875
174,1876
383,1876
450,1876
448,1917
195,2067
215,2067
49,2126
50,2127
52,2156
224,2159
177,2161
416,2171
417,2172
448,2197
130,2198
173,2198
219,2198
449,2198
174,2199
383,2199
450,2199
175,2200
226,2200
384,2201
451,2201
119,2202
385,2202
130,2233
173,2233
219,2233
449,2233
119,2235
385,2235
386,2236
252,2238
386,2251
224,2268
225,2269
384,2270
451,2270
174,2277
383,2277
450,2277
175,2278
226,2278
175,2279
226,2279
384,2280
451,2280
452,2281
388,2287
172,2349
218,2349
169,2370
405,2375
171,2378
217,2378
172,2379
218,2379
466,2430
222,2435
223,2436
224,2473
119,2475
385,2475
386,2476
175,2489
226,2489
175,2490
226,2490
175,2491
226,2491
175,2492
226,2492
175,2493
226,2493
109,2503
145,2504
146,2505
147,2506
384,2510
451,2510
452,2511
375,2522
225,2523
176,2524
410,2531
260,2541
306,2567
307,2568
427,2571
168,2583
376,2756
91,2762
389,2778
225,2826
384,2827
451,2827
384,2861
451,2861
235,2886
331,2906
448,2951
381,2955
381,2959
382,2960
489,2961
126,2981
381,2988
321,2991
386,3006
387,3007
388,3008
448,3041
374,3059
417,3060
374,3077
389,3085
216,3104
129,3140
214,3140
130,3141
173,3141
219,3141
449,3141
131,3142
167,3146
364,3146
374,3179
51,3187
374,3191
417,3192
448,3200
365,3225
434,3273
168,3279
366,3293
388,3322
365,3345
126,3352
222,3401
223,3402
175,3465
226,3465
175,3466
226,3466
175,3467
226,3467
384,3468
451,3468
452,3469
130,3477
173,3477
219,3477
449,3477
220,3478
168,3516
307,3537
381,3557
249,3643
250,3644
211,3791
129,3833
214,3833
130,3834
173,3834
219,3834
449,3834
220,3835
408,3837
375,3842
374,3886
375,3887
225,3888
176,3889
477,3901
223,3972
222,3992
223,3993
381,4121
225,4138
175,4139
226,4139
384,4140
451,4140
452,4141
306,4166
307,4167
382,4192
52,4214
434,4231
435,4232
436,4233
93,4252
194,4255
375,4280
225,4281
164,4318
376,4358
490,4359
448,4365
448,4378
130,4379
173,4379
219,4379
449,4379
131,4380
333,4384
224,4389
225,4390
384,4391
451,4391
222,4409
223,4410
382,4440
220,4441
489,4482
225,4498
175,4499
226,4499
291,4500
233,4552
499,4601
448,4637
222,4640
223,4641
365,4801
224,4849
225,4850
291,4851
377,4852
374,4949
375,4950
225,4951
384,4952
451,4952
365,5043
126,5053
261,5092
318,5129
319,5130
168,5148
168,5157
169,5158
216,5191
171,5192
217,5192
172,5193
218,5193
195,5194
215,5194
381,5227
382,5228
220,5229
145,5236
146,5237
147,5238
168,5324
381,5426
93,5432
224,5448
447,5482
489,5550
384,5662
451,5662
476,5721
427,5733
499,5745
434,5749
331,5792
406,5832
407,5833
93,5842
119,5934
385,5934
428,5953
437,5959
261,5971
344,6013
244,6074
453,6077
454,6078
95,6091
436,6174
224,6204
124,6229
129,6301
214,6301
448,6318
382,6345
119,6347
385,6347
130,6362
173,6362
219,6362
449,6362
174,6363
383,6363
450,6363
175,6364
226,6364
384,6365
451,6365
374,6386
223,6408
224,6409
381,6416
416,6419
168,6447
344,6497
416,6524
375,6525
261,6565
499,6570
386,6597
427,6678
434,6679
335,6757
427,6759
434,6760
435,6761
436,6762
332,6778
156,6785
157,6786
499,6793
434,6794
376,6813
427,6906
428,6907
167,6913
364,6913
168,6914
424,6930
344,6998
405,7010
259,7025
426,7025
260,7026
447,7030
466,7031
167,7072
364,7072
307,7080
123,7092
466,7154
130,7236
173,7236
219,7236
449,7236
261,7342
428,7365
144,7385
332,7420
222,7444
261,7474
119,7521
385,7521
386,7522
387,7523
123,7536
124,7537
373,7553
384,7581
451,7581
499,7605
428,7606
382,7610
119,7612
385,7612
386,7613
427,7620
434,7621
476,7650
288,7658
381,7662
374,7750
375,7751
332,7769
499,7785
434,7786
352,7862
353,7863
159,7868
409,7905
374,7910
375,7911
386,7946
338,7956
130,8109
173,8109
219,8109
449,8109
220,8110
410,8147
343,8172
168,8217
386,8229
169,8366
345,8370
489,8544
434,8563
168,8570
428,8580
127,8608
381,8673
382,8674
224,8841
225,8842
384,8843
451,8843
331,8982
498,9011
124,9056
352,9083
205,9086
250,9146
388,9168
352,9173
223,9231
499,9243
307,9258
427,9261
172,9267
218,9267
318,9284
319,9285
177,9308
260,9362
261,9363
262,9364
250,9365
159,9441
306,9444
307,9445
373,9464
374,9465
389,9478
499,9567
126,9582
318,9614
319,9615
250,9638
167,9664
364,9664
476,9697
167,9731
364,9731
365,9732
434,9736
167,9776
364,9776
223,9789
408,9825
409,9826
288,9845
365,9912
381,9915
375,9942
350,9993
351,9994
344,10012
130,10049
173,10049
219,10049
449,10049
50,10063
499,10080
168,10089
344,10200
427,10206
434,10207
477,10218
120,10233
121,10234
259,10235
426,10235
194,10275
386,10301
250,10367
344,10369
184,10394
499,10419
382,10440
489,10441
336,10454
352,10463
353,10464
119,10547
385,10547
373,10582
374,10583
417,10584
184,10664
195,10699
215,10699
382,10755
489,10756
434,10762
448,10835
119,10859
385,10859
194,10895
195,10896
215,10896
373,10912
374,10913
381,10917
193,10951
194,10952
376,10992
365,11042
448,11047
130,11048
173,11048
219,11048
449,11048
489,11049
340,11124
318,11137
319,11138
233,11200
448,11236
195,11237
215,11237
225,11379
175,11380
226,11380
384,11381
451,11381
410,11402
465,11440
448,11441
272,11450
194,11495
195,11496
215,11496
448,11526
130,11527
173,11527
219,11527
449,11527
174,11528
383,11528
450,11528
291,11529
377,11530
247,11531
168,11550
427,11577
156,11608
344,11661
466,11673
365,11685
177,11716
465,11720
448,11721
264,11747
408,11758
448,11795
120,11838
194,11898
130,11899
173,11899
219,11899
449,11899
386,11919
0,11982
184,11985
130,12026
173,12026
219,12026
449,12026
489,12027
223,12057
224,12058
146,12083
147,12084
148,12085
223,12203
224,12204
167,12211
364,12211
168,12212
448,12263
409,12295
225,12324
427,12339
212,12343
318,12386
319,12387
388,12485
175,12550
226,12550
227,12551
381,12597
382,12598
261,12613
260,12621
156,12639
157,12640
407,12681
427,12693
410,12718
184,12767
224,12789
225,12790
175,12791
226,12791
291,12792
171,12794
217,12794
448,12833
452,12856
260,12867
93,12925
452,12938
291,12978
148,13018
499,13023
291,13037
262,13049
250,13050
386,13106
427,13116
381,13119
382,13120
335,13135
427,13137
434,13138
499,13173
434,13174
387,13176
388,13177
194,13196
130,13197
173,13197
219,13197
449,13197
220,13198
222,13390
389,13423
386,13437
129,13532
214,13532
130,13533
173,13533
219,13533
449,13533
220,13534
318,13552
319,13553
427,13589
434,13590
427,13630
434,13631
223,13685
408,13751
246,13758
434,13848
499,13883
434,13884
448,13942
261,14008
321,14068
260,14082
455,14088
246,14094
194,14116
195,14117
215,14117
381,14123
194,14180
130,14181
173,14181
219,14181
449,14181
220,14182
130,14195
173,14195
219,14195
449,14195
224,14269
386,14326
427,14422
50,14430
119,14545
385,14545
331,14699
222,14728
223,14729
224,14730
168,14741
193,14765
168,14855
314,14866
307,15047
382,15164
375,15185
428,15200
288,15256
409,15299
119,15329
385,15329
387,15423
381,15428
194,15466
195,15467
215,15467
216,15468
171,15469
217,15469
130,15482
173,15482
219,15482
449,15482
140,15507
145,15603
331,15656
389,15662
318,15699
319,15700
321,15757
499,15760
499,15886
382,15901
489,15902
377,15903
447,15930
448,15931
352,16010
353,16011
211,16017
130,16060
173,16060
219,16060
449,16060
174,16061
383,16061
450,16061
291,16062
94,16118
466,16135
318,16162
319,16163
378,16178
194,16182
448,16238
130,16239
173,16239
219,16239
449,16239
220,16240
204,16362
350,16391
331,16419
332,16420
225,16429
291,16430
359,16499
410,16674
375,16715
119,16717
385,16717
176,16734
365,16739
344,16760
332,16776
225,16819
175,16820
226,16820
291,16821
184,16832
376,16868
260,16951
119,16976
385,16976
386,17035
448,17073
499,17090
307,17124
119,17228
385,17228
452,17254
418,17277
250,17279
159,17320
211,17347
381,17354
382,17355
131,17356
167,17382
364,17382
168,17383
194,17399
195,17400
215,17400
406,17489
407,17490
262,17500
250,17501
382,17571
119,17573
385,17573
452,17664
366,17693
224,17723
376,17724
490,17725
448,17748
130,17749
173,17749
219,17749
449,17749
220,17750
221,17751
211,17761
261,17778
233,17793
234,17794
130,17842
173,17842
219,17842
449,17842
406,17849
407,17850
194,17930
332,17950
145,17992
146,17993
147,17994
448,18002
130,18003
173,18003
219,18003
449,18003
489,18004
490,18005
235,18023
331,18028
147,18032
148,18033
386,18223
223,18266
224,18310
225,18311
291,18312
307,18323
224,18329
129,18373
214,18373
140,18420
448,18437
94,18441
194,18510
130,18511
173,18511
219,18511
449,18511
382,18573
410,18586
382,18620
452,18622
388,18697
195,18785
215,18785
234,18841
434,18929
387,18931
263,19011
374,19126
375,19127
129,19188
214,19188
130,19189
173,19189
219,19189
449,19189
489,19190
260,19217
261,19218
262,19219
260,19346
434,19357
405,19471
320,19538
321,19539
184,19553
194,19614
382,19672
489,19673
376,19678
119,19738
385,19738
183,19744
476,19778
167,19780
364,19780
129,19788
214,19788
195,19789
215,19789
194,19816
130,19817
173,19817
219,19817
449,19817
174,19818
383,19818
450,19818
291,19819
448,19840
195,19841
215,19841
307,19907
434,20001
435,20002
126,20014
416,20050
417,20051
427,20096
428,20117
382,20121
174,20122
383,20122
450,20122
175,20123
226,20123
366,20145
437,20151
434,20179
194,20202
130,20203
173,20203
219,20203
449,20203
376,20210
145,20214
489,20220
404,20230
405,20231
227,20234
201,20239
384,20245
451,20245
119,20246
385,20246
381,20273
373,20298
365,20336
434,20343
168,20405
373,20412
374,20413
351,20472
352,20473
453,20515
454,20516
448,20525
235,20668
318,20775
319,20776
381,20779
194,20893
195,20894
215,20894
169,20927
331,20960
288,21040
225,21093
176,21094
476,21111
448,21143
130,21144
173,21144
219,21144
449,21144
177,21146
448,21180
130,21181
173,21181
219,21181
449,21181
235,21227
427,21271
428,21272
434,21282
129,21345
214,21345
130,21346
173,21346
219,21346
449,21346
174,21347
383,21347
450,21347
175,21348
226,21348
262,21363
126,21385
174,21418
383,21418
450,21418
291,21419
211,21435
374,21445
318,21457
319,21458
170,21486
171,21487
217,21487
428,21497
499,21527
288,21529
156,21578
427,21587
259,21593
426,21593
427,21594
434,21595
387,21597
406,21619
153,21631
461,21632
260,21645
261,21646
250,21705
318,21818
319,21819
225,21846
384,21847
451,21847
119,21848
385,21848
120,21849
174,21863
383,21863
450,21863
388,21893
156,21912
318,21968
129,21980
214,21980
416,22019
194,22029
389,22047
389,22063
235,22076
388,22095
223,22098
382,22106
225,22128
172,22238
218,22238
331,22277
332,22278
126,22300
448,22466
130,22467
173,22467
219,22467
449,22467
119,22515
385,22515
123,22533
124,22534
448,22539
140,22549
194,22593
221,22623
224,22627
244,22646
261,22666
262,22667
305,22708
306,22709
307,22710
319,22722
428,22761
291,22767
377,22768
381,22773
382,22774
119,22776
385,22776
386,22777
387,22778
402,22790
448,22793
222,22806
223,22807
244,22814
436,22818
434,22822
435,22823
436,22824
194,22835
453,22838
454,22839
448,22864
130,22865
173,22865
219,22865
449,22865
489,22866
490,22867
434,22900
435,22901
436,22902
434,22906
225,22929
384,22930
451,22930
119,22931
385,22931
120,22932
121,22933
259,22934
426,22934
374,22953
375,22954
225,22955
384,22956
451,22956
382,22969
427,23016
434,23017
344,23074
382,23083
321,23145
307,23148
338,23171
335,23215
120,23220
350,23378
384,23414
451,23414
119,23415
385,23415
350,23472
351,23473
425,23476
169,23562
170,23563
388,23587
260,23592
261,23593
235,23603
159,23637
418,23665
140,23683
145,23702
376,23732
490,23733
381,23765
476,23782
359,23833
499,23842
428,23843
367,23844
429,23844
407,23864
408,23865
359,23901
145,23922
366,23937
194,23978
225,24000
384,24001
451,24001
374,24014
476,24106
381,24159
169,24195
169,24228
170,24229
203,24244
147,24294
452,24298
344,24330
497,24346
448,24393
434,24411
344,24414
148,24427
402,24459
319,24492
168,24519
382,24526
489,24527
428,24590
428,24594
307,24636
194,24647
130,24648
173,24648
219,24648
449,24648
222,24690
223,24691
224,24692
386,24720
374,24833
417,24834
201,24849
224,24878
132,24880
119,24951
385,24951
386,24952
252,24954
225,25005
175,25006
226,25006
175,25007
226,25007
176,25008
194,25013
194,25043
405,25055
249,25093
224,25102
119,25104
385,25104
489,25131
448,25167
416,25170
417,25171
170,25172
476,25204
434,25251
341,25287
224,25356
225,25357
227,25358
499,25414
428,25415
167,25431
364,25431
168,25432
170,25440
171,25441
217,25441
172,25442
218,25442
130,25443
173,25443
219,25443
449,25443
321,25497
148,25500
156,25526
194,25557
444,25607
452,25614
365,25720
130,25735
173,25735
219,25735
449,25735
489,25736
331,25745
382,25763
220,25764
384,25782
451,25782
427,25841
434,25842
123,25854
347,25861
194,25900
195,25901
215,25901
194,25941
195,25942
215,25942
49,25960
50,25961
382,25974
388,26014
387,26043
169,26045
499,26057
352,26140
168,26147
365,26161
329,26215
330,26216
148,26220
381,26228
222,26260
195,26267
215,26267
248,26314
142,26375
124,26376
418,26436
434,26462
448,26500
335,26537
336,26538
374,26550
428,26662
365,26694
184,26703
407,26733
171,26751
217,26751
172,26752
218,26752
130,26753
173,26753
219,26753
449,26753
489,26754
410,26776
388,26818
250,26852
388,26908
112,26913
224,27017
194,27060
130,27061
173,27061
219,27061
449,27061
220,27062
221,27063
169,27082
235,27122
246,27158
142,27166
350,27220
130,27233
173,27233
219,27233
449,27233
174,27234
383,27234
450,27234
384,27235
451,27235
427,27244
428,27245
428,27305
366,27349
291,27464
194,27626
374,27660
375,27661
225,27662
176,27663
331,27675
444,27682
156,27695
125,27697
126,27698
407,27750
434,27769
235,27793
427,27816
434,27817
382,27892
131,27893
233,27926
427,28059
428,28060
386,28066
381,28078
382,28079
250,28101
434,28121
499,28149
428,28150
194,28173
195,28174
215,28174
448,28242
235,28342
381,28368
365,28487
366,28488
448,28508
386,28519
308,28526
388,28531
374,28533
388,28542
169,28547
418,28548
223,28574
321,28577
307,28600
308,28601
405,28619
382,28675
174,28676
383,28676
450,28676
175,28677
226,28677
388,28685
389,28686
222,28790
223,28791
224,28792
130,28798
173,28798
219,28798
449,28798
220,28799
376,28854
490,28855
250,28857
225,28878
235,28903
246,28912
499,28974
390,28996
382,29026
220,29027
147,29082
148,29083
434,29101
404,29104
405,29105
391,29113
224,29119
225,29120
132,29122
129,29127
214,29127
384,29237
451,29237
194,29249
129,29270
214,29270
195,29271
215,29271
498,29326
374,29392
381,29400
222,29428
223,29429
454,29472
455,29473
388,29521
389,29538
408,29613
381,29642
95,29651
96,29652
225,29698
176,29699
466,29706
223,29709
376,29741
225,29774
175,29775
226,29775
416,29792
365,29819
110,29832
225,29858
14,29903
14,29904
14,29905
14,29906
14,29907
14,29908
14,29909
14,29910
14,29911
14,29912
14,29913
14,29914
14,29915
14,29916
14,29917
14,29918
14,29919
14,29920
14,29921
14,29922
14,29923
14,29924
14,29925
14,29926
94,30144
95,30145
224,30177
376,30178
490,30179
465,30270
466,30271
168,30282
386,30285
126,30304
448,30317
130,30318
173,30318
219,30318
449,30318
174,30319
383,30319
450,30319
175,30320
226,30320
175,30321
226,30321
227,30322
130,30342
173,30342
219,30342
449,30342
220,30343
221,30344
222,30345
374,30348
375,30349
235,30402
236,30403
448,30425
384,30441
451,30441
452,30442
249,30468
250,30469
344,30471
345,30472
448,30491
130,30492
173,30492
219,30492
449,30492
131,30493
386,30535
344,30537
374,30551
417,30552
374,30586
382,30603
220,30604
386,30611
365,30734
358,30747
359,30748
168,30754
235,30815
388,30824
130,30909
173,30909
219,30909
449,30909
174,30910
383,30910
450,30910
175,30911
226,30911
175,30912
226,30912
176,30913
168,30939
416,30980
375,30981
225,30982
235,31027
224,31044
225,31045
176,31046
169,31085
249,31110
225,31165
175,31166
226,31166
384,31167
451,31167
119,31168
385,31168
203,31203
169,31247
418,31248
167,31281
364,31281
365,31282
427,31307
428,31308
224,31329
225,31330
175,31331
226,31331
291,31332
168,31357
389,31371
194,31391
194,31402
168,31461
382,31468
376,31491
465,31544
448,31545
381,31549
382,31550
366,31642
434,31646
434,31675
261,31731
262,31732
250,31733
366,31736
170,31743
476,31777
168,31830
169,31831
172,31860
218,31860
130,31861
173,31861
219,31861
449,31861
453,31881
465,31916
466,31917
428,31979
408,31992
366,32027
168,32061
123,32089
382,32114
174,32115
383,32115
450,32115
175,32116
226,32116
384,32117
451,32117
405,32157
171,32160
217,32160
172,32161
218,32161
386,32223
387,32224
386,32240
387,32241
381,32270
169,32279
159,32283
404,32297
405,32298
406,32299
416,32301
288,32353
147,32365
235,32371
427,32446
434,32447
94,32468
194,32478
427,32490
434,32491
428,32551
381,32594
328,32620
142,32632
260,32663
345,32699
402,32734
454,32776
455,32777
466,32785
147,32812
321,32887
499,32890
434,32891
435,32892
406,32895
407,32896
416,32924
375,32925
452,32927
320,32976
321,32977
382,32993
489,32994
261,33041
262,33042
375,33120
416,33123
434,33134
435,33135
436,33136
386,33172
234,33280
351,33293
50,33306
465,33331
466,33332
406,33338
416,33340
130,33346
173,33346
219,33346
449,33346
220,33347
374,33357
375,33358
376,33359
490,33360
250,33362
224,33379
142,33423
499,33466
203,33483
98,33500
224,33504
376,33505
448,33541
389,33547
352,33612
386,33623
156,33708
374,33722
417,33723
387,33757
168,33763
169,33764
499,33773
382,33785
264,33830
382,33899
428,33910
223,33916
123,33927
170,33935
428,33954
344,33965
390,34025
52,34095
224,34099
225,34100
194,34188
130,34189
173,34189
219,34189
449,34189
174,34190
383,34190
450,34190
175,34191
226,34191
384,34192
451,34192
168,34215
129,34230
214,34230
130,34231
173,34231
219,34231
449,34231
220,34232
49,34243
376,34255
224,34286
225,34287
384,34288
451,34288
375,34336
225,34337
291,34338
365,34380
0,34442
167,34444
364,34444
194,34457
130,34458
173,34458
219,34458
449,34458
234,34522
427,34526
434,34545
234,34602
404,34630
448,34639
235,34671
168,34682
386,34689
387,34690
168,34702
194,34730
388,34796
389,34797
120,34803
121,34804
259,34805
426,34805
260,34806
261,34807
262,34808
350,34812
261,34845
388,34871
418,34916
448,34950
224,34971
416,34974
130,35004
173,35004
219,35004
449,35004
382,35069
489,35070
382,35081
174,35082
383,35082
450,35082
175,35083
226,35083
404,35137
405,35138
130,35178
173,35178
219,35178
449,35178
220,35179
455,35187
259,35200
426,35200
427,35201
428,35202
434,35206
168,35212
167,35235
364,35235
168,35236
331,35282
448,35319
130,35320
173,35320
219,35320
449,35320
489,35321
238,35372
168,35395
404,35404
405,35405
168,35437
386,35462
235,35469
93,35580
384,35591
451,35591
452,35592
453,35593
130,35616
173,35616
219,35616
449,35616
174,35617
383,35617
450,35617
384,35618
451,35618
387,35625
382,35694
124,35732
381,35741
381,35778
499,35820
49,35834
427,35858
434,35859
387,35861
448,35905
410,35917
427,35952
434,35953
168,36003
410,36041
365,36044
195,36096
215,36096
216,36097
234,36125
318,36163
319,36164
224,36198
225,36199
175,36200
226,36200
175,36201
226,36201
384,36202
451,36202
321,36214
234,36295
183,36309
184,36310
49,36312
94,36393
452,36429
344,36530
448,36553
222,36556
466,36575
448,36617
130,36618
173,36618
219,36618
449,36618
119,36620
385,36620
448,36748
130,36749
173,36749
219,36749
449,36749
416,36771
428,36779
448,36834
408,36837
129,36885
214,36885
434,36890
435,36891
436,36892
434,36896
343,36904
490,36929
263,36931
404,36933
499,36963
434,36974
435,36975
436,36976
427,37034
434,37035
260,37080
365,37085
381,37115
319,37122
119,37130
385,37130
436,37132
407,37144
225,37253
227,37254
374,37353
375,37354
225,37355
176,37356
321,37371
374,37431
374,37478
375,37479
227,37490
201,37495
465,37524
448,37525
427,37532
288,37534
49,37580
50,37581
382,37589
174,37590
383,37590
450,37590
175,37591
226,37591
176,37592
448,37682
130,37683
173,37683
219,37683
449,37683
119,37685
385,37685
91,37704
92,37705
93,37706
366,37745
382,37841
489,37842
490,37843
235,37931
466,37946
381,37958
382,37959
365,38021
446,38025
447,38026
448,38027
168,38091
331,38117
194,38123
130,38124
173,38124
219,38124
449,38124
223,38147
224,38148
130,38163
173,38163
219,38163
449,38163
174,38164
383,38164
450,38164
175,38165
226,38165
384,38166
451,38166
434,38170
387,38172
427,38211
408,38275
259,38297
426,38297
427,38298
434,38299
435,38300
436,38301
321,38307
51,38322
223,38324
224,38325
174,38391
383,38391
450,38391
175,38392
226,38392
175,38393
226,38393
175,38394
226,38394
291,38395
201,38410
202,38411
434,38514
366,38524
452,38586
452,38622
365,38736
140,38761
476,38775
168,38818
0,38916
407,38924
409,38938
168,38999
169,39000
170,39001
0,39030
405,39033
374,39064
424,39076
332,39090
129,39154
214,39154
234,39173
382,39200
131,39201
194,39318
259,39387
426,39387
260,39388
261,39389
262,39390
427,39421
434,39422
381,39433
388,39486
259,39501
426,39501
260,39502
260,39535
261,39536
262,39537
194,39612
434,39617
428,39651
365,39678
366,39679
321,39787
381,39891
434,39921
446,39924
447,39925
448,39926
261,40058
318,40103
319,40104
260,40114
382,40185
448,40205
130,40206
173,40206
219,40206
449,40206
146,40238
147,40239
148,40240
321,40282
167,40359
364,40359
365,40360
194,40419
130,40420
173,40420
219,40420
449,40420
50,40431
434,40439
382,40485
126,40497
388,40527
448,40542
259,40553
426,40553
427,40554
262,40606
263,40607
261,40667
238,40704
168,40736
376,40738
405,40758
374,40777
140,40799
148,40838
435,40868
436,40869
250,40879
434,40885
427,40932
350,41006
144,41021
319,41078
381,41109
439,41209
338,41246
224,41291
225,41292
384,41293
451,41293
382,41317
452,41319
195,41401
215,41401
234,41409
50,41431
386,41452
387,41453
410,41521
169,41538
405,41553
261,41574
381,41601
194,41634
195,41635
215,41635
168,41664
169,41665
365,41670
382,41683
489,41684
195,41692
215,41692
365,41715
288,41717
381,41788
382,41789
131,41790
499,41868
168,41924
381,41962
167,41997
364,41997
168,41998
436,42020
170,42026
171,42027
217,42027
172,42028
218,42028
403,42048
376,42070
490,42071
260,42102
381,42112
437,42138
211,42170
321,42285
335,42293
499,42316
434,42353
387,42355
382,42437
131,42438
443,42471
342,42472
388,42474
425,42509
168,42517
169,42518
418,42519
167,42527
364,42527
168,42528
169,42529
169,42562
261,42568
307,42573
476,42579
201,42593
235,42628
416,42666
375,42667
376,42668
194,42714
195,42715
215,42715
137,42723
382,42726
382,42791
448,42805
195,42806
215,42806
261,42820
262,42821
427,42847
195,42853
215,42853
332,42991
223,43072
261,43079
388,43089
439,43121
168,43176
476,43219
386,43252
387,43253
168,43382
260,43444
476,43482
382,43529
169,43538
147,43552
148,43553
452,43627
329,43642
407,43652
365,43752
381,43759
329,43764
389,43786
416,43876
417,43877
167,43943
364,43943
365,43944
443,43956
388,43977
497,44059
375,44088
376,44089
224,44103
381,44235
381,44320
261,44467
262,44468
466,44481
344,44570
365,44595
427,44616
381,44648
245,44694
167,44740
364,44740
347,44776
321,44823
476,44838
172,44983
218,44983
436,44987
223,45042
224,45043
452,45045
260,45052
261,45053
262,45054
250,45055
365,45156
94,45232
95,45233
147,45245
261,45251
321,45267
382,45319
448,45334
335,45374
427,45376
434,45380
195,45394
215,45394
499,45434
130,45440
173,45440
219,45440
449,45440
94,45463
448,45475
195,45476
215,45476
386,45583
387,45584
499,45618
434,45619
435,45620
91,45623
382,45697
386,45736
119,45788
385,45788
386,45789
434,45912
338,45941
499,45947
434,45948
167,46001
364,46001
365,46002
224,46060
436,46100
223,46133
338,46138
428,46165
386,46171
448,46193
130,46194
173,46194
219,46194
449,46194
428,46206
376,46219
335,46282
260,46284
238,46349
129,46457
214,46457
195,46479
215,46479
0,46517
1,46518
235,46541
234,46546
235,46547
388,46595
156,46614
157,46615
158,46616
159,46617
499,46657
428,46658
345,46719
168,46746
386,46749
235,46752
205,46763
235,46794
405,46877
130,47133
173,47133
219,47133
449,47133
119,47135
385,47135
386,47136
220,47162
386,47184
252,47186
109,47249
145,47250
499,47253
174,47348
383,47348
450,47348
291,47349
168,47402
169,47403
476,47503
250,47568
249,47583
345,47664
222,47685
223,47686
224,47687
381,47799
224,47842
144,47873
145,47874
447,47881
448,47882
453,47888
126,47905
465,47956
466,47957
321,47980
343,47995
448,48044
195,48045
215,48045
384,48051
451,48051
434,48055
169,48064
418,48065
119,48117
385,48117
120,48122
168,48137
382,48209
436,48326
437,48327
144,48335
184,48501
101,48503
344,48537
416,48611
417,48612
375,48631
225,48632
384,48633
451,48633
168,48742
169,48743
386,48778
129,48832
214,48832
416,48835
253,48854
170,48871
261,48937
262,48973
263,48974
224,48991
434,49034
386,49086
224,49090
477,49108
93,49198
365,49245
261,49249
262,49250
381,49346
382,49347
119,49349
385,49349
194,49352
365,49369
194,49379
389,49387
168,49429
119,49553
385,49553
389,49571
428,49589
194,49610
130,49611
173,49611
219,49611
449,49611
174,49612
383,49612
450,49612
291,49613
410,49629
331,49712
194,49718
384,49725
451,49725
424,49736
382,49762
489,49763
377,49764
365,49786
382,49815
333,49832
234,49861
437,49904
174,49937
383,49937
450,49937
384,49938
451,49938
448,49965
126,49979
224,50025
405,50055
434,50060
382,50091
220,50092
319,50102
434,50112
407,50221
194,50231
408,50239
427,50250
382,50261
489,50262
408,50284
307,50394
168,50431
462,50465
381,50540
170,50633
171,50634
217,50634
172,50635
218,50635
225,50645
384,50646
451,50646
338,50683
194,50687
386,50776
250,50784
147,50799
148,50800
386,50817
387,50818
388,50927
388,50936
338,51031
169,51086
455,51120
386,51135
387,51136
466,51146
147,51202
427,51215
428,51216
344,51228
366,51233
382,51384
329,51467
376,51483
331,51500
249,51578
250,51579
381,51644
253,51657
427,51702
329,51758
453,51881
167,51940
364,51940
365,51941
350,51958
253,51963
94,51969
374,51986
375,51987
499,52081
434,52082
387,52084
499,52174
428,52175
261,52184
262,52185
263,52186
365,52189
126,52281
127,52282
147,52311
381,52320
319,52371
374,52381
382,52405
428,52431
119,52454
385,52454
49,52486
50,52526
427,52532
381,52602
253,52641
170,52678
201,52726
234,52793
168,52800
381,52804
436,52847
201,52885
428,52889
433,52931
260,52967
261,52968
499,53001
434,53002
428,53036
365,53075
331,53093
428,53117
234,53153
261,53200
119,53231
385,53231
386,53232
194,53393
448,53406
386,53424
194,53515
195,53516
215,53516
225,53605
175,53606
226,53606
291,53607
194,53654
130,53655
173,53655
219,53655
449,53655
174,53656
383,53656
450,53656
168,53682
95,53705
386,53757
434,53802
119,53825
385,53825
386,53826
434,53843
252,53846
94,53859
499,54043
434,54047
169,54105
386,54318
448,54328
410,54377
314,54397
93,54410
169,54459
448,54487
130,54488
173,54488
219,54488
449,54488
452,54490
195,54562
215,54562
365,54578
306,54604
365,54722
382,54800
224,54860
171,54903
217,54903
172,54904
218,54904
130,54905
173,54905
219,54905
449,54905
427,54923
376,54957
490,54958
195,54978
215,54978
404,54985
405,54986
406,54987
407,54988
387,54996
344,55013
194,55046
223,55062
224,55063
195,55098
215,55098
223,55104
233,55117
342,55145
448,55215
314,55234
448,55338
263,55417
131,55436
168,55548
434,55565
204,55570
235,55620
365,55628
381,55631
130,55737
173,55737
219,55737
449,55737
417,55750
224,55792
448,55809
147,55833
148,55834
96,55904
448,55974
94,56067
203,56080
244,56118
168,56152
466,56178
434,56251
339,56405
260,56484
259,56501
426,56501
427,56502
434,56503
387,56505
434,56523
389,56531
374,56631
130,56640
173,56640
219,56640
449,56640
174,56641
383,56641
450,56641
384,56642
451,56642
263,56655
382,56758
174,56759
383,56759
450,56759
175,56760
226,56760
291,56761
388,56804
365,56859
261,56872
262,56873
250,56874
476,56931
0,57089
167,57091
364,57091
168,57092
374,57100
417,57101
247,57103
211,57154
260,57192
344,57200
425,57238
175,57296
226,57296
384,57297
451,57297
452,57298
374,57316
129,57330
214,57330
130,57331
173,57331
219,57331
449,57331
220,57332
167,57398
364,57398
168,57399
169,57400
318,57457
319,57458
119,57464
385,57464
386,57465
390,57477
126,57488
146,57492
147,57493
148,57494
195,57539
215,57539
329,57569
168,57579
443,57801
342,57802
130,57817
173,57817
219,57817
449,57817
489,57818
490,57819
132,57866
133,57867
376,57884
130,57890
173,57890
219,57890
449,57890
174,57891
383,57891
450,57891
221,57893
222,57894
223,57895
234,57917
235,57918
205,57960
263,57973
184,57989
168,58040
382,58089
98,58098
129,58174
214,58174
130,58175
173,58175
219,58175
449,58175
452,58177
375,58348
248,58378
113,58383
193,58396
386,58413
129,58453
214,58453
130,58454
173,58454
219,58454
449,58454
167,58486
364,58486
318,58563
319,58564
466,58584
167,58610
364,58610
169,58637
418,58638
389,58685
225,58711
374,58741
417,58742
235,58844
374,58926
225,58946
175,58947
226,58947
291,58948
169,59027
365,59048
201,59109
448,59118
0,59150
374,59172
382,59210
340,59230
343,59278
344,59279
382,59297
489,59298
388,59308
168,59350
307,59376
448,59513
194,59519
244,59576
234,59611
416,59621
428,59658
434,59669
169,59703
147,59780
416,59785
417,59786
