456,12
419,122
203,125
169,452
459,490
255,515
376,519
459,537
460,538
458,546
363,553
114,596
401,688
378,739
433,760
169,854
269,868
288,868
455,870
401,1048
456,1056
457,1057
314,1067
315,1068
398,1081
378,1107
457,1112
276,1137
433,1141
218,1192
291,1198
314,1226
268,1256
377,1256
269,1257
288,1257
191,1285
401,1305
492,1315
493,1316
280,1343
374,1364
169,1415
376,1416
268,1435
377,1435
219,1570
376,1590
460,1591
493,1592
452,1646
133,1651
283,1683
132,1767
133,1768
285,1849
333,1850
242,1907
422,1938
433,2093
376,2149
268,2150
377,2150
376,2154
374,2212
459,2287
268,2288
377,2288
276,2301
189,2368
190,2369
400,2385
315,2418
316,2419
280,2466
378,2538
334,2575
335,2576
250,2637
314,2773
376,2790
362,2808
363,2809
376,2847
301,2898
189,2914
333,2922
218,2956
176,2981
400,2982
401,2983
218,2989
459,3008
268,3009
377,3009
378,3010
379,3011
492,3058
493,3059
492,3076
493,3077
376,3084
419,3148
492,3178
493,3179
492,3190
493,3191
219,3202
269,3235
288,3235
433,3241
132,3276
133,3277
459,3322
268,3323
377,3323
378,3324
314,3333
176,3352
268,3390
377,3390
133,3394
379,3406
460,3637
332,3674
219,3760
363,3796
493,3886
455,3919
456,3920
250,3954
276,3961
376,3969
133,4072
495,4176
328,4182
375,4249
170,4250
369,4251
269,4290
288,4290
489,4343
217,4767
149,4805
150,4806
363,4855
492,4948
493,4949
314,4953
113,5025
176,5053
400,5054
204,5091
472,5186
238,5278
133,5301
332,5330
269,5421
288,5421
369,5431
335,5558
204,5593
190,5611
315,5680
149,5845
301,5889
189,5992
433,6058
220,6077
433,6157
315,6158
362,6171
132,6215
150,6227
433,6337
460,6385
493,6386
249,6387
362,6398
314,6411
249,6420
378,6462
190,6468
218,6595
314,6606
315,6607
172,6705
133,6709
202,6726
314,6874
315,6875
362,6879
161,6931
203,6949
376,7073
314,7238
256,7358
314,7407
172,7447
501,7476
315,7492
316,7493
190,7524
461,7554
379,7599
217,7609
285,7619
397,7624
362,7717
433,7718
433,7735
493,7750
314,7753
363,7777
133,7825
433,7891
460,7909
493,7910
276,7950
267,7981
433,8005
417,8011
314,8128
315,8129
316,8130
317,8131
458,8191
190,8192
133,8215
315,8220
172,8298
189,8324
362,8697
433,8698
218,8730
437,8782
276,8809
433,8877
315,8878
276,8995
452,9071
461,9080
499,9144
458,9147
189,9167
459,9168
460,9169
461,9170
314,9183
250,9233
133,9415
493,9465
363,9484
254,9490
255,9491
283,9524
176,9582
400,9583
458,9639
398,9701
437,9751
419,9778
376,9786
117,9935
133,9953
458,9983
314,10051
241,10073
268,10142
377,10142
495,10257
172,10320
452,10431
201,10502
493,10583
268,10612
377,10612
287,10768
454,10842
142,10844
218,10878
493,10913
219,10954
149,11016
276,11203
255,11257
254,11266
255,11267
289,11347
290,11348
314,11382
315,11383
218,11397
315,11399
251,11444
203,11470
278,11559
458,11589
169,11684
456,11772
132,11792
219,11797
327,11824
190,11849
317,11933
270,11980
289,12076
172,12197
376,12200
333,12228
401,12232
363,12241
251,12278
172,12333
172,12377
133,12403
189,12436
459,12485
268,12486
377,12486
378,12487
433,12514
400,12525
414,12700
218,12713
315,12715
287,12912
142,13070
275,13095
276,13096
189,13129
459,13177
268,13178
377,13178
269,13179
288,13179
390,13217
150,13340
363,13365
172,13393
255,13404
362,13435
315,13522
327,13560
378,13586
132,13593
133,13594
204,13690
203,13696
204,13697
268,13811
377,13811
397,13851
132,13887
133,13888
133,14040
217,14056
218,14057
499,14148
500,14149
287,14311
218,14349
241,14398
491,14426
433,14442
328,14629
329,14630
413,14648
433,14673
203,14809
452,14823
453,14824
454,14825
433,14886
217,15163
204,15221
500,15239
203,15253
276,15376
218,15408
190,15424
453,15439
454,15440
238,15494
400,15522
218,15621
315,15623
238,15764
454,15915
390,15944
219,15969
218,15986
433,16071
315,16072
315,16277
285,16366
433,16398
315,16399
218,16406
287,16436
378,16437
399,16663
204,16847
190,16866
420,16939
335,16962
190,17008
413,17027
172,17045
276,17154
454,17421
458,17502
454,17507
378,17522
376,17533
132,17576
287,17700
203,17776
204,17777
413,17918
314,18018
378,18137
218,18221
376,18296
268,18297
377,18297
378,18298
379,18299
315,18304
219,18375
363,18411
364,18412
420,18519
413,18580
170,18605
171,18606
172,18607
142,18630
457,18695
458,18696
459,18697
268,18698
377,18698
362,18761
133,18814
363,18852
433,18936
287,18939
378,18940
284,18995
133,19029
454,19054
276,19113
493,19126
499,19132
218,19169
401,19236
433,19278
363,19329
285,19345
190,19417
362,19520
401,19575
453,19628
172,19718
433,19722
376,19781
189,19809
413,19862
433,19986
433,19998
176,20014
400,20015
385,20098
217,20120
458,20143
172,20159
433,20163
390,20235
283,20279
284,20280
285,20281
419,20287
456,20309
457,20310
458,20311
493,20413
378,20445
218,20459
454,20485
220,20515
254,20553
161,20559
367,20609
149,20650
290,20670
189,20673
190,20674
152,20728
455,20732
456,20733
433,20748
218,20780
315,20782
269,20911
288,20911
458,20946
190,20947
171,20975
378,21059
379,21060
176,21385
400,21386
401,21387
218,21395
492,21444
493,21445
203,21495
133,21540
316,21601
285,21605
190,21687
391,21690
433,21796
149,21802
116,21835
458,21892
459,21893
460,21894
133,21937
191,21952
219,21982
172,22009
376,22062
189,22094
459,22095
314,22108
362,22149
433,22150
374,22191
375,22192
419,22194
420,22195
421,22196
363,22201
176,22300
400,22301
401,22302
276,22348
218,22416
390,22469
390,22529
390,22629
413,22641
499,22651
500,22652
314,22701
315,22702
146,22705
147,22706
148,22707
171,22749
203,22820
219,22837
220,22838
172,22890
203,22904
492,22952
493,22953
314,22957
434,22958
390,22971
267,22978
268,22979
377,22979
376,23007
460,23008
461,23009
132,23020
314,23085
376,23103
219,23206
333,23217
287,23297
170,23304
489,23477
218,23539
152,23543
459,23587
268,23588
377,23588
378,23589
452,23776
333,23799
493,24014
249,24015
268,24052
377,24052
378,24053
189,24080
433,24085
218,24156
138,24210
217,24285
181,24313
189,24333
315,24407
291,24415
172,24516
362,24537
268,24552
377,24552
269,24553
288,24553
268,24572
377,24572
251,24610
314,24650
454,24653
432,24718
238,24786
493,24833
400,24918
219,25045
432,25152
363,25153
268,25225
377,25225
255,25281
401,25324
390,25359
217,25418
456,25462
457,25463
458,25464
190,25465
191,25466
133,25530
189,25690
190,25691
367,25769
132,25845
385,25873
457,25883
458,25884
149,25920
458,26013
459,26014
268,26015
377,26015
378,26016
190,26044
287,26051
132,26096
433,26100
287,26103
285,26155
190,26257
452,26374
133,26379
455,26400
228,26419
500,26424
333,26434
268,26471
377,26471
378,26472
171,26524
376,26548
460,26549
493,26550
189,26568
287,26770
433,26788
459,26818
283,26850
458,26853
459,26908
268,26909
377,26909
335,26940
390,27019
437,27074
452,27165
218,27196
219,27197
314,27236
315,27237
374,27314
217,27352
218,27353
362,27377
499,27398
314,27454
315,27455
316,27456
204,27472
493,27660
176,27698
142,27784
376,27847
149,27919
329,27928
254,27948
363,27957
254,27983
255,27984
149,28001
150,28002
422,28071
458,28102
432,28111
432,28117
433,28118
420,28187
421,28188
379,28264
280,28286
171,28332
219,28510
459,28531
460,28532
493,28533
335,28535
459,28542
268,28543
377,28543
269,28544
288,28544
362,28581
204,28638
269,28651
288,28651
189,28684
459,28685
133,28705
379,28779
376,28865
268,28866
377,28866
269,28867
288,28867
289,28868
314,28896
218,28945
276,28956
437,29098
182,29113
133,29168
278,29192
457,29212
458,29213
190,29214
314,29217
315,29218
456,29246
250,29296
250,29311
241,29357
492,29391
493,29392
178,29396
191,29463
204,29485
459,29521
268,29522
377,29522
269,29549
288,29549
218,29643
254,29647
458,29728
190,29729
452,29802
351,29848
22,29903
23,29903
24,29903
22,29904
23,29904
24,29904
22,29905
23,29905
24,29905
22,29906
23,29906
24,29906
22,29907
23,29907
24,29907
22,29908
23,29908
24,29908
22,29909
23,29909
24,29909
22,29910
23,29910
24,29910
22,29911
23,29911
24,29911
22,29912
23,29912
24,29912
22,29913
23,29913
24,29913
22,29914
23,29914
24,29914
22,29915
23,29915
24,29915
22,29916
23,29916
24,29916
22,29917
23,29917
24,29917
22,29918
23,29918
24,29918
22,29919
23,29919
24,29919
22,29920
23,29920
24,29920
22,29921
23,29921
24,29921
22,29922
23,29922
24,29922
22,29923
23,29923
24,29923
22,29924
23,29924
24,29924
22,29925
23,29925
24,29925
22,29926
23,29926
24,29926
283,29935
254,30168
255,30169
283,30183
172,30279
176,30304
492,30347
493,30348
170,30391
455,30404
419,30436
401,30516
454,30529
375,30548
376,30549
460,30550
493,30551
376,30584
460,30585
493,30586
276,30712
169,30753
191,30780
133,30812
459,30824
268,30825
377,30825
283,30900
191,30940
376,30948
270,31020
417,31083
285,31306
434,31341
287,31524
390,31552
378,31618
203,31673
432,31687
433,31688
333,31695
458,31734
314,31789
369,31803
255,31820
220,31881
221,31882
181,31959
378,32003
379,32004
390,32023
458,32040
217,32113
376,32129
190,32225
401,32251
133,32254
462,32266
169,32347
327,32369
419,32384
332,32416
249,32582
452,32631
314,32650
369,32790
362,32797
433,32798
315,32799
315,32837
462,32847
171,32867
314,32910
327,32996
150,33150
378,33308
249,33341
493,33357
458,33363
190,33364
191,33365
492,33395
461,33396
452,33422
335,33448
238,33463
385,33468
276,33575
191,33672
457,33688
458,33689
190,33690
492,33721
493,33722
171,33759
172,33760
314,33787
314,33792
419,33841
133,33884
314,33901
499,34042
314,34289
172,34369
460,34387
461,34388
401,34434
376,34445
189,34507
432,34646
189,34795
459,34796
218,34801
149,34854
459,34871
268,34872
377,34872
301,34910
189,34935
454,34940
378,35058
379,35059
132,35209
133,35210
217,35336
275,35367
276,35368
169,35394
191,35438
400,35554
220,35593
221,35594
314,35619
327,35654
269,35720
288,35720
315,35759
142,35831
401,35879
219,35907
315,36038
333,36129
203,36151
117,36178
401,36433
315,36497
132,36550
114,36560
285,36610
333,36611
400,36629
401,36630
291,36639
255,36720
455,36787
456,36788
457,36789
170,36857
203,36894
203,36972
203,36978
374,37083
375,37084
218,37194
328,37208
390,37255
461,37324
493,37353
376,37429
460,37430
493,37431
492,37477
493,37478
390,37491
499,37748
217,37840
457,37903
458,37904
190,37905
172,38088
314,38126
314,38167
171,38174
133,38254
455,38351
419,38374
333,38432
457,38536
458,38537
190,38538
133,38670
385,38738
172,38815
333,38851
289,38877
290,38878
501,39017
413,39040
414,39041
300,39053
376,39062
460,39063
493,39064
379,39242
218,39247
287,39323
218,39434
379,39460
386,39480
459,39486
460,39487
455,39497
456,39498
501,39523
401,39558
132,39620
133,39621
378,39699
218,39721
269,39820
288,39820
362,39867
218,39892
190,39966
413,39996
218,40033
204,40057
400,40150
161,40175
315,40306
287,40314
269,40315
288,40315
314,40422
176,40497
400,40498
149,40521
189,40526
459,40527
268,40528
377,40528
172,40539
191,40633
314,40644
454,40647
276,40733
493,40777
376,40826
268,40827
377,40827
156,40908
149,40947
117,40955
133,41028
453,41119
149,41159
315,41184
302,41208
400,41258
362,41330
363,41331
376,41337
268,41338
377,41338
351,41527
433,41571
218,41602
455,41654
456,41655
375,41663
374,41668
375,41669
454,41700
276,41762
301,41820
287,41836
133,41840
314,41904
203,41938
287,41951
150,41956
151,41957
170,41975
171,41976
172,41977
269,42037
288,42037
285,42101
376,42158
276,42186
156,42205
333,42295
217,42300
500,42306
452,42336
422,42340
452,42371
203,42379
459,42474
268,42475
377,42475
269,42476
288,42476
489,42510
374,42532
203,42566
204,42567
203,42615
204,42616
314,42728
433,42759
314,42793
315,42794
190,42798
202,42828
203,42829
433,42881
315,42882
133,42923
432,42932
300,42950
149,42980
189,43016
241,43064
459,43089
268,43090
377,43090
269,43091
288,43091
301,43119
302,43120
146,43137
376,43152
276,43173
219,43192
413,43234
133,43261
378,43326
149,43401
378,43441
314,43496
189,43623
190,43624
317,43669
218,43760
218,43868
362,43953
361,43958
362,43959
457,43975
458,43976
459,43977
268,43978
377,43978
433,43998
189,44044
217,44064
301,44178
218,44236
133,44254
276,44267
500,44278
376,44381
334,44459
204,44466
400,44499
218,44676
170,44741
171,44742
172,44743
391,44794
285,44808
333,44809
133,44978
149,45030
133,45154
420,45185
421,45186
314,45321
379,45338
170,45726
276,45809
362,45878
217,45891
149,45906
398,45997
399,45998
400,45999
315,46136
315,46253
269,46308
288,46308
149,46388
287,46421
269,46422
288,46422
385,46445
400,46483
459,46595
454,46635
221,46664
276,46777
133,47014
500,47115
401,47124
289,47128
203,47307
433,47391
133,47400
458,47569
190,47570
191,47571
457,47596
322,47644
276,47750
457,47820
458,47821
314,47844
315,47845
133,47867
376,47869
268,47870
377,47870
219,47884
220,47888
221,47889
172,47902
176,47905
378,47913
378,47925
204,48006
170,48017
376,48023
460,48024
314,48052
454,48086
362,48120
327,48129
181,48152
314,48211
314,48315
287,48348
315,48389
189,48511
275,48668
268,48672
377,48672
379,48760
390,48771
189,48792
501,48879
432,49084
146,49102
379,49132
329,49167
172,49208
456,49214
500,49296
133,49367
138,49425
314,49508
315,49509
149,49521
172,49525
218,49575
172,49808
270,49828
314,49939
176,49979
400,49980
378,50040
379,50041
132,50115
133,50116
286,50158
218,50242
315,50293
269,50301
288,50301
117,50377
218,50541
419,50588
420,50589
172,50604
455,50626
456,50627
219,50637
455,50716
433,50839
218,50852
219,50853
459,50927
268,50928
377,50928
189,50935
459,50936
218,51162
219,51163
457,51226
189,51231
413,51351
401,51353
113,51446
149,51527
189,51538
190,51554
362,51559
333,51606
169,51624
376,51625
218,51645
133,51654
375,51709
170,51710
172,51735
287,51804
287,51864
269,51865
288,51865
220,51881
221,51882
378,51912
287,51934
493,51986
314,51989
315,51990
269,52208
288,52208
270,52209
456,52243
176,52281
218,52321
149,52325
492,52380
493,52381
390,52407
204,52491
275,52577
492,52630
461,52631
462,52632
390,52649
455,52732
189,52744
218,52805
331,52965
332,52966
290,53007
378,53225
217,53253
146,53317
147,53318
148,53319
268,53417
377,53417
458,53453
191,53467
401,53470
400,53520
133,53553
203,53622
169,53681
401,53730
433,53733
315,53734
254,53780
255,53781
250,53798
133,53914
203,54030
204,54031
285,54099
434,54150
276,54160
301,54209
390,54311
433,54504
133,54522
378,54614
419,54635
420,54636
314,54660
315,54661
422,54794
314,54862
315,54863
433,54885
314,54907
315,54908
385,54925
474,54949
219,55048
335,55112
240,55158
316,55227
398,55304
255,55334
287,55364
269,55365
288,55365
422,55380
314,55458
385,55525
375,55547
169,55662
315,55711
314,55731
240,55806
457,55827
276,55971
269,56007
288,56007
399,56021
400,56022
433,56089
315,56155
133,56169
400,56175
269,56195
288,56195
133,56298
133,56352
190,56506
376,56512
268,56513
377,56513
376,56530
189,56601
376,56629
460,56630
493,56631
314,56643
189,56670
458,56683
171,56702
172,56703
433,56707
459,56804
375,56858
458,56875
190,56876
289,56902
268,56921
377,56921
269,56922
288,56922
171,56946
133,57076
419,57079
420,57080
460,57099
493,57100
419,57140
457,57213
489,57239
493,57316
218,57348
421,57403
175,57487
176,57488
400,57489
314,57505
315,57506
374,57588
170,57665
390,57711
133,57759
218,57798
413,57811
455,57845
461,57941
462,57942
376,57976
401,58034
203,58050
362,58154
461,58188
269,58202
288,58202
455,58204
456,58205
457,58206
458,58207
455,58213
183,58268
290,58291
269,58323
288,58323
314,58350
378,58388
397,58415
419,58500
400,58594
376,58684
285,58738
286,58739
493,58741
493,58926
327,58950
133,58974
419,59085
492,59171
493,59172
315,59228
333,59251
456,59258
457,59259
458,59260
171,59262
472,59270
458,59307
459,59308
433,59325
268,59468
377,59468
287,59481
172,59491
437,59498
316,59500
362,59547
171,59630
172,59631
190,59702
172,59762
