396,16
113,29
324,67
318,95
195,149
484,259
321,293
102,302
237,403
463,403
464,404
484,423
485,424
145,425
486,425
146,426
244,452
322,455
248,512
148,518
149,519
150,538
245,573
323,638
160,650
323,701
324,702
286,753
173,834
244,854
179,855
420,917
93,922
245,979
276,1035
437,1058
438,1059
113,1114
145,1121
486,1121
146,1122
177,1367
281,1395
244,1415
149,1416
265,1575
149,1590
150,1591
237,1594
463,1594
265,1650
245,1653
464,1715
160,1727
104,1742
62,1766
63,1767
179,1770
207,1805
440,1846
236,1851
93,1859
472,1909
351,1984
334,2111
371,2126
147,2147
148,2148
149,2149
178,2153
149,2154
325,2155
199,2156
252,2167
34,2175
100,2202
62,2204
100,2235
276,2236
277,2237
406,2240
407,2241
276,2251
277,2252
270,2388
142,2460
100,2475
276,2476
51,2502
146,2526
147,2527
257,2549
235,2574
179,2583
148,2597
245,2598
291,2634
192,2712
191,2749
58,2769
149,2790
356,2797
355,2808
82,2818
147,2845
148,2846
149,2847
407,2853
173,2885
174,2886
236,2923
54,2946
356,2986
276,3006
464,3044
147,3065
325,3070
149,3084
318,3096
438,3097
245,3147
352,3226
173,3237
61,3274
353,3274
62,3275
63,3276
179,3279
180,3280
181,3281
350,3388
438,3444
439,3445
147,3514
148,3515
179,3516
270,3612
150,3637
437,3645
357,3659
464,3845
425,3852
426,3853
427,3854
147,3856
148,3857
399,3875
147,3925
148,3926
198,3934
149,3969
325,3970
145,3974
486,3974
146,3975
257,3978
258,3979
265,4019
397,4055
265,4071
245,4074
195,4082
206,4101
237,4105
463,4105
199,4214
237,4304
463,4304
216,4398
58,4495
275,4510
265,4596
256,4598
257,4599
125,4616
374,4628
407,4651
352,4802
180,4906
145,4907
486,4907
146,4908
147,4909
93,4944
258,4975
427,5006
147,5008
438,5021
439,5022
352,5044
102,5046
274,5067
179,5148
179,5157
112,5203
237,5225
463,5225
237,5272
463,5272
265,5300
146,5321
147,5322
148,5323
179,5324
180,5325
58,5347
246,5479
396,5482
397,5483
234,5509
248,5564
248,5675
235,5736
192,5808
258,5881
100,5934
147,5946
352,5994
61,5995
353,5995
354,5996
113,6013
274,6075
406,6170
355,6171
275,6172
62,6214
63,6215
100,6347
150,6385
355,6398
179,6447
237,6449
463,6449
180,6469
145,6470
486,6470
146,6471
147,6472
35,6475
144,6478
248,6485
249,6486
250,6487
113,6497
146,6528
147,6529
276,6597
303,6653
277,6681
278,6682
265,6708
245,6711
93,6783
189,6784
406,6878
355,6879
179,6914
113,6998
396,7030
188,7071
149,7073
83,7136
397,7145
104,7284
105,7285
106,7286
350,7302
351,7303
352,7304
61,7305
353,7305
303,7363
256,7497
100,7521
276,7522
303,7544
390,7561
100,7612
276,7613
277,7614
191,7625
146,7665
270,7679
438,7700
405,7715
406,7716
355,7717
351,7745
293,7860
440,7877
324,7908
150,7909
273,7943
274,7944
275,7945
276,7946
112,7959
245,8001
146,8016
438,8075
160,8111
144,8178
237,8194
463,8194
265,8214
179,8217
276,8229
277,8230
145,8252
486,8252
146,8253
321,8304
190,8332
356,8394
270,8423
426,8506
427,8507
440,8516
248,8519
237,8532
463,8532
357,8533
81,8538
62,8555
303,8561
148,8569
179,8570
195,8660
406,8696
355,8697
303,8894
245,8928
147,8935
148,8936
245,8937
236,9013
265,9058
248,9060
318,9068
438,9069
248,9120
150,9169
160,9239
173,9419
272,9481
273,9482
274,9483
93,9663
245,9665
247,9685
189,9699
190,9700
93,9730
303,9764
188,9775
245,9777
149,9786
325,9787
265,9952
318,9974
438,9975
439,9976
113,10012
147,10087
148,10088
179,10089
356,10135
238,10136
113,10200
245,10250
146,10278
147,10279
276,10301
390,10343
113,10369
265,10399
256,10401
257,10402
438,10429
100,10547
195,10607
93,10738
58,10780
195,10790
100,10859
237,10915
463,10915
265,10938
461,10967
356,10974
464,10975
352,11043
318,11055
438,11056
303,11058
439,11136
248,11309
257,11505
179,11550
265,11635
334,11642
113,11661
244,11684
167,11747
62,11791
63,11792
245,11802
275,11837
237,11851
463,11851
276,11919
438,11929
102,11936
103,11937
325,12055
322,12155
323,12156
303,12170
146,12183
147,12198
148,12199
149,12200
325,12201
238,12207
93,12210
179,12212
173,12218
279,12257
280,12258
427,12259
350,12348
147,12378
257,12453
258,12454
350,12571
237,12574
463,12574
172,12630
303,12686
258,12781
427,12844
428,12845
235,12935
249,12944
250,12945
93,12949
245,12990
333,13005
437,13051
276,13106
277,13140
462,13148
438,13203
257,13339
274,13364
190,13408
191,13409
355,13435
275,13436
276,13437
274,13443
142,13583
61,13591
353,13591
62,13592
63,13593
270,13596
206,13609
61,13632
353,13632
124,13680
399,13709
192,13757
356,13839
270,13874
61,13885
353,13885
62,13886
63,13887
190,13890
191,13891
438,13907
457,13966
191,14014
265,14039
245,14042
34,14045
438,14072
303,14074
407,14093
195,14206
276,14326
277,14327
265,14438
252,14541
100,14545
252,14724
179,14741
275,14790
191,14827
356,14829
188,14847
148,14854
179,14855
180,14856
145,14857
486,14857
146,14858
265,14861
91,14872
92,14873
265,14880
93,14977
437,14988
438,14989
322,15031
438,15137
160,15187
426,15280
427,15281
397,15285
398,15286
100,15329
270,15379
237,15426
463,15426
173,15443
55,15447
438,15542
439,15543
440,15544
403,15584
257,15604
195,15646
438,15697
439,15698
438,15734
93,15793
396,15930
55,16009
274,16070
189,16083
257,16090
206,16103
415,16105
274,16222
356,16223
462,16275
248,16310
397,16390
191,16396
318,16415
280,16494
245,16526
440,16537
350,16554
246,16556
193,16587
415,16649
271,16706
272,16707
100,16717
146,16736
147,16737
148,16738
113,16760
291,16764
142,16797
455,16876
245,16895
58,16959
161,16963
162,16964
100,16976
438,17000
237,17010
463,17010
276,17035
147,17046
148,17047
245,17048
100,17228
235,17275
356,17352
438,17362
179,17383
352,17443
149,17533
270,17553
270,17562
100,17573
62,17575
63,17576
195,17578
237,17589
463,17589
464,17590
373,17627
351,17692
206,17754
186,17756
318,17817
237,17939
463,17939
280,17981
427,17982
246,17989
173,18022
174,18023
209,18024
281,18050
195,18121
195,18154
276,18223
411,18261
325,18264
148,18295
149,18296
319,18308
160,18331
246,18345
71,18389
483,18544
324,18599
270,18657
356,18666
333,18677
193,18735
355,18761
190,18849
191,18850
350,18855
332,18881
333,18882
237,18886
463,18886
464,18887
195,18904
230,18956
245,19031
274,19067
356,19068
238,19248
191,19276
237,19335
463,19335
464,19336
275,19383
246,19467
355,19520
58,19606
440,19639
248,19642
91,19657
92,19658
356,19662
356,19731
100,19738
149,19781
318,19831
438,19832
303,19834
191,19866
281,19873
189,19961
146,19994
303,20032
484,20208
100,20246
322,20284
323,20285
61,20344
353,20344
420,20372
252,20391
179,20405
59,20481
174,20668
318,20798
438,20808
145,20851
486,20851
146,20852
146,20885
385,20898
270,20939
350,20973
437,20979
147,20988
148,20989
245,20990
147,20995
142,21063
256,21070
189,21113
237,21164
463,21164
173,21226
174,21227
147,21368
248,21430
83,21478
146,21515
265,21518
265,21539
257,21612
352,21626
437,21706
439,21739
440,21740
281,21772
438,21777
303,21779
100,21848
397,21887
150,21894
275,21902
440,21932
265,21936
147,22010
214,22052
215,22053
149,22062
318,22074
174,22076
325,22096
406,22148
355,22149
245,22193
229,22220
201,22222
245,22235
438,22247
145,22296
486,22296
146,22297
147,22328
147,22361
100,22515
101,22516
102,22517
265,22536
180,22576
397,22615
274,22647
483,22689
248,22695
350,22747
356,22771
100,22776
276,22777
274,22815
275,22816
147,22891
148,22892
245,22893
194,22920
100,22931
303,23000
149,23007
150,23008
61,23018
353,23018
62,23019
63,23020
303,23060
113,23074
149,23103
437,23186
438,23187
236,23218
93,23390
100,23415
350,23434
418,23476
322,23519
245,23556
125,23566
174,23603
173,23618
245,23655
460,23754
437,23794
236,23800
484,23998
189,24108
438,24172
256,24238
303,24278
146,24288
347,24314
113,24330
246,24335
303,24341
332,24377
333,24378
425,24382
113,24414
455,24451
456,24452
457,24453
147,24517
148,24518
179,24519
354,24536
355,24537
275,24546
145,24674
486,24674
146,24675
54,24678
275,24719
276,24720
39,24932
191,24935
248,24941
100,24951
276,24952
277,24953
236,24988
54,25050
100,25104
322,25178
323,25179
303,25243
277,25253
278,25254
71,25276
356,25327
324,25382
93,25430
179,25432
265,25529
215,25537
173,25596
265,25642
93,25711
61,25843
353,25843
62,25844
63,25845
257,25866
303,25870
352,25886
277,25888
356,25905
464,25906
245,25946
371,25960
318,26034
352,26041
322,26065
62,26095
63,26096
55,26139
179,26147
180,26148
145,26149
486,26149
146,26150
246,26174
274,26225
356,26226
265,26378
236,26387
237,26388
463,26388
324,26470
149,26548
150,26549
248,26687
178,26693
303,26768
191,26945
322,27040
274,27106
174,27122
209,27123
173,27124
245,27151
195,27211
397,27276
193,27285
440,27341
438,27367
354,27376
355,27377
460,27450
461,27451
274,27539
356,27540
270,27588
303,27708
206,27742
61,27770
353,27770
188,27781
189,27782
174,27793
277,27819
278,27820
149,27847
270,27872
125,27981
236,28064
276,28066
356,28112
214,28155
245,28320
437,28336
174,28342
356,28366
438,28497
275,28504
101,28505
276,28519
150,28532
355,28581
275,28582
101,28583
461,28587
462,28588
160,28622
426,28663
160,28800
437,28858
149,28865
202,28900
203,28901
174,28903
209,28904
192,28911
322,29051
448,29092
256,29160
215,29180
436,29194
437,29195
437,29203
274,29397
356,29398
425,29436
356,29506
238,29507
318,29515
350,29536
109,29833
440,30105
125,30166
58,30192
321,30227
147,30280
148,30281
179,30282
276,30285
352,30310
61,30311
353,30311
178,30390
174,30402
175,30403
245,30435
113,30471
356,30519
464,30520
276,30535
113,30537
51,30546
149,30549
150,30550
149,30584
150,30585
276,30611
404,30625
438,30628
439,30629
55,30642
270,30649
244,30753
179,30754
83,30787
265,30805
265,30808
265,30811
174,30815
484,30873
438,30896
146,30936
147,30937
148,30938
179,30939
149,30948
356,30967
464,30968
484,31016
174,31027
209,31028
439,31030
440,31031
319,31042
146,31048
147,31049
193,31059
265,31070
398,31077
399,31078
438,31091
100,31168
101,31169
102,31170
484,31199
407,31267
270,31321
179,31357
192,31367
460,31375
148,31460
179,31461
54,31504
398,31511
323,31600
58,31615
425,31661
160,31666
236,31696
179,31830
245,31857
147,31875
190,31877
191,31878
337,31893
280,31926
248,31935
347,31960
179,32061
149,32129
270,32141
276,32223
237,32227
463,32227
425,32236
276,32240
265,32253
244,32347
245,32348
174,32371
319,32450
303,32549
270,32606
270,32635
236,32709
206,32752
356,32763
355,32797
102,32822
332,32841
58,33019
357,33036
246,33058
264,33061
114,33077
276,33172
397,33268
188,33321
58,33405
323,33545
324,33546
55,33611
276,33623
103,33650
177,33709
352,33755
147,33761
148,33762
179,33763
385,33768
303,33778
235,33789
39,33796
274,33812
356,33813
238,33814
397,33825
167,33830
265,33883
145,33918
486,33918
146,33919
303,33943
113,33965
280,33997
199,34095
256,34146
425,34161
426,34162
427,34163
179,34215
146,34219
160,34233
371,34243
372,34244
322,34246
235,34291
55,34375
352,34381
150,34387
188,34443
149,34445
277,34547
428,34633
356,34647
464,34648
174,34671
179,34682
275,34688
276,34689
179,34702
356,34759
188,34779
265,34838
195,34840
258,34855
256,34928
147,35011
180,35016
145,35017
486,35017
464,35100
147,35132
245,35159
484,35169
61,35207
353,35207
62,35208
63,35209
179,35212
93,35234
179,35236
437,35272
244,35394
179,35395
180,35396
71,35415
235,35430
236,35431
237,35432
463,35432
179,35437
438,35447
276,35462
174,35469
147,35596
356,35739
112,35746
237,35776
463,35776
437,35785
438,35786
356,35812
188,35828
189,35829
371,35834
103,35935
147,36001
148,36002
179,36003
189,36092
146,36110
147,36111
439,36162
319,36196
236,36212
438,36242
265,36269
195,36271
371,36312
372,36313
427,36354
112,36529
113,36530
62,36549
63,36550
145,36613
486,36613
146,36614
100,36620
485,36689
145,36690
486,36690
148,36723
245,36724
256,36799
194,36921
265,36923
103,36994
270,37015
271,37016
272,37017
144,37090
237,37113
463,37113
100,37130
37,37184
280,37265
427,37266
428,37267
427,37304
428,37305
147,37427
148,37428
149,37429
150,37430
425,37513
318,37562
438,37563
371,37580
440,37651
100,37685
206,37716
256,37831
59,37887
174,37931
146,37997
147,37998
352,38022
396,38026
206,38067
147,38089
148,38090
179,38091
237,38093
463,38093
484,38187
209,38216
265,38253
54,38343
83,38382
236,38433
189,38442
190,38443
459,38507
460,38508
461,38509
462,38510
461,38656
465,38694
466,38695
147,38816
148,38817
179,38818
188,38917
385,38963
440,38970
147,38997
148,38998
179,38999
149,39062
150,39063
53,39123
54,39124
248,39145
303,39218
92,39225
397,39257
398,39258
248,39342
39,39359
102,39424
356,39478
150,39487
438,39516
236,39597
61,39618
353,39618
62,39619
63,39620
303,39649
204,39669
397,39711
93,39736
235,39825
236,39826
147,39848
406,39866
355,39867
438,39885
396,39925
351,39933
440,40038
257,40153
258,40154
146,40209
248,40341
324,40353
93,40358
61,40440
353,40440
415,40474
357,40545
179,40736
82,40747
438,40767
149,40826
352,40867
437,40880
438,40881
303,40883
173,40920
390,40928
265,41027
322,41032
438,41070
59,41094
356,41107
272,41218
483,41241
189,41260
59,41308
354,41329
355,41330
149,41337
192,41341
147,41416
276,41452
112,41642
179,41664
112,41675
270,41817
256,41897
58,41900
179,41924
257,41955
356,41960
147,41978
148,41979
245,41980
352,41984
93,41996
179,41998
188,42090
189,42091
173,42094
237,42110
463,42110
356,42127
149,42158
351,42213
426,42245
236,42296
438,42369
195,42404
189,42426
173,42429
373,42450
418,42509
440,42513
179,42517
92,42525
93,42526
179,42528
174,42628
209,42629
438,42687
352,42719
81,42859
82,42860
426,42917
427,42918
265,42922
34,42972
188,42984
189,42985
483,43038
237,43074
463,43074
149,43152
179,43176
237,43178
463,43178
246,43240
276,43252
257,43350
59,43373
147,43380
148,43381
179,43382
257,43485
258,43486
436,43558
248,43705
59,43801
356,43822
322,43836
356,43859
188,43942
354,43952
355,43953
355,43959
275,43960
101,43961
102,43962
93,44024
59,44055
258,44072
248,44191
250,44206
147,44303
438,44374
149,44381
235,44458
113,44570
352,44596
438,44635
303,44637
356,44646
273,44693
125,44773
270,44865
195,44876
437,44942
270,44960
265,44977
245,44980
356,44994
356,45013
357,45014
238,45109
265,45153
125,45277
426,45280
101,45490
275,45510
276,45583
257,45616
291,45705
275,45735
276,45736
100,45788
276,45789
147,45832
355,45878
258,45907
195,46012
245,46121
276,46171
277,46172
93,46240
193,46345
280,46370
180,46379
145,46380
486,46380
146,46381
275,46385
332,46410
483,46442
427,46472
147,46474
189,46485
250,46491
173,46540
174,46541
174,46547
274,46563
258,46643
147,46666
271,46673
272,46740
147,46744
148,46745
179,46746
276,46749
174,46752
173,46793
174,46794
209,46795
173,46796
92,46865
103,46910
144,46948
448,47070
209,47071
58,47077
281,47100
100,47135
276,47136
256,47153
257,47154
276,47184
277,47185
147,47207
148,47208
104,47242
51,47248
257,47251
274,47259
59,47267
248,47342
265,47387
440,47395
265,47399
179,47402
270,47477
397,47506
275,47561
437,47597
322,47658
323,47659
201,47670
149,47869
257,47875
396,47881
440,48013
149,48023
150,48024
59,48097
460,48113
461,48114
100,48117
354,48119
355,48120
275,48121
147,48135
148,48136
179,48137
462,48157
248,48200
236,48304
59,48405
71,48447
274,48477
274,48493
356,48494
238,48495
113,48537
437,48561
324,48569
324,48671
179,48742
142,48763
143,48764
235,48768
276,48778
103,48976
146,49071
147,49072
275,49085
276,49086
319,49088
103,49240
148,49244
274,49282
252,49326
303,49342
100,49349
248,49393
466,49411
148,49428
179,49429
249,49445
250,49446
147,49526
148,49527
100,49553
346,49654
427,49685
322,49755
148,49785
412,50002
413,50003
438,50074
61,50113
353,50113
62,50114
63,50115
484,50190
173,50303
273,50371
274,50372
356,50373
464,50374
274,50406
356,50407
438,50423
147,50429
148,50430
179,50431
303,50508
483,50519
265,50607
245,50729
276,50776
274,50805
276,50817
142,50871
265,50961
248,50963
276,51135
113,51228
265,51273
256,51275
257,51276
258,51277
270,51292
216,51303
427,51325
93,51390
440,51412
190,51416
273,51456
354,51558
355,51559
356,51560
93,51591
244,51624
149,51625
364,51630
237,51642
463,51642
428,51679
437,51682
245,51723
356,51739
464,51740
321,51744
322,51745
176,51867
54,51870
54,51897
303,51932
93,51939
238,52003
237,52031
463,52031
356,52068
412,52129
318,52156
352,52190
427,52313
356,52318
189,52419
100,52454
371,52486
373,52554
237,52600
463,52600
189,52614
303,52705
147,52798
148,52799
179,52800
237,52802
463,52802
82,52828
374,52840
188,52855
189,52979
206,53103
144,53173
100,53231
276,53232
277,53233
112,53266
483,53306
407,53330
276,53424
323,53465
373,53500
265,53552
125,53577
244,53681
179,53682
323,53686
276,53757
245,53790
100,53825
276,53826
277,53827
303,53841
277,53845
457,53852
246,53887
59,53894
321,53939
322,53940
145,54017
486,54017
146,54018
322,54102
323,54103
109,54224
276,54318
351,54385
323,54457
437,54473
265,54484
237,54512
463,54512
265,54521
147,54625
147,54748
195,54776
440,54808
270,54812
248,54821
303,54835
342,54851
206,54856
206,54857
112,55012
113,55013
425,55015
438,55031
484,55068
248,55078
325,55102
92,55127
93,55128
322,55149
248,55196
190,55303
484,55455
179,55548
277,55567
174,55620
244,55662
438,55715
438,55766
146,55812
265,55815
248,55817
54,55841
173,56009
59,56014
189,56024
318,56083
274,56088
303,56096
274,56119
145,56148
486,56148
146,56149
147,56150
148,56151
179,56152
124,56189
484,56208
483,56246
125,56266
437,56281
265,56297
245,56300
437,56467
438,56468
303,56470
426,56489
180,56507
145,56508
486,56508
146,56509
147,56510
148,56511
149,56512
61,56524
353,56524
149,56530
270,56541
147,56547
270,56549
265,56566
195,56568
195,56583
147,56627
148,56628
149,56629
150,56630
246,56791
59,56818
437,56950
161,56966
91,56983
92,56984
93,56985
427,57003
428,57004
351,57050
245,57078
188,57090
179,57092
150,57099
54,57158
322,57166
113,57200
438,57204
418,57238
93,57397
179,57399
438,57452
100,57464
276,57465
347,57478
83,57523
147,57577
148,57578
179,57579
51,57598
438,57699
256,57746
257,57747
194,57756
265,57758
245,57761
236,57774
237,57775
463,57775
322,57781
265,57834
354,57899
322,57915
174,57918
438,57968
439,57969
440,57970
149,57976
179,58040
406,58153
355,58154
195,58159
265,58283
248,58285
303,58327
248,58372
236,58411
276,58413
93,58485
145,58580
486,58580
146,58581
245,58611
438,58673
148,58683
149,58684
275,58695
252,58708
246,58762
174,58844
438,58871
101,58878
102,58879
103,58880
237,58928
463,58928
238,58929
146,58970
265,58973
103,59055
188,59151
236,59252
318,59273
113,59279
147,59348
148,59349
179,59350
462,59401
195,59406
324,59467
147,59492
355,59547
274,59577
237,59623
463,59623
323,59653
235,59681
147,59763
