379,160
264,251
212,266
233,266
399,273
208,368
209,368
210,368
211,368
230,368
231,368
232,368
208,369
209,369
210,369
211,369
230,369
231,369
232,369
208,370
209,370
210,370
211,370
230,370
231,370
232,370
382,371
428,451
72,461
344,559
345,560
352,564
399,582
345,607
221,689
380,796
207,797
229,797
381,797
208,798
209,798
210,798
211,798
230,798
231,798
232,798
212,799
233,799
299,909
399,924
208,937
209,937
210,937
211,937
230,937
231,937
232,937
208,938
209,938
210,938
211,938
230,938
231,938
232,938
221,1049
222,1050
208,1065
209,1065
210,1065
211,1065
230,1065
231,1065
232,1065
382,1066
173,1149
174,1150
175,1151
221,1306
67,1355
399,1369
317,1389
382,1391
349,1571
67,1574
68,1575
143,1576
212,1581
233,1581
213,1582
234,1582
214,1583
235,1583
157,1648
68,1650
309,1744
344,1780
345,1781
260,1841
347,1851
192,1951
193,1952
194,1953
131,2079
132,2080
277,2080
132,2145
277,2145
191,2170
316,2177
208,2200
209,2200
210,2200
211,2200
230,2200
231,2200
232,2200
382,2201
207,2269
229,2269
381,2269
382,2270
208,2278
209,2278
210,2278
211,2278
230,2278
231,2278
232,2278
208,2279
209,2279
210,2279
211,2279
230,2279
231,2279
232,2279
382,2280
208,2489
209,2489
210,2489
211,2489
230,2489
231,2489
232,2489
208,2490
209,2490
210,2490
211,2490
230,2490
231,2490
232,2490
208,2491
209,2491
210,2491
211,2491
230,2491
231,2491
232,2491
208,2492
209,2492
210,2492
211,2492
230,2492
231,2492
232,2492
208,2493
209,2493
210,2493
211,2493
230,2493
231,2493
232,2493
382,2510
349,2512
207,2523
229,2523
381,2523
344,2572
345,2573
346,2574
189,2754
207,2826
229,2826
381,2826
382,2827
382,2861
383,2862
347,2923
352,2997
348,3118
65,3121
227,3330
206,3331
228,3331
344,3426
174,3461
175,3462
208,3465
209,3465
210,3465
211,3465
230,3465
231,3465
232,3465
208,3466
209,3466
210,3466
211,3466
230,3466
231,3466
232,3466
208,3467
209,3467
210,3467
211,3467
230,3467
231,3467
232,3467
382,3468
65,3526
193,3639
219,3792
220,3793
299,3858
207,3888
229,3888
381,3888
276,3922
132,3923
277,3923
348,3943
166,3973
68,4019
68,4071
222,4083
349,4127
207,4138
229,4138
381,4138
208,4139
209,4139
210,4139
211,4139
230,4139
231,4139
232,4139
382,4140
298,4249
353,4251
354,4252
207,4281
229,4281
381,4281
212,4282
233,4282
207,4390
229,4390
381,4390
382,4391
243,4422
304,4486
207,4498
229,4498
381,4498
208,4499
209,4499
210,4499
211,4499
230,4499
231,4499
232,4499
68,4596
430,4764
207,4850
229,4850
381,4850
220,4918
221,4919
219,4943
207,4951
229,4951
381,4951
382,4952
348,4968
349,5069
380,5149
67,5299
68,5300
399,5356
370,5359
352,5430
353,5431
354,5432
349,5441
428,5522
429,5523
348,5605
382,5662
143,5674
204,5714
344,5734
345,5735
346,5736
407,5737
344,5746
345,5747
354,5842
243,5910
390,6110
391,6111
156,6228
157,6229
236,6353
208,6364
209,6364
210,6364
211,6364
230,6364
231,6364
232,6364
382,6365
167,6479
143,6484
68,6708
212,6896
233,6896
380,6915
191,7063
192,7064
343,7137
344,7138
219,7151
219,7169
430,7335
343,7338
344,7339
345,7340
74,7418
449,7426
399,7432
428,7484
157,7537
215,7555
382,7581
430,7653
343,7656
166,7672
167,7673
345,7747
220,7774
176,7977
343,7988
344,7989
349,7997
380,8013
337,8170
348,8209
349,8210
67,8213
68,8214
189,8250
143,8386
204,8450
222,8486
343,8579
259,8675
195,8765
207,8842
229,8842
381,8842
382,8843
347,9013
157,9056
68,9058
143,9059
195,9113
407,9205
344,9262
345,9263
243,9287
370,9292
317,9306
142,9414
204,9427
344,9429
219,9729
345,9734
219,9889
68,9952
252,10073
380,10090
429,10113
378,10140
158,10145
344,10261
430,10281
68,10399
248,10674
246,10842
430,10907
349,10934
67,10937
68,10938
143,10939
349,10955
384,11087
374,11301
207,11379
229,11379
381,11379
208,11380
209,11380
210,11380
211,11380
230,11380
231,11380
232,11380
382,11381
399,11425
344,11431
142,11532
348,11552
349,11553
344,11578
68,11635
65,11695
317,11714
175,11765
384,11768
143,11793
349,11798
315,11807
345,11869
383,11901
292,11950
171,11983
219,12209
221,12233
176,12310
207,12324
229,12324
381,12324
212,12325
233,12325
316,12547
317,12548
208,12550
209,12550
210,12550
211,12550
230,12550
231,12550
232,12550
260,12552
261,12553
343,12594
243,12601
207,12790
229,12790
381,12790
208,12791
209,12791
210,12791
211,12791
230,12791
231,12791
232,12791
148,12845
194,12913
354,12925
346,12935
206,12936
228,12936
172,12943
430,12951
378,13006
344,13024
189,13147
348,13149
349,13150
259,13216
377,13222
378,13223
176,13263
428,13325
337,13416
222,13541
348,13620
132,13634
277,13634
399,13713
195,13855
142,14036
67,14038
68,14039
129,14090
130,14091
430,14145
67,14154
219,14282
220,14283
221,14284
252,14398
344,14423
68,14438
349,14491
344,14589
345,14590
242,14743
74,14758
344,14772
246,14825
404,14832
405,14833
68,14861
220,14874
68,14880
399,14979
242,15157
243,15158
259,15165
260,15166
344,15197
345,15198
174,15279
310,15289
246,15440
399,15525
181,15536
182,15537
172,15617
189,15633
190,15634
344,15761
132,15787
277,15787
219,15792
399,15795
246,15915
247,15916
259,15943
219,16018
185,16105
189,16274
203,16329
243,16352
343,16354
207,16429
229,16429
381,16429
223,16569
185,16649
186,16650
142,16682
143,16683
204,16696
205,16697
206,16698
228,16698
189,16817
207,16819
229,16819
381,16819
208,16820
209,16820
210,16820
211,16820
230,16820
231,16820
232,16820
380,16867
348,17059
349,17060
344,17144
191,17189
192,17190
316,17251
317,17252
346,17275
407,17276
219,17348
220,17349
348,17385
349,17386
399,17390
246,17421
143,17462
246,17507
428,17551
429,17552
337,17637
349,17665
370,17742
219,17762
220,17763
337,17889
172,17975
72,18243
207,18311
229,18311
381,18311
349,18376
195,18550
173,18589
174,18590
222,18610
159,18734
399,18816
344,18828
378,18883
379,18884
222,18905
223,18906
242,18947
243,18948
246,19054
247,19055
383,19075
221,19237
344,19412
220,19659
380,19677
143,19851
399,20042
343,20116
208,20123
209,20123
210,20123
211,20123
230,20123
231,20123
232,20123
212,20124
233,20124
399,20171
383,20205
254,20215
255,20216
256,20217
257,20218
258,20219
317,20232
382,20245
173,20325
174,20326
175,20327
149,20370
242,20407
246,20485
399,20498
399,20506
143,20523
189,20542
348,20676
379,20926
161,20929
162,20930
220,20984
343,21038
207,21093
229,21093
381,21093
204,21218
315,21292
208,21348
209,21348
210,21348
211,21348
230,21348
231,21348
232,21348
212,21349
233,21349
261,21358
276,21365
132,21366
277,21366
219,21382
220,21383
221,21388
222,21389
172,21406
454,21438
343,21479
68,21518
68,21539
399,21667
207,21846
229,21846
381,21846
382,21847
193,21896
67,21935
68,21936
430,21939
399,21988
191,22100
207,22128
229,22128
381,22128
298,22192
189,22294
221,22303
149,22316
399,22351
259,22468
403,22495
157,22534
68,22536
143,22537
428,22560
175,22620
449,22675
173,22696
174,22697
175,22698
172,22757
345,22898
174,22916
175,22917
66,22920
207,22929
229,22929
381,22929
382,22930
207,22955
229,22955
381,22955
382,22956
259,22970
322,23047
344,23088
345,23089
347,23218
143,23263
219,23389
382,23414
255,23450
204,23612
344,23614
276,23668
132,23669
277,23669
156,23691
343,23718
347,23800
392,23827
393,23828
299,23874
176,23909
207,24000
229,24000
381,24000
382,24001
430,24009
411,24139
370,24153
378,24221
451,24249
132,24323
277,24323
175,24383
192,24396
380,24520
343,24593
260,24609
246,24653
344,24738
349,24938
189,24948
347,24988
242,24989
207,25005
229,25005
381,25005
208,25006
209,25006
210,25006
211,25006
230,25006
231,25006
232,25006
208,25007
209,25007
210,25007
211,25007
230,25007
231,25007
232,25007
259,25029
349,25046
276,25081
132,25082
277,25082
173,25086
193,25332
207,25357
229,25357
381,25357
259,25444
260,25445
68,25529
67,25641
68,25642
382,25782
383,25783
384,25784
172,25808
374,25982
249,26054
157,26376
68,26378
205,26386
347,26387
407,26435
243,26739
158,26786
203,26932
204,26933
399,27050
382,27235
159,27284
242,27395
207,27662
229,27662
381,27662
343,27768
155,27803
399,27826
428,27870
429,27871
227,28063
347,28064
317,28352
191,28453
192,28454
193,28455
317,28620
174,28662
208,28677
209,28677
210,28677
211,28677
230,28677
231,28677
232,28677
212,28678
233,28678
204,28835
337,28861
338,28862
207,28878
229,28878
381,28878
212,28879
233,28879
392,28909
243,28947
207,29120
229,29120
381,29120
317,29135
65,29158
380,29215
382,29237
243,29283
261,29297
252,29357
203,29623
207,29698
229,29698
381,29698
380,29740
345,29760
207,29774
229,29774
381,29774
208,29775
209,29775
210,29775
211,29775
230,29775
231,29775
232,29775
212,29776
233,29776
243,29811
345,29821
207,29858
229,29858
381,29858
212,29859
233,29859
174,29963
175,29964
243,29983
318,30000
295,30231
208,30320
209,30320
210,30320
211,30320
230,30320
231,30320
232,30320
208,30321
209,30321
210,30321
211,30321
230,30321
231,30321
232,30321
317,30439
382,30441
246,30529
298,30548
243,30655
380,30755
68,30805
67,30807
68,30808
67,30810
68,30811
208,30911
209,30911
210,30911
211,30911
230,30911
231,30911
232,30911
208,30912
209,30912
210,30912
211,30912
230,30912
231,30912
232,30912
191,30979
207,30982
229,30982
381,30982
212,30983
233,30983
222,30988
207,31045
229,31045
381,31045
67,31069
68,31070
143,31071
384,31141
143,31152
207,31165
229,31165
381,31165
208,31166
209,31166
210,31166
211,31166
230,31166
231,31166
232,31166
382,31167
313,31173
378,31245
379,31246
207,31330
229,31330
381,31330
208,31331
209,31331
210,31331
211,31331
230,31331
231,31331
232,31331
199,31475
380,31490
259,31551
342,31624
343,31645
175,31662
212,31665
233,31665
347,31696
189,31786
353,31803
349,31826
189,32020
444,32036
348,32075
349,32076
242,32110
208,32116
209,32116
210,32116
211,32116
230,32116
231,32116
232,32116
382,32117
429,32140
175,32237
68,32253
337,32361
348,32375
349,32376
454,32534
343,32554
344,32555
347,32709
172,32742
219,32782
353,32790
175,32907
191,32923
349,32928
261,33054
213,33122
234,33122
242,33125
243,33126
343,33133
189,33201
161,33507
337,33647
338,33648
344,33774
346,33789
206,33790
228,33790
68,33883
166,33917
173,33930
207,34100
229,34100
381,34100
212,34101
233,34101
208,34191
209,34191
210,34191
211,34191
230,34191
231,34191
232,34191
382,34192
380,34216
207,34287
229,34287
381,34287
382,34288
346,34291
206,34292
228,34292
207,34337
229,34337
381,34337
444,34389
221,34435
256,34492
257,34493
148,34633
348,34704
67,34837
68,34838
344,34893
377,34922
246,34940
374,34958
213,34973
234,34973
193,35057
208,35083
209,35083
210,35083
211,35083
230,35083
231,35083
232,35083
212,35084
233,35084
213,35085
234,35085
214,35086
235,35086
236,35087
241,35095
348,35096
399,35134
242,35171
343,35205
380,35237
404,35259
405,35260
322,35402
346,35430
347,35431
337,35509
338,35510
172,35556
354,35580
317,35589
382,35591
382,35618
157,35732
143,35769
344,35821
242,35837
374,35965
276,35998
132,35999
277,35999
249,36054
430,36113
344,36153
207,36199
229,36199
381,36199
208,36200
209,36200
210,36200
211,36200
230,36200
231,36200
232,36200
208,36201
209,36201
210,36201
211,36201
230,36201
231,36201
232,36201
382,36202
243,36204
343,36206
347,36212
68,36269
222,36272
71,36285
222,36455
259,36488
345,36523
344,36525
143,36551
143,36573
195,36625
243,36645
343,36647
343,36740
191,36770
130,36828
131,36829
132,36830
277,36830
260,36914
66,36921
67,36922
68,36923
344,36964
345,36965
343,37061
298,37084
167,37091
192,37118
380,37128
207,37253
229,37253
381,37253
148,37267
148,37305
345,37321
128,37328
129,37329
373,37351
207,37355
229,37355
381,37355
317,37488
361,37498
175,37514
349,37537
208,37591
209,37591
210,37591
211,37591
230,37591
231,37591
232,37591
243,37608
354,37706
167,37726
344,37805
430,37877
399,37938
168,38030
243,38151
343,38153
344,38154
208,38165
209,38165
210,38165
211,38165
230,38165
231,38165
232,38165
382,38166
242,38189
243,38190
344,38212
68,38253
257,38260
221,38347
208,38392
209,38392
210,38392
211,38392
230,38392
231,38392
232,38392
208,38393
209,38393
210,38393
211,38393
230,38393
231,38393
232,38393
208,38394
209,38394
210,38394
211,38394
230,38394
231,38394
232,38394
203,38404
189,38421
190,38422
191,38423
347,38433
242,38434
243,38435
348,38540
343,38559
344,38560
380,38584
190,38657
253,38681
430,38778
189,38845
337,38912
74,39088
242,39105
220,39226
221,39227
430,39265
194,39324
189,39373
190,39374
295,39414
260,39546
221,39559
370,39565
347,39597
313,39670
174,39729
345,39824
346,39825
347,39826
131,39845
132,39846
277,39846
243,39961
348,39968
428,40003
336,40013
430,40098
189,40108
190,40109
399,40130
348,40140
348,40198
174,40231
253,40237
380,40279
345,40362
344,40436
345,40437
243,40450
185,40474
344,40555
399,40638
317,40642
246,40647
380,40737
203,40819
276,40854
132,40855
277,40855
67,41026
68,41027
309,41049
204,41059
261,41067
175,41181
172,41271
207,41292
229,41292
381,41292
382,41293
377,41299
345,41310
313,41464
317,41554
276,41657
297,41662
298,41663
298,41669
246,41700
65,41719
428,41815
429,41816
404,41833
405,41834
255,41856
344,41869
254,41898
189,42024
219,42171
172,42173
399,42189
165,42253
166,42254
347,42296
242,42297
344,42317
204,42393
143,42772
348,42800
349,42801
345,42818
344,42848
172,42914
173,42915
174,42916
68,42922
130,43032
131,43033
132,43034
277,43034
345,43041
252,43064
349,43193
399,43222
428,43302
429,43303
399,43304
192,43324
193,43325
349,43455
380,43625
349,43628
448,43633
343,43638
401,43661
143,43704
173,43706
71,43846
191,43875
219,44023
344,44345
345,44346
189,44406
346,44458
189,44521
380,44526
344,44617
129,44632
74,44709
292,44758
430,44841
67,44976
68,44977
158,45011
189,45105
67,45152
68,45153
186,45167
204,45182
317,45211
344,45377
345,45378
436,45385
428,45389
205,45537
206,45538
228,45538
149,45626
259,45656
259,45698
430,45888
357,45951
384,45964
380,45982
222,46013
203,46033
259,46160
260,46161
448,46243
246,46635
343,46661
174,46920
175,46921
221,47125
299,47209
128,47245
129,47246
166,47364
67,47386
68,47387
67,47398
68,47399
429,47476
317,47619
173,47713
399,47729
345,47824
383,47920
220,47976
155,48037
317,48049
382,48051
337,48080
246,48086
247,48087
345,48099
189,48156
347,48304
158,48351
343,48462
344,48463
203,48541
191,48610
207,48632
229,48632
381,48632
382,48633
448,48658
346,48768
206,48769
228,48769
345,48795
132,48809
277,48809
399,48853
400,48854
401,48855
345,48935
354,49198
338,49238
345,49247
382,49725
313,49851
144,49877
399,49901
382,49938
219,49976
220,49977
313,50004
219,50052
189,50078
448,50181
343,50186
345,50269
242,50433
243,50434
343,50436
344,50437
345,50438
343,50453
67,50515
312,50555
313,50556
317,50595
260,50597
68,50607
349,50638
207,50645
229,50645
381,50645
382,50646
243,50648
317,50760
454,50770
305,50792
349,50854
68,50961
143,50962
203,51028
143,51051
349,51164
430,51168
67,51272
68,51273
428,51290
429,51291
259,51385
181,51479
380,51482
399,51524
399,51656
400,51657
74,51671
148,51679
312,51683
313,51684
298,51709
195,51840
348,51880
149,51884
430,51947
400,51963
373,51980
399,52095
259,52406
242,52427
243,52428
343,52430
454,52594
344,52608
345,52609
400,52641
343,52715
242,52871
74,52937
175,52958
168,53396
430,53540
67,53551
68,53552
207,53605
229,53605
381,53605
208,53606
209,53606
210,53606
211,53606
230,53606
231,53606
232,53606
219,54011
344,54044
345,54045
313,54237
399,54268
259,54310
399,54380
354,54410
313,54417
316,54453
68,54484
143,54485
349,54491
68,54521
189,54540
399,54763
222,54777
149,54804
173,54822
189,54870
399,54875
399,54982
175,55016
383,55065
166,55132
313,55152
298,55547
345,55609
299,55663
175,55686
348,55707
259,55738
68,55815
143,55816
131,55888
132,55889
277,55889
311,56068
193,56194
345,56249
67,56296
68,56297
399,56429
174,56488
68,56566
382,56642
345,56673
208,56760
209,56760
210,56760
211,56760
230,56760
231,56760
232,56760
345,56820
298,56858
345,56861
345,56870
348,56878
174,56958
148,57004
348,57012
349,57016
142,57104
219,57155
220,57156
129,57161
313,57219
316,57293
317,57294
208,57296
209,57296
210,57296
211,57296
230,57296
231,57296
232,57296
382,57297
399,57550
380,57580
348,57690
349,57691
311,57698
380,57709
66,57756
67,57757
68,57758
406,57773
347,57774
345,57806
67,57833
68,57834
392,57840
212,57892
233,57892
349,58156
68,58283
143,58284
255,58403
347,58411
344,58473
219,58484
207,58711
229,58711
381,58711
212,58712
233,58712
181,58841
182,58842
343,58865
344,58866
207,58946
229,58946
381,58946
208,58947
209,58947
210,58947
211,58947
230,58947
231,58947
232,58947
68,58973
337,59009
181,59024
399,59153
347,59252
384,59254
337,59276
295,59321
189,59400
348,59402
349,59403
222,59407
380,59436
194,59469
130,59545
345,59656
430,59665
343,59668
346,59681
407,59682
213,59784
234,59784
