170,17
497,53
421,67
414,68
219,95
440,106
98,244
316,255
312,289
473,289
313,290
314,291
154,309
145,373
484,483
202,490
413,490
126,527
202,537
413,537
141,574
356,594
295,597
296,598
471,656
421,702
414,703
415,704
416,705
261,777
426,796
204,868
423,868
235,893
236,894
98,941
99,942
170,1026
171,1027
172,1028
478,1029
233,1037
263,1220
172,1225
203,1256
422,1256
204,1257
423,1257
424,1258
474,1315
475,1316
506,1356
394,1377
395,1378
203,1435
422,1435
419,1473
171,1480
170,1578
171,1579
475,1592
170,1614
313,1631
314,1632
315,1633
141,1654
503,1791
170,1917
344,1951
504,2082
203,2150
422,2150
343,2170
98,2174
170,2197
171,2198
171,2233
172,2234
97,2242
478,2271
202,2287
413,2287
203,2288
422,2288
417,2302
227,2342
316,2416
169,2429
355,2430
315,2436
477,2474
191,2506
476,2522
141,2737
142,2738
143,2739
477,2772
489,2776
144,2797
425,2888
240,2924
448,2945
170,2951
144,2986
202,3008
413,3008
203,3009
422,3009
169,3040
170,3041
313,3055
314,3056
474,3058
475,3059
314,3071
313,3073
314,3074
474,3076
475,3077
219,3096
171,3141
127,3170
474,3178
475,3179
314,3188
474,3190
475,3191
170,3200
511,3204
511,3207
204,3235
423,3235
202,3322
413,3322
203,3323
422,3323
477,3332
203,3390
422,3390
315,3402
316,3413
171,3477
236,3605
172,3657
227,3703
395,3777
171,3834
476,3842
477,3843
475,3886
476,3887
345,3934
314,3935
511,3945
314,3971
315,3972
315,3993
169,4054
141,4075
316,4104
143,4125
471,4181
172,4193
312,4212
473,4212
313,4213
476,4280
204,4290
423,4290
424,4291
170,4365
170,4378
171,4379
315,4410
479,4422
233,4460
234,4461
420,4625
170,4637
315,4641
143,4854
462,4889
312,4947
473,4947
474,4948
475,4949
476,4950
227,4961
341,4966
394,5017
484,5058
426,5149
394,5200
191,5238
424,5269
425,5270
427,5369
428,5370
233,5405
204,5421
423,5421
424,5422
143,5439
503,5458
477,5498
145,5500
99,5513
98,5552
316,5604
484,5853
479,5910
477,5933
337,6093
503,6129
142,6155
143,6156
471,6163
326,6234
234,6252
99,6286
170,6318
172,6346
171,6362
475,6386
315,6408
477,6410
240,6516
476,6525
263,6633
504,6706
505,6707
349,6799
478,6828
172,6873
426,6915
477,6916
512,6939
513,6940
355,7031
343,7063
344,7064
261,7076
395,7086
127,7098
355,7154
241,7186
171,7236
172,7237
233,7314
234,7315
233,7394
356,7464
477,7520
506,7539
172,7611
511,7659
155,7688
475,7750
476,7751
477,7752
415,7794
416,7795
417,7796
495,7897
421,7908
475,7910
476,7911
417,7951
127,7961
141,8002
142,8003
143,8004
426,8013
450,8022
232,8074
171,8109
477,8127
448,8186
145,8195
517,8371
144,8394
504,8484
234,8496
504,8509
505,8510
506,8511
450,8576
503,8586
417,8810
418,8811
448,8818
219,9068
431,9087
202,9168
413,9168
315,9231
479,9287
99,9321
127,9368
141,9412
234,9420
418,9440
475,9465
419,9495
506,9574
242,9738
314,9788
315,9789
503,9836
115,9837
511,9846
243,9857
476,9942
219,9974
171,10049
172,10050
503,10086
426,10090
459,10093
144,10135
203,10142
422,10142
349,10305
504,10321
462,10359
241,10548
233,10553
234,10554
475,10583
424,10610
203,10612
422,10612
450,10653
170,10835
100,10844
294,10844
477,10858
475,10913
144,10974
354,11046
170,11047
171,11048
219,11055
462,11066
316,11085
170,11236
143,11240
484,11262
511,11367
170,11441
170,11526
171,11527
355,11673
356,11674
170,11721
170,11795
471,11804
154,11882
155,11883
171,11899
172,11900
199,11926
200,11927
205,11980
171,12026
356,12036
314,12056
315,12057
477,12059
336,12077
191,12084
384,12112
416,12148
417,12149
504,12184
314,12202
315,12203
477,12205
234,12219
170,12263
484,12381
202,12485
413,12485
203,12486
422,12486
172,12599
478,12600
479,12601
415,12689
431,12699
170,12833
172,12855
511,12858
477,12937
100,13070
294,13070
240,13105
202,13177
413,13177
203,13178
422,13178
204,13179
423,13179
171,13197
316,13299
445,13303
97,13381
445,13478
171,13533
397,13598
315,13685
203,13811
422,13811
340,13828
144,13839
511,13895
511,13898
354,13941
170,13942
341,14065
126,14078
337,14079
506,14155
171,14181
171,14195
172,14196
506,14245
484,14342
506,14383
484,14415
233,14464
234,14465
477,14544
471,14628
415,14688
315,14729
317,14743
440,14753
144,14829
504,14859
505,14860
504,14878
505,14879
471,14890
503,14994
341,15007
317,15157
479,15158
476,15185
511,15257
145,15259
174,15304
318,15398
171,15482
511,15703
143,15905
511,15908
170,15931
511,15971
171,16060
355,16135
144,16223
145,16224
170,16238
171,16239
415,16265
393,16329
394,16330
395,16331
479,16352
353,16388
354,16389
145,16408
219,16415
495,16449
394,16520
471,16528
142,16585
477,16699
476,16715
477,16716
240,16767
142,16849
143,16850
426,16867
141,16896
142,16897
143,16898
354,17072
170,17073
172,17096
233,17111
417,17155
343,17189
344,17190
144,17352
242,17445
252,17459
416,17513
417,17514
172,17572
425,17587
172,17663
170,17748
171,17749
219,17817
448,17830
171,17842
199,17845
395,17959
191,17994
145,17998
170,18002
171,18003
444,18014
477,18017
191,18032
386,18133
261,18194
314,18265
315,18266
203,18297
422,18297
234,18358
503,18402
354,18436
170,18437
171,18511
172,18512
172,18574
420,18598
421,18599
504,18608
172,18621
100,18630
294,18630
144,18666
202,18697
413,18697
203,18698
422,18698
126,18788
127,18789
497,18808
234,18842
227,18913
141,18933
142,18934
143,18935
317,18947
479,18948
227,18996
144,19068
145,19069
475,19126
476,19127
477,19128
478,19129
171,19189
395,19199
471,19282
511,19537
415,19609
489,19629
144,19662
426,19677
504,19719
144,19731
145,19732
414,19782
171,19817
219,19831
170,19840
497,19869
462,19920
233,19948
234,19949
504,19995
416,20011
477,20021
504,20160
242,20181
171,20203
172,20204
478,20260
318,20261
317,20407
475,20413
506,20420
450,20438
170,20525
335,20669
477,20710
316,20724
359,20734
385,20734
142,20746
143,20747
219,20798
115,20886
204,20911
423,20911
424,20912
113,20942
141,20991
234,21014
227,21034
511,21041
170,21143
171,21144
170,21180
171,21181
172,21182
171,21346
122,21364
474,21444
475,21445
240,21447
416,21491
313,21503
314,21504
504,21516
505,21517
511,21530
394,21764
102,21835
428,21865
202,21893
413,21893
506,21915
425,21951
484,22013
506,22036
219,22074
233,22075
202,22095
413,22095
314,22097
315,22098
343,22100
172,22107
143,22200
504,22298
503,22327
503,22360
170,22466
171,22467
170,22539
395,22740
143,22770
144,22771
172,22775
354,22792
170,22793
315,22807
241,22830
417,22862
170,22864
171,22865
242,22908
312,22951
473,22951
474,22952
475,22953
476,22954
233,22964
234,22965
203,22979
422,22979
172,23084
414,23104
415,23105
162,23196
240,23219
236,23429
506,23464
341,23511
262,23532
202,23587
413,23587
203,23588
422,23588
234,23619
122,23667
365,23777
233,23795
234,23796
337,23859
475,24014
497,24017
203,24052
422,24052
236,24055
141,24082
142,24083
143,24084
275,24122
425,24194
191,24294
240,24320
115,24325
233,24351
170,24393
344,24396
415,24398
506,24444
426,24520
504,24543
203,24552
422,24552
204,24553
423,24553
424,24554
414,24556
415,24557
203,24572
422,24572
171,24648
172,24649
349,24654
504,24676
315,24691
396,24708
384,24711
416,24754
417,24755
475,24833
395,24923
477,24950
155,24966
127,24983
317,24989
318,24990
261,24995
513,25016
448,25049
477,25103
459,25122
170,25167
203,25225
422,25225
115,25231
144,25327
421,25382
171,25443
462,25472
484,25518
439,25541
234,25597
150,25605
151,25606
477,25613
171,25735
231,25815
232,25816
233,25817
234,25818
143,25904
144,25905
172,25975
439,26010
202,26014
413,26014
203,26015
422,26015
219,26034
236,26079
504,26151
505,26152
506,26153
144,26226
418,26319
349,26358
145,26389
421,26470
203,26471
422,26471
170,26500
475,26550
231,26636
479,26739
171,26753
489,26791
200,26795
202,26818
413,26818
202,26908
413,26908
203,26909
422,26909
316,26923
261,26929
393,26932
171,27061
336,27078
234,27125
126,27154
445,27186
171,27233
316,27394
317,27395
414,27435
477,27453
424,27514
144,27540
416,27558
417,27559
475,27660
476,27661
151,27681
100,27784
294,27784
172,27944
439,28008
240,28065
428,28081
144,28112
170,28242
395,28271
233,28337
144,28366
343,28453
344,28454
354,28507
170,28508
202,28531
413,28531
475,28533
202,28542
413,28542
203,28543
422,28543
204,28544
423,28544
424,28545
425,28546
141,28558
424,28562
315,28574
316,28575
204,28651
423,28651
234,28671
202,28685
413,28685
240,28699
315,28791
171,28798
356,28811
203,28866
422,28866
204,28867
423,28867
336,28869
143,28914
479,28947
395,28970
497,29016
358,29030
191,29082
426,29215
477,29216
396,29220
479,29283
313,29388
314,29389
474,29391
475,29392
144,29398
356,29408
315,29429
484,29469
144,29506
219,29515
202,29521
413,29521
203,29522
422,29522
204,29549
423,29549
424,29550
425,29551
398,29574
393,29623
355,29706
315,29709
426,29740
479,29811
479,29983
96,30069
337,30147
477,30195
357,30200
355,30271
356,30272
240,30284
170,30317
171,30318
171,30342
474,30347
475,30348
476,30349
477,30350
348,30403
170,30425
506,30467
517,30473
416,30481
170,30491
171,30492
144,30519
475,30551
98,30554
475,30586
479,30655
462,30688
426,30755
155,30795
202,30824
413,30824
203,30825
422,30825
171,30909
144,30967
343,30979
476,30981
205,31020
341,31163
327,31172
235,31175
494,31191
375,31211
471,31258
97,31268
471,31272
340,31337
341,31338
97,31368
426,31490
462,31537
170,31545
316,31655
233,31714
477,31788
234,31811
171,31861
172,31862
355,31917
489,32066
425,32067
317,32110
318,32111
414,32130
517,32213
145,32228
234,32260
511,32354
190,32364
191,32365
425,32373
140,32383
506,32460
141,32471
201,32676
143,32762
144,32763
145,32764
355,32785
356,32786
424,32788
208,32808
190,32811
191,32812
343,32923
476,32925
477,32926
506,33062
503,33098
476,33120
317,33125
479,33126
234,33281
355,33332
171,33346
475,33357
476,33358
477,33380
474,33395
441,33512
441,33519
354,33540
170,33541
421,33546
484,33652
425,33671
464,33685
474,33721
475,33722
172,33786
477,33791
144,33813
354,33824
498,33855
172,33900
314,33915
315,33916
230,33962
231,33963
227,34038
477,34070
357,34075
313,34094
358,34104
98,34132
425,34135
171,34189
145,34194
426,34216
171,34231
96,34303
97,34304
471,34316
476,34336
171,34458
172,34459
236,34467
234,34523
233,34574
234,34575
170,34639
144,34647
335,34672
336,34673
230,34727
142,34757
143,34758
144,34759
145,34760
146,34761
202,34796
413,34796
202,34871
413,34871
203,34872
422,34872
349,34941
170,34950
171,35004
425,35015
238,35094
239,35095
511,35098
126,35162
317,35171
318,35172
171,35178
426,35237
477,35238
127,35254
439,35269
233,35273
170,35319
171,35320
318,35334
504,35345
316,35427
145,35433
171,35616
172,35695
204,35720
423,35720
424,35721
144,35739
316,35775
144,35812
498,35818
100,35831
294,35831
317,35837
416,35887
415,35898
170,35905
234,35928
122,35997
365,36017
234,36126
356,36158
478,36203
479,36204
395,36251
503,36266
504,36267
505,36268
233,36281
477,36350
504,36356
127,36417
477,36428
497,36490
170,36553
295,36561
355,36575
170,36617
171,36618
172,36619
479,36645
503,36745
170,36748
171,36749
343,36770
341,36803
98,36806
99,36807
170,36834
341,36918
344,37118
426,37128
477,37129
127,37155
495,37200
496,37201
497,37202
498,37203
471,37207
415,37218
341,37251
475,37353
476,37354
252,37367
316,37418
240,37419
475,37431
127,37469
474,37477
475,37478
476,37479
170,37525
511,37535
233,37551
496,37556
497,37557
219,37562
479,37608
170,37682
171,37683
172,37684
384,37700
318,37838
471,37870
355,37946
170,38027
316,38070
357,38100
171,38124
172,38125
315,38147
477,38149
478,38150
479,38151
171,38163
317,38189
479,38190
505,38252
314,38323
315,38324
477,38326
448,38342
393,38404
394,38405
343,38423
317,38434
479,38435
511,38542
426,38584
477,38585
415,38597
416,38598
172,38621
350,38673
365,38789
115,38795
116,38796
263,38949
234,38965
475,39064
317,39105
318,39106
144,39478
202,39486
413,39486
204,39820
423,39820
424,39821
170,39926
479,39961
172,40186
145,40188
354,40204
170,40205
171,40206
115,40210
191,40239
426,40279
477,40280
498,40288
204,40315
423,40315
336,40350
421,40353
414,40354
171,40420
172,40421
479,40450
172,40486
202,40527
413,40527
203,40528
422,40528
170,40542
496,40562
497,40563
478,40578
318,40579
425,40632
341,40698
426,40737
458,40760
459,40761
475,40777
393,40819
394,40820
203,40827
422,40827
210,40887
234,40921
495,41065
231,41082
144,41107
264,41179
395,41247
172,41318
203,41338
422,41338
97,41342
497,41368
98,41382
234,41410
394,41518
143,41541
395,41619
230,41631
154,41658
155,41659
98,41686
349,41701
477,41743
417,41763
503,41770
115,41771
462,41778
415,41799
416,41800
417,41801
497,41886
477,41903
144,41960
261,42002
425,42016
240,42018
204,42037
423,42037
459,42057
143,42126
144,42127
395,42261
317,42297
318,42298
495,42416
496,42417
202,42474
413,42474
203,42475
422,42475
204,42476
423,42476
424,42477
476,42667
172,42727
261,42783
172,42792
170,42805
504,42920
505,42921
98,42971
151,42977
315,43072
316,43073
202,43089
413,43089
203,43090
422,43090
204,43091
423,43091
439,43097
155,43127
140,43143
471,43145
344,43324
503,43379
172,43495
172,43530
425,43537
191,43552
97,43583
98,43584
426,43625
477,43626
394,43658
445,43709
144,43822
144,43859
343,43875
337,43903
240,43950
152,43957
202,43977
413,43977
203,43978
422,43978
476,44088
261,44130
97,44412
98,44413
355,44481
426,44526
350,44566
351,44567
471,44606
144,44646
115,44744
460,44872
416,44885
233,44943
234,44944
144,44994
144,45013
313,45040
314,45041
315,45042
477,45044
356,45088
477,45107
241,45121
155,45136
445,45160
191,45245
357,45261
172,45320
170,45334
171,45440
172,45441
170,45475
395,45484
477,45539
450,45607
497,45658
395,45942
242,45950
236,45955
424,45980
425,45981
426,45982
477,45983
393,46033
394,46034
395,46035
477,46061
236,46114
313,46131
314,46132
315,46133
316,46134
337,46147
170,46193
171,46194
140,46278
204,46308
423,46308
424,46309
425,46310
504,46382
204,46422
423,46422
424,46423
484,46528
335,46542
336,46543
202,46595
413,46595
517,46720
316,46734
240,46748
233,46751
431,46764
234,46797
235,46803
460,46830
341,46901
495,46975
484,46980
140,47045
336,47129
171,47133
172,47134
233,47138
240,47183
415,47590
517,47665
315,47686
417,47711
316,47793
358,47819
477,47843
203,47870
422,47870
170,47882
511,47886
504,47903
477,47919
355,47957
170,48044
489,48062
425,48063
264,48069
477,48116
172,48210
477,48314
151,48417
144,48494
393,48541
394,48542
395,48543
233,48562
234,48563
421,48569
343,48610
476,48631
421,48671
203,48672
422,48672
316,48699
357,48759
425,48782
349,48801
504,48811
495,49080
232,49165
350,49225
351,49226
172,49348
233,49538
477,49552
318,49560
416,49565
495,49579
394,49603
364,49605
171,49611
240,49620
235,49642
143,49766
174,49768
172,49816
205,49828
234,49862
170,49965
359,50010
385,50010
477,50080
98,50138
204,50301
423,50301
234,50304
144,50373
144,50407
317,50433
479,50434
497,50501
506,50516
220,50555
504,50605
505,50606
478,50647
479,50648
240,50775
191,50799
240,50816
99,50844
477,50887
201,50926
202,50927
413,50927
203,50928
422,50928
202,50936
413,50936
234,51020
393,51028
394,51029
316,51133
240,51134
355,51146
191,51202
116,51302
316,51321
504,51327
505,51328
506,51329
426,51482
240,51556
144,51560
145,51561
220,51683
234,51699
504,51736
144,51739
504,51836
204,51865
423,51865
475,51986
476,51987
477,51988
144,52068
219,52156
145,52166
204,52208
423,52208
205,52209
191,52311
504,52315
144,52318
474,52380
475,52381
317,52427
479,52428
172,52453
234,52566
450,52581
474,52630
341,52676
318,52770
155,52861
317,52871
162,52929
234,53154
97,53331
170,53406
203,53417
422,53417
240,53423
233,53480
234,53481
98,53609
171,53655
337,53707
416,53766
484,53776
172,53824
115,54019
341,54179
316,54216
365,54227
459,54255
170,54328
357,54390
233,54425
170,54487
171,54488
172,54489
504,54519
505,54520
236,54696
240,54704
484,54751
485,54752
394,54781
477,54861
143,54884
171,54905
172,54906
464,55041
314,55058
313,55060
314,55061
315,55062
477,55064
314,55103
315,55104
264,55140
170,55215
504,55249
170,55338
204,55365
423,55365
424,55366
477,55457
233,55619
450,55647
316,55706
511,55709
395,55718
477,55730
171,55737
497,55740
354,55808
170,55809
504,55813
505,55814
127,55830
191,55833
233,55871
234,55872
115,55891
462,55936
417,55972
170,55974
204,56007
423,56007
234,56010
477,56056
145,56058
146,56059
219,56083
364,56157
355,56178
356,56179
204,56195
423,56195
424,56196
235,56232
471,56260
471,56302
340,56313
341,56314
340,56342
341,56343
357,56456
439,56464
203,56513
422,56513
503,56626
475,56631
171,56640
263,56695
504,56704
236,56745
202,56804
413,56804
261,56807
203,56921
422,56921
204,56922
423,56922
424,56923
261,56927
439,56969
511,57014
439,57040
489,57097
475,57100
460,57233
461,57234
462,57235
495,57250
496,57251
475,57316
171,57331
174,57460
191,57493
477,57504
151,57518
503,57576
426,57580
477,57581
261,57617
426,57709
234,57715
356,57740
471,57763
145,57776
171,57817
171,57890
315,57895
316,57896
240,57897
241,58014
171,58175
172,58176
204,58202
423,58202
204,58323
423,58323
476,58348
477,58349
240,58412
171,58454
172,58455
355,58584
141,58612
234,58620
475,58741
201,58760
335,58845
336,58846
475,58926
504,58971
505,58972
425,58987
140,59084
170,59118
474,59171
475,59172
219,59273
202,59308
413,59308
426,59436
477,59437
173,59438
421,59467
203,59468
422,59468
170,59513
341,59526
424,59628
115,59632
497,59745
191,59780
