249,14
250,15
251,16
160,17
141,131
445,150
139,163
513,225
222,267
201,287
202,288
428,289
112,356
219,365
220,366
489,366
220,381
489,381
221,382
264,434
161,531
266,539
382,548
383,549
197,593
208,603
140,642
152,648
139,842
136,969
220,970
489,970
490,971
287,998
160,1026
240,1027
241,1028
409,1094
287,1127
285,1128
276,1129
137,1192
136,1223
220,1224
489,1224
241,1225
192,1237
161,1243
128,1275
152,1301
445,1307
264,1314
265,1315
192,1330
473,1355
490,1458
240,1480
504,1516
473,1574
160,1578
240,1579
160,1614
161,1615
141,1645
462,1651
504,1713
220,1725
489,1725
221,1726
527,1728
197,1733
462,1768
220,1875
489,1875
160,1917
161,1918
504,1971
513,2020
141,2052
194,2054
239,2066
139,2094
215,2116
165,2160
163,2171
369,2184
160,2197
240,2198
154,2202
240,2233
241,2234
154,2235
470,2241
242,2281
309,2284
161,2350
232,2406
153,2474
154,2475
242,2511
164,2522
166,2525
264,2536
538,2563
224,2645
447,2645
282,2650
153,2772
430,2779
152,2825
469,2852
470,2853
503,2858
155,2925
160,2951
219,2955
137,2956
219,2959
220,2960
489,2960
490,2961
219,2988
137,2989
160,3041
265,3058
265,3076
243,3119
244,3120
245,3121
240,3141
265,3178
265,3190
160,3200
243,3203
243,3206
139,3242
462,3277
321,3327
153,3332
199,3359
462,3394
242,3469
240,3477
221,3478
222,3479
243,3524
244,3525
245,3526
219,3557
381,3561
225,3583
448,3583
463,3626
266,3638
241,3657
239,3684
387,3711
240,3834
221,3835
164,3842
153,3843
277,3848
283,3849
164,3887
537,3904
538,3905
243,3944
252,4055
462,4072
519,4094
277,4100
332,4117
219,4121
86,4124
242,4141
220,4192
489,4192
241,4193
277,4204
283,4205
428,4212
164,4280
222,4283
150,4301
151,4302
152,4349
152,4357
160,4365
161,4366
160,4378
240,4379
239,4406
161,4407
220,4440
489,4440
221,4441
222,4442
128,4449
490,4482
118,4485
128,4491
506,4511
160,4637
161,4638
470,4651
88,4652
387,4677
141,4720
142,4721
233,4725
119,4765
226,4806
449,4824
519,4842
86,4853
504,4899
233,4910
428,4947
265,4948
164,4950
139,4954
321,4962
192,5010
527,5064
449,5170
151,5223
219,5227
220,5228
489,5228
221,5229
141,5245
142,5246
473,5299
462,5301
219,5426
86,5438
251,5482
252,5483
152,5497
153,5498
199,5520
192,5524
490,5550
277,5601
309,5608
461,5673
88,5809
277,5868
497,5875
153,5933
154,5934
277,5964
139,6059
140,6060
210,6088
387,6165
277,6201
222,6206
224,6225
447,6225
225,6226
448,6226
226,6227
463,6242
128,6261
161,6302
160,6318
220,6345
489,6345
241,6346
154,6347
506,6348
326,6358
240,6362
153,6410
219,6416
162,6418
163,6419
282,6435
264,6460
207,6465
208,6466
141,6505
142,6506
163,6524
164,6525
165,6526
166,6527
488,6539
141,6546
321,6579
137,6595
264,6619
429,6620
268,6621
398,6635
141,6652
367,6694
368,6695
369,6696
370,6697
462,6709
436,6801
241,6873
222,6897
153,6916
321,6965
141,7020
251,7030
141,7084
192,7123
252,7145
260,7213
240,7236
241,7237
518,7275
433,7277
434,7278
435,7279
230,7285
231,7286
232,7287
141,7362
194,7382
197,7463
205,7475
193,7505
153,7520
154,7521
141,7543
518,7569
220,7610
489,7610
241,7611
154,7612
381,7644
219,7662
150,7694
164,7751
153,7752
461,7824
462,7825
164,7911
165,8014
166,8015
240,8109
221,8110
152,8126
153,8127
141,8143
461,8184
473,8213
462,8215
513,8235
514,8236
445,8244
141,8272
7,8463
490,8544
141,8560
96,8613
219,8673
220,8674
489,8674
381,8703
488,8729
137,8730
445,8763
381,8787
141,8893
208,9067
197,9228
344,9388
387,9405
381,9411
462,9415
136,9455
268,9479
432,9489
291,9514
206,9576
445,9596
114,9749
141,9763
504,9877
504,9904
219,9915
164,9942
462,9953
208,9973
387,10038
240,10049
241,10050
430,10065
165,10091
504,10106
192,10114
504,10231
505,10232
140,10263
309,10267
518,10292
449,10403
141,10405
142,10406
220,10440
489,10440
490,10441
246,10443
321,10455
141,10474
142,10475
504,10506
505,10507
506,10508
461,10528
154,10547
461,10605
445,10608
387,10629
383,10634
384,10635
225,10641
448,10641
449,10642
260,10739
220,10755
489,10755
490,10756
268,10783
269,10784
445,10791
160,10835
433,10840
150,10855
151,10856
152,10857
153,10858
154,10859
155,10860
136,10877
137,10878
219,10917
473,10937
287,10978
461,11009
160,11047
240,11048
490,11049
118,11112
461,11180
432,11214
160,11236
86,11239
398,11256
527,11355
243,11366
136,11396
137,11397
138,11398
445,11405
140,11433
160,11441
449,11506
160,11526
240,11527
538,11573
140,11580
368,11614
369,11615
245,11695
160,11721
239,11737
504,11766
160,11795
513,11863
240,11899
241,11900
449,11945
239,12025
240,12026
490,12027
153,12059
141,12169
488,12180
519,12189
150,12194
153,12205
160,12263
161,12264
139,12271
222,12326
140,12384
462,12403
309,12430
141,12471
142,12472
219,12597
220,12598
489,12598
241,12599
141,12685
136,12712
137,12713
138,12714
160,12833
161,12834
241,12855
242,12856
243,12857
461,12906
138,12933
153,12937
242,12938
538,12966
539,12967
140,13026
219,13119
220,13120
489,13120
497,13188
240,13197
221,13198
381,13227
226,13340
451,13399
452,13400
88,13473
240,13533
221,13534
387,13562
462,13594
277,13608
197,13616
207,13674
208,13675
232,13711
387,13718
449,13803
518,13820
462,13888
243,13894
243,13897
429,13937
160,13942
205,14009
473,14038
462,14040
445,14050
137,14057
138,14058
470,14093
219,14123
473,14154
240,14181
221,14182
240,14195
241,14196
445,14207
161,14264
165,14270
166,14271
137,14349
309,14396
309,14448
192,14456
152,14543
153,14544
154,14545
155,14546
504,14603
165,14731
166,14732
140,14774
96,14780
506,14791
208,14816
141,14822
192,14849
478,14891
452,14893
538,14924
539,14925
387,14939
193,15034
141,15036
387,15107
220,15164
489,15164
164,15185
429,15266
268,15267
252,15285
154,15329
506,15330
504,15396
137,15408
138,15409
219,15428
240,15482
136,15620
137,15621
138,15622
445,15647
446,15648
224,15649
447,15649
225,15650
448,15650
430,15663
243,15702
488,15821
445,15845
136,15866
208,15877
135,15899
136,15900
220,15901
489,15901
490,15902
86,15904
243,15907
506,15910
291,15922
251,15930
160,15931
223,15953
243,15970
136,15985
137,15986
138,15987
504,16028
240,16060
449,16091
277,16102
206,16145
112,16184
225,16188
448,16188
136,16199
527,16202
160,16238
240,16239
221,16240
222,16241
128,16297
269,16327
524,16349
252,16390
137,16406
321,16440
268,16515
129,16516
130,16517
87,16586
471,16587
152,16657
165,16658
153,16699
164,16715
153,16716
154,16717
166,16735
128,16750
506,16768
233,16784
140,16927
154,16976
155,16977
160,17073
241,17096
427,17186
504,17213
431,17219
432,17220
154,17228
506,17229
242,17254
409,17267
409,17278
219,17354
220,17355
489,17355
194,17365
506,17374
433,17419
525,17483
197,17510
264,17520
270,17555
487,17569
488,17570
220,17571
489,17571
241,17572
154,17573
445,17579
139,17605
140,17606
510,17618
241,17663
242,17664
160,17748
240,17749
221,17750
206,17814
207,17815
208,17816
239,17841
240,17842
135,17908
136,17909
141,17957
504,17996
160,18002
240,18003
490,18004
409,18006
153,18017
264,18040
429,18041
430,18042
431,18043
432,18044
192,18066
445,18122
409,18131
445,18155
449,18163
446,18182
224,18183
447,18183
266,18191
137,18221
141,18234
142,18235
232,18294
488,18427
160,18437
240,18511
241,18512
220,18573
489,18573
241,18574
220,18620
489,18620
241,18621
242,18622
264,18633
429,18634
518,18660
471,18735
309,18765
239,18784
462,18814
505,18821
140,18830
400,18910
321,18914
430,18919
321,18997
409,19010
249,19012
462,19029
321,19046
166,19080
192,19101
164,19127
153,19128
137,19169
138,19170
240,19189
490,19190
504,19206
445,19238
504,19408
504,19424
505,19425
506,19426
381,19475
469,19519
243,19536
537,19585
538,19586
429,19625
436,19656
220,19672
489,19672
490,19673
491,19679
154,19738
264,19747
429,19748
240,19817
264,19824
429,19825
160,19840
445,19931
153,20021
141,20031
163,20050
220,20121
489,20121
532,20182
488,20186
240,20203
241,20204
490,20220
246,20222
154,20246
369,20254
219,20273
266,20299
344,20317
400,20373
137,20459
461,20522
160,20525
161,20526
139,20620
116,20665
152,20709
153,20710
506,20740
219,20779
137,20780
138,20781
152,20882
165,20883
166,20884
387,20900
321,21035
433,21045
277,21077
429,21080
152,21092
160,21143
240,21144
387,21155
160,21180
240,21181
241,21182
460,21232
461,21233
504,21311
240,21346
410,21364
192,21370
136,21394
137,21395
264,21443
265,21444
155,21448
462,21540
463,21541
152,21845
154,21848
252,21887
266,21895
443,21899
141,21919
473,21935
462,21937
163,22019
430,22064
431,22065
432,22066
208,22073
367,22081
136,22105
220,22106
489,22106
241,22107
62,22129
118,22254
387,22335
233,22362
264,22400
429,22401
137,22416
445,22437
446,22438
160,22466
240,22467
154,22515
160,22539
252,22615
141,22738
518,22743
86,22769
219,22773
220,22774
489,22774
241,22775
154,22776
160,22793
161,22794
160,22864
240,22865
490,22866
409,22868
472,22920
154,22931
428,22951
265,22952
164,22954
220,22969
489,22969
141,22999
141,23059
488,23082
220,23083
489,23083
241,23084
387,23124
400,23134
151,23142
142,23189
239,23204
196,23255
112,23258
445,23313
381,23337
154,23415
319,23476
137,23539
138,23540
233,23577
409,23666
410,23667
321,23715
208,23739
219,23765
141,23775
192,23785
432,24067
201,24125
534,24138
137,24156
219,24159
497,24165
141,24277
242,24298
141,24340
409,24358
160,24393
161,24394
162,24395
488,24525
220,24526
489,24526
490,24527
152,24607
501,24619
96,24633
240,24648
241,24649
284,24773
268,24890
129,24891
192,24921
153,24950
154,24951
538,24960
153,25103
154,25104
490,25131
246,25133
160,25167
161,25168
162,25169
163,25170
194,25192
387,25208
388,25209
140,25241
141,25242
192,25306
152,25404
527,25421
240,25443
424,25477
462,25530
161,25558
153,25613
242,25614
473,25641
240,25735
490,25736
141,25757
220,25763
489,25763
221,25764
449,25867
141,25869
86,25903
504,25916
505,25917
207,25938
488,25973
220,25974
489,25974
241,25975
224,26105
447,26105
140,26164
268,26185
219,26228
434,26242
141,26276
142,26277
462,26379
160,26500
161,26501
140,26586
291,26600
192,26615
240,26753
490,26754
486,26759
141,26767
161,26782
387,26798
527,26941
506,27058
240,27061
221,27062
232,27119
268,27143
141,27164
137,27196
240,27233
252,27276
471,27285
137,27353
367,27404
207,27447
153,27453
150,27483
151,27484
164,27661
166,27664
290,27728
277,27741
429,27745
291,27806
136,27891
220,27892
489,27892
369,27906
449,27920
241,27944
226,28002
219,28078
220,28079
489,28079
506,28171
192,28183
160,28242
291,28265
139,28277
140,28278
219,28368
141,28408
409,28464
160,28508
207,28528
208,28529
208,28540
381,28557
220,28675
489,28675
222,28679
462,28705
240,28798
221,28799
152,28853
409,28856
139,28897
86,28913
137,28945
152,29013
486,29023
487,29024
488,29025
220,29026
489,29026
221,29027
222,29028
449,29072
432,29076
62,29121
222,29137
245,29158
462,29168
153,29216
445,29261
446,29262
224,29263
447,29263
504,29315
264,29387
265,29391
219,29400
112,29421
268,29539
332,29594
161,29611
504,29639
219,29642
137,29643
223,29732
163,29792
141,29801
49,29869
49,29870
49,29871
49,29872
49,29873
49,29874
49,29875
49,29876
49,29877
49,29878
49,29879
49,29880
49,29881
49,29882
49,29883
49,29884
49,29885
49,29886
49,29887
49,29888
49,29889
49,29890
49,29891
49,29892
49,29893
50,29894
21,29903
38,29903
21,29904
38,29904
21,29905
38,29905
21,29906
38,29906
21,29907
38,29907
21,29908
38,29908
21,29909
38,29909
21,29910
38,29910
21,29911
38,29911
21,29912
38,29912
21,29913
38,29913
21,29914
38,29914
21,29915
38,29915
21,29916
38,29916
21,29917
38,29917
21,29918
38,29918
21,29919
38,29919
21,29920
38,29920
21,29921
38,29921
21,29922
38,29922
21,29923
38,29923
21,29924
38,29924
21,29925
38,29925
21,29926
38,29926
321,29951
469,30047
88,30070
264,30074
429,30075
153,30195
161,30217
224,30274
447,30274
225,30275
448,30275
160,30317
240,30318
240,30342
221,30343
265,30347
164,30349
153,30350
160,30425
242,30442
160,30491
240,30492
488,30602
220,30603
489,30603
221,30604
222,30605
277,30709
283,30710
222,30757
519,30785
473,30807
473,30810
462,30812
508,30857
240,30909
427,30976
163,30980
164,30981
222,30984
166,31047
471,31059
473,31069
460,31150
461,31151
154,31168
470,31267
381,31270
246,31334
139,31360
161,31403
424,31424
206,31444
220,31468
489,31468
193,31483
491,31492
160,31545
219,31549
220,31550
489,31550
538,31561
151,31586
291,31592
538,31605
527,31667
89,31744
153,31788
240,31861
241,31862
387,31868
152,31900
139,31954
139,31968
140,31969
277,31999
287,32106
220,32114
489,32114
161,32162
504,32238
505,32239
462,32254
219,32270
309,32294
163,32301
284,32393
136,32496
141,32548
140,32557
219,32594
141,32630
224,32705
447,32705
225,32706
448,32706
277,32751
504,32814
139,32911
163,32924
164,32925
153,32926
242,32927
129,32950
220,32993
489,32993
490,32994
387,32998
268,33003
129,33004
224,33014
447,33014
86,33051
206,33064
164,33120
163,33123
224,33148
447,33148
225,33149
448,33149
226,33150
151,33195
222,33204
223,33205
224,33206
447,33206
225,33207
448,33207
140,33256
252,33268
291,33283
141,33317
163,33340
240,33346
221,33347
164,33358
409,33361
153,33380
264,33394
265,33395
141,33421
321,33513
321,33520
160,33541
430,33548
265,33721
309,33732
387,33770
140,33776
141,33777
488,33784
220,33785
489,33785
241,33786
153,33791
252,33825
537,33844
309,33867
462,33884
488,33898
220,33899
489,33899
241,33900
139,33902
140,33903
141,33942
277,33971
429,33974
138,33992
139,33993
140,33994
321,34039
152,34069
153,34070
222,34102
240,34189
165,34217
166,34218
240,34231
221,34232
152,34254
277,34283
222,34294
164,34336
432,34429
240,34458
241,34459
201,34500
426,34601
160,34639
449,34711
430,34798
137,34801
473,34837
224,34874
447,34874
140,34895
192,34903
160,34950
163,34974
240,35004
367,35024
112,35035
266,35056
136,35068
220,35069
489,35069
490,35070
89,35072
220,35081
489,35081
243,35097
240,35178
221,35179
462,35210
153,35238
160,35319
240,35320
490,35321
129,35386
321,35456
224,35525
447,35525
242,35592
497,35595
240,35616
220,35694
489,35694
241,35695
219,35741
460,35767
461,35768
219,35778
140,35823
141,35824
160,35905
201,35926
410,35997
197,36157
309,36278
321,36288
153,36350
153,36428
242,36429
141,36480
141,36534
160,36553
161,36554
461,36572
160,36617
240,36618
241,36619
154,36620
497,36672
277,36699
160,36748
240,36749
497,36760
163,36771
224,36817
447,36817
160,36834
161,36835
138,36887
472,36921
473,36922
409,36930
415,36946
488,37005
219,37115
162,37117
267,37119
153,37129
154,37130
309,37179
135,37192
136,37193
137,37194
141,37245
164,37354
141,37386
142,37387
265,37477
164,37479
518,37504
504,37515
160,37525
161,37526
416,37552
417,37553
208,37561
142,37565
508,37578
488,37588
220,37589
489,37589
409,37667
160,37682
240,37683
241,37684
154,37685
277,37715
525,37758
461,37793
140,37807
430,37822
220,37841
489,37841
490,37842
138,37914
219,37958
220,37959
489,37959
233,37999
250,38025
251,38026
160,38027
112,38029
113,38030
276,38065
277,38066
504,38080
264,38113
240,38124
241,38125
139,38127
140,38128
197,38144
153,38149
239,38162
240,38163
445,38200
287,38228
462,38254
463,38255
153,38326
445,38348
431,38457
514,38519
243,38541
153,38585
242,38586
241,38621
242,38622
461,38669
462,38670
431,38687
268,38700
344,38753
119,38779
141,38975
446,38991
139,39036
140,39037
445,39137
426,39172
220,39200
489,39200
488,39246
137,39247
252,39257
504,39286
139,39288
140,39289
138,39320
136,39345
219,39433
137,39434
445,39452
291,39461
309,39483
266,39488
152,39544
138,39614
462,39621
141,39648
252,39711
488,39720
137,39721
138,39722
50,39816
219,39891
137,39892
433,39898
250,39924
251,39925
160,39926
141,39946
137,40033
138,40034
139,40035
140,40036
268,40165
129,40166
488,40184
220,40185
489,40185
241,40186
309,40201
160,40205
240,40206
166,40208
387,40252
153,40280
445,40381
240,40420
241,40421
139,40423
140,40424
220,40485
489,40485
241,40486
160,40542
62,40786
497,40939
449,40948
488,40987
398,40993
473,41026
462,41028
488,41101
219,41109
504,41182
136,41316
220,41317
489,41317
241,41318
242,41319
201,41462
291,41533
86,41540
205,41575
219,41601
137,41602
138,41603
220,41683
489,41683
490,41684
244,41718
245,41719
152,41742
153,41743
219,41788
220,41789
489,41789
462,41840
140,41871
153,41903
226,41956
219,41962
161,42029
151,42068
152,42069
219,42112
400,42266
206,42307
141,42335
220,42437
489,42437
309,42507
310,42508
319,42509
201,42626
161,42664
162,42665
163,42666
164,42667
488,42725
220,42726
489,42726
241,42727
220,42791
489,42791
241,42792
160,42805
462,42923
436,42988
333,43028
290,43199
291,43200
431,43205
432,43206
462,43261
207,43269
208,43270
449,43317
449,43351
141,43353
513,43388
488,43408
241,43495
509,43512
220,43529
489,43529
241,43530
201,43562
153,43626
242,43627
129,43654
130,43655
219,43759
137,43760
488,43867
137,43868
151,43873
163,43876
136,43934
139,43999
140,44000
164,44088
431,44119
461,44223
219,44235
137,44236
462,44254
321,44289
219,44320
332,44343
504,44455
223,44461
165,44527
219,44648
527,44651
488,44675
137,44676
387,44689
454,44778
461,44874
445,44877
473,44976
462,44978
264,45039
153,45044
242,45045
291,45070
153,45107
460,45113
445,45132
277,45142
283,45143
473,45152
462,45154
387,45166
277,45174
283,45175
140,45199
504,45247
506,45295
488,45318
220,45319
489,45319
241,45320
160,45334
161,45335
239,45439
240,45440
241,45441
160,45475
381,45479
141,45495
153,45539
449,45681
136,45696
220,45697
489,45697
209,45715
141,45743
208,45763
154,45788
468,45876
469,45877
119,45889
504,45925
141,45938
153,45983
153,46061
201,46076
387,46078
367,46188
160,46193
240,46194
387,46234
138,46252
88,46301
471,46345
449,46389
538,46402
433,46537
497,46665
504,46687
282,46731
139,46736
140,46737
197,46782
207,46805
224,46895
447,46895
504,46922
224,47000
447,47000
460,47012
461,47013
462,47014
192,47021
206,47116
445,47126
240,47133
241,47134
154,47135
449,47155
221,47162
222,47163
309,47358
473,47386
139,47392
140,47393
473,47398
462,47400
277,47437
283,47438
252,47506
155,47562
409,47567
460,47581
201,47635
222,47689
488,47700
219,47799
153,47843
462,47867
251,47881
160,47882
243,47885
152,47918
153,47919
445,47949
266,48025
160,48044
227,48061
153,48116
154,48117
152,48149
430,48173
220,48209
489,48209
241,48210
429,48233
153,48314
128,48579
163,48611
164,48631
141,48681
264,48706
49,48723
49,48724
50,48725
268,48736
400,48752
161,48833
162,48834
163,48835
432,48906
344,48958
277,48988
165,48992
192,49074
291,49133
141,49149
142,49150
432,49265
268,49319
268,49334
141,49341
219,49346
220,49347
489,49347
241,49348
154,49349
506,49350
462,49367
138,49381
268,49388
232,49464
452,49468
152,49551
153,49552
154,49553
506,49554
430,49572
137,49575
240,49611
449,49701
311,49737
315,49737
387,49758
488,49761
220,49762
489,49762
490,49763
86,49765
223,49802
224,49803
447,49803
225,49804
448,49804
220,49815
489,49815
241,49816
139,49940
140,49941
512,49947
160,49965
153,50080
220,50091
489,50091
221,50092
462,50116
282,50124
430,50160
431,50161
432,50162
433,50163
504,50209
137,50242
135,50259
136,50260
220,50261
489,50261
490,50262
138,50292
387,50391
504,50400
141,50507
473,50515
219,50540
137,50541
161,50688
432,50743
137,50852
152,50886
153,50887
197,50986
537,51003
538,51004
461,51050
136,51161
137,51162
429,51179
430,51180
504,51204
460,51269
461,51270
473,51272
136,51383
220,51384
489,51384
460,51502
461,51503
449,51528
518,51548
485,51630
486,51631
487,51632
488,51633
219,51644
137,51645
462,51654
445,51838
119,51948
266,51982
266,51984
164,51987
153,51988
266,52076
504,52120
207,52154
208,52155
141,52260
142,52261
219,52320
137,52321
264,52379
265,52380
488,52404
220,52405
489,52405
241,52453
154,52454
497,52500
287,52537
150,52597
151,52598
219,52602
264,52629
265,52630
152,52647
518,52738
266,52757
219,52804
137,52805
141,52851
504,52959
460,53095
277,53102
321,53144
136,53164
504,53196
205,53201
519,53213
154,53231
321,53291
141,53313
470,53330
112,53395
113,53396
160,53406
473,53551
462,53553
519,53597
150,53602
151,53603
152,53604
506,53652
240,53655
430,53662
431,53663
432,53664
537,53697
210,53702
161,53817
241,53824
154,53825
141,53840
538,53876
461,53913
462,53914
518,53993
504,54071
381,54108
504,54148
519,54197
160,54328
504,54334
139,54336
518,54436
160,54487
240,54488
241,54489
242,54490
463,54494
139,54505
497,54518
462,54522
381,54634
504,54672
506,54705
136,54709
220,54800
489,54800
166,54802
141,54834
277,54855
153,54861
86,54883
240,54905
241,54906
152,54956
504,55017
153,55064
527,55113
246,55164
139,55190
160,55215
160,55338
161,55339
509,55401
409,55416
153,55457
139,55459
140,55460
504,55464
219,55631
537,55636
243,55708
153,55730
139,55732
195,55734
196,55735
240,55737
141,55761
138,55774
160,55809
309,55868
160,55974
152,56055
153,56056
208,56082
139,56090
140,56091
141,56092
141,56095
460,56167
461,56168
462,56169
449,56229
473,56296
462,56298
462,56352
141,56403
430,56532
497,56546
461,56581
445,56584
240,56640
139,56644
409,56654
488,56757
220,56758
489,56758
161,56964
243,57013
460,57074
461,57075
462,57076
461,57111
201,57217
310,57237
319,57238
141,57241
142,57242
242,57298
240,57331
221,57332
136,57347
137,57348
409,57426
154,57464
152,57503
153,57504
239,57538
153,57581
291,57627
538,57722
449,57748
472,57756
473,57757
462,57759
137,57798
240,57817
490,57818
409,57820
473,57833
240,57890
220,58089
489,58089
141,58149
240,58175
241,58176
242,58177
538,58223
416,58313
164,58348
153,58349
240,58454
241,58455
504,58469
504,58517
136,58548
506,58696
246,58704
152,58710
136,58902
161,58959
223,58961
166,58969
462,58974
309,59052
160,59118
265,59171
136,59209
220,59210
489,59210
501,59266
208,59272
136,59296
220,59297
489,59297
490,59298
309,59342
153,59437
268,59447
160,59513
112,59521
161,59562
504,59569
243,59579
161,59619
162,59620
163,59621
488,59717
136,59742
461,59774
163,59785
