335,16
336,17
405,42
279,45
290,84
442,144
113,161
356,249
493,255
119,265
519,367
120,368
121,368
122,368
520,368
120,369
121,369
122,369
520,369
120,370
121,370
122,370
520,370
521,371
36,458
404,553
35,657
97,688
508,761
120,798
121,798
122,798
520,798
289,832
290,833
36,835
519,936
120,937
121,937
122,937
520,937
120,938
121,938
122,938
520,938
123,939
343,939
498,943
437,961
338,971
485,1001
336,1026
337,1027
518,1027
495,1035
448,1037
97,1048
119,1064
120,1065
121,1065
122,1065
520,1065
521,1066
507,1067
522,1067
523,1068
345,1094
293,1136
294,1137
403,1140
508,1142
344,1158
507,1226
522,1226
290,1292
484,1300
97,1305
423,1312
421,1344
364,1375
346,1386
117,1388
118,1389
119,1390
521,1391
93,1400
413,1412
338,1458
337,1480
518,1480
519,1481
336,1578
337,1579
518,1579
519,1580
354,1602
336,1614
362,1657
487,1728
346,1756
525,1778
423,1797
424,1798
163,1815
382,1829
519,1876
336,1917
403,2004
206,2051
485,2169
336,2197
337,2198
518,2198
519,2199
120,2200
121,2200
122,2200
520,2200
521,2201
337,2233
518,2233
495,2236
502,2241
495,2251
521,2270
519,2277
120,2278
121,2278
122,2278
520,2278
120,2279
121,2279
122,2279
520,2279
521,2280
227,2281
294,2301
382,2345
499,2366
493,2416
523,2418
421,2467
495,2476
120,2489
121,2489
122,2489
520,2489
120,2490
121,2490
122,2490
520,2490
120,2491
121,2491
122,2491
520,2491
120,2492
121,2492
122,2492
520,2492
120,2493
121,2493
122,2493
520,2493
119,2509
521,2510
227,2511
486,2576
236,2634
163,2653
308,2676
508,2680
507,2773
522,2773
403,2796
404,2809
482,2822
483,2823
484,2824
521,2827
502,2853
119,2860
521,2861
290,2884
156,2886
449,2886
113,2889
114,2924
494,2924
336,2951
338,2961
124,2962
97,2983
402,2984
403,2985
495,3006
436,3017
336,3041
194,3061
337,3141
518,3141
336,3200
508,3209
507,3333
522,3333
508,3334
493,3413
447,3443
230,3448
119,3464
120,3465
121,3465
122,3465
520,3465
120,3466
121,3466
122,3466
520,3466
120,3467
121,3467
122,3467
520,3467
521,3468
227,3469
337,3477
518,3477
93,3584
163,3633
427,3681
441,3788
402,3794
403,3795
404,3796
516,3823
337,3834
518,3834
423,3949
424,3950
293,3960
294,3961
482,4040
493,4104
340,4124
504,4124
120,4139
121,4139
122,4139
520,4139
521,4140
227,4141
163,4217
517,4255
482,4346
483,4347
484,4348
344,4359
336,4365
336,4378
337,4379
518,4379
521,4391
412,4396
289,4435
377,4450
448,4460
338,4482
120,4499
121,4499
122,4499
520,4499
123,4500
343,4500
403,4509
279,4593
93,4600
336,4637
502,4651
312,4661
313,4662
134,4721
407,4811
123,4851
343,4851
339,4852
340,4853
504,4853
404,4855
508,4901
521,4952
507,4953
522,4953
228,4969
229,4970
230,4971
447,5020
436,5028
373,5057
487,5064
224,5129
164,5159
165,5160
134,5246
113,5271
255,5344
448,5405
206,5415
117,5435
340,5438
504,5438
335,5482
498,5514
206,5540
338,5550
486,5558
493,5604
113,5612
524,5626
525,5627
119,5661
521,5662
523,5680
447,5683
364,5712
524,5758
525,5759
423,5785
255,5862
423,5962
424,5963
185,6072
485,6105
523,6158
524,6159
525,6160
115,6173
69,6185
92,6281
93,6282
498,6287
336,6318
403,6336
337,6362
518,6362
519,6363
120,6364
121,6364
122,6364
520,6364
521,6365
501,6397
507,6411
522,6411
508,6412
113,6448
206,6453
134,6506
114,6516
494,6516
485,6585
495,6597
507,6606
522,6606
523,6607
228,6738
229,6750
230,6751
359,6770
500,6770
496,6796
485,6860
507,6874
522,6874
523,6875
95,6951
96,6952
229,6972
230,6973
335,7030
79,7052
79,7109
229,7128
230,7129
386,7210
83,7211
337,7236
518,7236
507,7238
522,7238
448,7314
448,7394
36,7395
507,7407
522,7407
357,7434
498,7487
523,7492
207,7507
495,7522
113,7525
119,7580
521,7581
485,7587
93,7604
495,7613
496,7623
464,7695
447,7699
403,7734
508,7736
507,7753
522,7753
402,7775
403,7776
404,7777
423,7780
484,7842
485,7843
283,7868
403,7890
508,7892
230,7936
495,7946
294,7950
257,7994
508,8006
403,8034
337,8109
518,8109
507,8128
522,8128
523,8129
206,8142
113,8193
113,8218
523,8220
495,8229
154,8258
206,8271
499,8322
403,8393
485,8465
338,8544
444,8645
362,8662
117,8669
508,8699
447,8778
354,8802
293,8808
294,8809
521,8843
442,8853
523,8878
362,8899
362,8980
294,8995
382,9046
405,9065
314,9066
507,9183
522,9183
508,9184
229,9246
230,9247
224,9284
117,9305
118,9306
230,9351
382,9374
290,9418
283,9441
404,9484
93,9566
224,9614
166,9668
167,9669
423,9744
524,9753
525,9754
423,9820
206,9920
443,9956
444,9957
256,9997
257,9998
337,10049
518,10049
507,10051
522,10051
498,10097
403,10146
517,10275
495,10301
496,10302
403,10323
382,10331
134,10406
229,10422
230,10423
186,10435
338,10441
134,10475
525,10484
441,10515
448,10553
290,10747
338,10756
453,10785
454,10786
336,10835
44,10847
517,10895
403,10932
517,10952
93,11017
94,11018
336,11047
337,11048
518,11048
338,11049
498,11079
493,11085
185,11103
186,11104
224,11137
228,11140
229,11141
230,11142
364,11157
230,11171
231,11172
261,11172
294,11203
336,11236
340,11239
504,11239
357,11249
373,11261
403,11271
418,11294
464,11300
441,11304
487,11355
498,11361
508,11369
120,11380
121,11380
122,11380
520,11380
521,11381
507,11382
522,11382
523,11383
524,11384
523,11399
357,11427
336,11441
517,11495
441,11510
442,11511
443,11512
444,11513
155,11522
36,11523
37,11524
336,11526
337,11527
518,11527
519,11528
123,11529
343,11529
339,11530
113,11551
298,11560
118,11714
336,11721
336,11795
35,11805
34,11824
382,11848
113,11850
517,11898
337,11899
518,11899
495,11919
496,11920
497,11921
456,11934
44,11962
337,12026
518,12026
338,12027
124,12028
485,12145
113,12213
97,12232
404,12241
444,12248
336,12263
373,12380
224,12386
134,12472
508,12515
118,12548
119,12549
120,12550
121,12550
122,12550
520,12550
113,12573
382,12659
523,12715
165,12731
120,12791
121,12791
122,12791
520,12791
123,12792
343,12792
124,12793
412,12805
386,12829
83,12830
336,12833
227,12856
508,12934
227,12938
123,12978
343,12978
124,12979
255,13015
119,13036
123,13037
343,13037
423,13093
294,13096
114,13105
494,13105
495,13106
65,13170
517,13196
337,13197
518,13197
447,13202
385,13282
162,13298
493,13299
404,13365
405,13366
406,13367
495,13437
36,13484
523,13522
337,13533
518,13533
224,13552
34,13560
452,13597
135,13648
136,13649
503,13758
482,13806
403,13838
508,13846
496,13850
430,13858
93,13882
336,13942
117,13969
508,14059
502,14093
503,14094
517,14116
359,14174
500,14174
360,14175
356,14178
517,14180
337,14181
518,14181
337,14195
518,14195
386,14241
83,14242
308,14253
495,14326
373,14341
403,14441
508,14443
448,14464
313,14471
158,14556
44,14584
441,14662
403,14672
508,14674
485,14726
113,14742
403,14864
508,14887
117,14910
357,14981
444,15040
445,15041
485,15088
355,15134
447,15136
482,15171
290,15373
294,15376
117,15417
113,15425
290,15442
517,15466
337,15482
518,15482
441,15532
447,15541
508,15568
93,15610
523,15623
191,15638
93,15651
224,15699
485,15775
373,15834
93,15885
136,15893
338,15902
339,15903
340,15904
504,15904
335,15930
336,15931
192,15950
479,15955
508,15988
337,16060
518,16060
519,16061
123,16062
343,16062
523,16072
423,16100
424,16101
224,16162
194,16177
195,16178
234,16180
517,16182
93,16189
487,16202
336,16238
337,16239
518,16239
523,16277
524,16278
525,16279
453,16328
230,16377
523,16399
474,16423
123,16430
343,16430
124,16431
35,16529
362,16545
484,16656
441,16671
475,16758
236,16764
114,16767
494,16767
120,16820
121,16820
122,16820
520,16820
123,16821
343,16821
163,16838
194,16839
486,16962
113,17009
205,17023
206,17024
495,17035
254,17064
336,17073
92,17082
93,17083
65,17087
447,17110
448,17111
294,17154
403,17174
118,17252
227,17254
403,17261
345,17267
508,17274
345,17278
283,17320
113,17336
402,17350
403,17351
113,17384
382,17392
517,17399
117,17488
452,17554
113,17588
207,17607
227,17664
344,17725
336,17748
337,17749
518,17749
441,17758
445,17836
337,17842
518,17842
117,17848
308,17853
206,17900
517,17930
257,17962
336,18002
337,18003
518,18003
338,18004
344,18005
345,18006
507,18018
522,18018
156,18023
449,18023
508,18075
68,18107
69,18108
345,18131
92,18162
495,18223
134,18235
523,18304
447,18307
123,18312
343,18312
443,18316
444,18317
403,18410
404,18411
336,18437
517,18510
337,18511
518,18511
56,18606
227,18622
93,18643
159,18680
81,18729
82,18730
83,18731
402,18733
117,18819
404,18852
441,18877
113,18885
508,18937
345,19010
372,19014
423,19041
293,19112
294,19113
62,19131
432,19131
508,19171
337,19189
518,19189
338,19190
97,19236
508,19279
35,19283
403,19328
404,19329
113,19392
508,19410
382,19416
113,19418
412,19525
95,19573
96,19574
97,19575
402,19576
403,19577
517,19614
402,19660
403,19661
338,19673
230,19707
403,19721
508,19723
403,19730
517,19816
337,19817
518,19817
519,19818
123,19819
343,19819
124,19820
95,19836
96,19837
336,19840
427,19896
382,19912
229,19916
230,19917
231,19918
261,19918
321,19937
448,19948
403,19985
508,19987
403,19997
508,19999
116,20003
117,20004
429,20112
430,20113
519,20122
120,20123
121,20123
122,20123
520,20123
423,20154
424,20155
403,20162
508,20164
517,20202
337,20203
518,20203
338,20220
118,20232
119,20233
521,20245
117,20350
113,20406
403,20513
336,20525
194,20573
159,20604
421,20643
93,20651
35,20667
156,20668
449,20668
113,20675
185,20681
405,20703
493,20724
508,20749
224,20775
523,20782
441,20802
447,20807
430,20821
484,20849
256,20874
257,20875
517,20893
164,20928
257,20968
56,20975
155,21013
423,21130
424,21131
336,21143
337,21144
518,21144
336,21180
337,21181
518,21181
156,21227
449,21227
113,21245
444,21322
438,21339
337,21346
518,21346
519,21347
120,21348
121,21348
122,21348
520,21348
97,21387
519,21418
123,21419
343,21419
114,21447
494,21447
224,21457
309,21462
230,21561
231,21562
261,21562
117,21618
403,21795
224,21818
508,21821
484,21844
521,21847
519,21863
403,21901
289,21949
206,21966
224,21968
228,21983
373,22012
508,22022
509,22023
510,22024
517,22029
448,22075
156,22076
449,22076
507,22108
522,22108
508,22109
308,22166
404,22201
405,22202
314,22203
323,22262
97,22302
294,22348
357,22353
482,22397
315,22446
336,22466
337,22467
518,22467
336,22539
517,22593
441,22638
185,22644
62,22650
432,22650
507,22701
522,22701
523,22702
391,22703
405,22724
56,22749
123,22767
343,22767
339,22768
340,22769
504,22769
495,22777
336,22793
163,22808
115,22817
517,22835
336,22864
337,22865
518,22865
338,22866
344,22867
345,22868
521,22930
521,22956
507,22957
522,22957
448,22964
206,22998
93,23034
437,23041
507,23085
522,23085
508,23086
254,23109
230,23128
95,23152
96,23153
382,23174
134,23189
114,23219
494,23219
95,23249
96,23250
384,23305
454,23324
382,23342
117,23357
119,23413
521,23414
254,23467
156,23603
449,23603
283,23637
163,23664
345,23666
344,23733
355,23751
448,23795
93,23841
238,23886
517,23978
521,24001
194,24033
112,24044
113,24045
436,24077
407,24209
373,24214
125,24230
185,24252
196,24282
227,24298
484,24310
485,24311
422,24316
114,24320
494,24320
447,24350
448,24351
345,24358
336,24393
523,24407
524,24408
525,24409
117,24479
146,24523
338,24527
403,24545
436,24576
517,24647
337,24648
518,24648
507,24650
522,24650
146,24695
495,24720
485,24776
206,24944
495,24952
93,24986
346,25000
120,25006
121,25006
122,25006
520,25006
120,25007
121,25007
122,25007
520,25007
517,25013
517,25043
338,25131
404,25153
405,25154
314,25155
336,25167
159,25255
436,25265
355,25269
97,25324
402,25325
403,25326
382,25345
83,25393
484,25403
487,25421
337,25443
518,25443
516,25556
517,25557
227,25614
499,25688
178,25697
159,25714
337,25735
518,25735
338,25736
119,25781
521,25782
448,25817
498,25858
517,25900
340,25903
504,25903
517,25941
464,25981
441,25985
403,26099
508,26101
92,26129
93,26130
382,26172
508,26182
134,26277
135,26278
136,26279
137,26280
482,26284
444,26335
445,26336
336,26500
56,26524
358,26566
83,26612
254,26620
255,26621
94,26624
498,26656
230,26726
337,26753
518,26753
338,26754
403,26787
230,26824
525,26845
382,26907
493,26923
508,26925
486,26940
487,26941
423,27014
517,27060
337,27061
518,27061
194,27083
156,27122
449,27122
93,27140
503,27158
516,27218
337,27233
518,27233
519,27234
521,27235
507,27236
522,27236
523,27237
357,27250
484,27333
485,27334
223,27340
493,27394
62,27397
432,27397
507,27454
522,27454
523,27455
123,27464
343,27464
485,27485
445,27528
517,27626
361,27772
156,27793
449,27793
488,27850
404,27957
403,27988
114,28065
494,28065
495,28066
496,28067
508,28119
230,28137
93,28148
117,28160
517,28173
336,28242
257,28274
421,28287
250,28316
56,28332
448,28337
36,28338
156,28342
449,28342
117,28351
118,28352
119,28358
162,28451
345,28464
336,28508
495,28519
486,28535
493,28575
508,28590
118,28620
519,28676
120,28677
121,28677
122,28677
520,28677
499,28682
114,28699
494,28699
422,28772
423,28773
337,28798
518,28798
344,28855
345,28856
507,28896
522,28896
156,28903
449,28903
482,28907
503,28912
340,28913
504,28913
447,28953
294,28956
441,29003
485,29037
238,29050
116,29133
117,29134
118,29135
94,29185
507,29217
522,29217
523,29218
521,29237
517,29249
373,29468
113,29552
113,29751
192,29772
120,29775
121,29775
122,29775
520,29775
298,29798
482,29846
354,29863
442,29932
485,29946
430,29995
525,30079
117,30092
344,30179
293,30221
93,30276
510,30278
113,30283
114,30284
494,30284
495,30285
336,30317
337,30318
518,30318
519,30319
120,30320
121,30320
122,30320
520,30320
120,30321
121,30321
122,30321
520,30321
337,30342
518,30342
156,30402
449,30402
452,30417
336,30425
118,30439
119,30440
521,30441
227,30442
336,30491
337,30492
518,30492
373,30498
442,30506
443,30507
96,30515
97,30516
402,30517
403,30518
495,30535
362,30558
495,30611
496,30612
447,30627
230,30632
257,30652
421,30670
266,30687
407,30692
293,30711
294,30712
158,30727
159,30728
156,30815
449,30815
364,30880
337,30909
518,30909
519,30910
120,30911
121,30911
122,30911
520,30911
120,30912
121,30912
122,30912
520,30912
484,30970
155,31026
156,31027
449,31027
346,31111
120,31166
121,31166
122,31166
520,31166
521,31167
36,31180
372,31183
373,31212
502,31267
382,31276
96,31279
382,31300
120,31331
121,31331
122,31331
520,31331
123,31332
343,31332
413,31348
113,31358
517,31391
499,31399
517,31402
403,31419
407,31446
336,31545
162,31654
493,31655
119,31664
487,31667
447,31713
448,31714
507,31789
522,31789
508,31790
436,31817
437,31818
403,31824
337,31861
518,31861
117,31951
207,31970
113,32062
423,32104
519,32115
120,32116
121,32116
122,32116
520,32116
521,32117
257,32144
508,32147
495,32223
113,32226
495,32240
97,32251
283,32283
65,32323
423,32358
34,32369
35,32370
156,32371
449,32371
113,32374
485,32396
517,32478
206,32629
507,32650
522,32650
508,32651
93,32707
67,32719
95,32739
96,32740
206,32745
423,32749
424,32750
501,32796
523,32799
508,32816
206,32827
523,32837
56,32867
116,32893
117,32894
507,32910
522,32910
227,32927
354,32948
206,32989
338,32994
34,32996
340,33051
504,33051
86,33061
154,33103
155,33104
348,33137
495,33172
496,33173
463,33194
485,33196
117,33337
337,33346
518,33346
344,33360
345,33361
92,33440
93,33441
486,33448
336,33541
294,33575
495,33623
373,33651
55,33758
383,33758
56,33759
507,33787
522,33787
508,33788
507,33792
522,33792
498,33799
206,33802
507,33901
522,33901
354,33906
163,34130
113,34136
508,34177
517,34188
337,34189
518,34189
519,34190
120,34191
121,34191
122,34191
520,34191
521,34192
337,34231
518,34231
238,34245
207,34270
521,34288
507,34289
522,34289
508,34290
123,34338
343,34338
364,34343
357,34346
358,34347
359,34348
500,34348
496,34383
206,34426
95,34432
96,34433
97,34434
517,34457
337,34458
518,34458
55,34508
383,34508
447,34573
448,34574
336,34639
484,34650
156,34671
449,34671
495,34689
113,34703
228,34705
229,34706
230,34707
517,34730
441,34832
336,34950
337,35004
518,35004
338,35070
124,35071
519,35082
120,35083
121,35083
122,35083
520,35083
337,35178
518,35178
113,35213
436,35220
437,35221
448,35273
336,35319
337,35320
518,35320
338,35321
294,35368
493,35427
508,35429
495,35462
156,35469
449,35469
498,35504
206,35559
117,35588
118,35589
119,35590
521,35591
227,35592
337,35616
518,35616
519,35617
521,35618
507,35619
522,35619
163,35652
34,35654
35,35655
206,35708
403,35738
523,35759
493,35775
403,35811
97,35879
336,35905
496,35955
523,36038
117,36143
224,36163
120,36200
121,36200
122,36200
520,36200
120,36201
121,36201
122,36201
520,36201
521,36202
257,36216
448,36281
36,36282
297,36285
298,36286
305,36287
238,36314
117,36343
227,36429
97,36433
437,36472
206,36479
117,36494
523,36497
206,36533
336,36553
485,36563
336,36617
337,36618
518,36618
97,36630
163,36702
164,36703
165,36704
437,36718
336,36748
337,36749
518,36749
336,36834
508,36888
344,36929
345,36930
115,37131
405,37196
422,37226
423,37227
206,37244
373,37279
403,37300
385,37326
117,37361
206,37385
134,37387
493,37418
114,37419
494,37419
207,37445
441,37463
117,37487
118,37488
119,37489
336,37525
92,37546
447,37550
448,37551
134,37565
356,37576
519,37590
120,37591
121,37591
122,37591
520,37591
345,37667
336,37682
337,37683
518,37683
423,37713
424,37714
146,37721
484,37724
62,37747
432,37747
421,37817
422,37818
338,37842
344,37843
508,37915
422,37922
156,37931
449,37931
357,37940
335,38026
336,38027
117,38050
493,38070
510,38087
113,38092
517,38123
337,38124
518,38124
507,38126
522,38126
337,38163
518,38163
519,38164
120,38165
121,38165
122,38165
520,38165
521,38166
507,38167
522,38167
508,38168
55,38173
383,38173
56,38174
407,38179
323,38267
281,38378
519,38391
120,38392
121,38392
122,38392
520,38392
120,38393
121,38393
122,38393
520,38393
120,38394
121,38394
122,38394
520,38394
123,38395
343,38395
485,38416
81,38438
82,38439
83,38440
508,38512
113,38539
429,38555
430,38556
227,38586
227,38622
117,38742
93,38904
447,38927
438,39004
437,39210
517,39318
508,39321
230,39329
163,39397
194,39398
97,39558
516,39611
517,39612
508,39615
441,39658
206,39753
508,39828
335,39925
336,39926
206,39945
382,39965
113,39967
65,39985
79,39987
36,40006
254,40061
498,40085
224,40103
102,40120
336,40205
337,40206
518,40206
447,40250
523,40306
255,40310
517,40419
337,40420
518,40420
507,40422
522,40422
423,40456
425,40473
445,40518
336,40542
117,40641
118,40642
507,40644
522,40644
290,40649
254,40724
294,40733
482,40751
119,40785
255,40835
364,41116
523,41184
447,41187
444,41198
524,41245
521,41293
227,41319
228,41320
404,41331
405,41332
314,41333
495,41452
382,41501
194,41539
340,41540
504,41540
118,41554
403,41570
508,41572
117,41625
517,41634
338,41684
294,41762
230,41890
507,41904
522,41904
508,41905
113,41925
508,41927
308,41932
56,41976
289,42014
113,42017
114,42018
494,42018
115,42019
463,42067
344,42071
290,42093
112,42108
113,42109
294,42186
68,42288
407,42309
205,42333
206,42334
113,42349
508,42351
95,42423
96,42424
290,42428
239,42540
156,42628
449,42628
484,42636
436,42647
161,42675
162,42676
447,42686
517,42714
507,42728
522,42728
403,42758
508,42760
507,42793
522,42793
523,42794
382,42797
113,42799
336,42805
382,42815
290,42840
482,42864
523,42882
447,42885
95,42911
96,42912
364,42944
163,42969
493,43073
382,43088
206,43113
293,43172
294,43173
113,43177
403,43226
495,43252
422,43296
170,43314
92,43316
482,43357
113,43383
403,43459
507,43496
522,43496
508,43497
289,43535
227,43627
44,43775
297,43846
403,43858
463,43872
485,43874
114,43950
494,43950
403,43997
485,44006
499,44042
55,44045
383,44045
230,44109
294,44267
290,44306
92,44330
230,44439
508,44457
364,44475
365,44476
323,44540
403,44645
487,44651
441,44653
382,44660
112,44699
482,44720
56,44742
250,44765
498,44771
163,44782
448,44943
257,44963
115,44986
403,45012
445,45027
93,45031
227,45045
55,45126
383,45126
293,45144
117,45210
118,45211
508,45249
507,45321
522,45321
508,45322
336,45334
162,45410
337,45440
518,45440
442,45450
443,45451
93,45469
94,45470
95,45471
96,45472
336,45475
257,45487
495,45583
93,45617
498,45693
236,45705
403,45734
495,45736
382,45747
495,45789
496,45790
293,45808
294,45809
255,45864
496,45914
525,46026
115,46099
493,46134
523,46136
524,46137
495,46171
443,46174
336,46193
337,46194
518,46194
523,46253
403,46384
441,46433
386,46523
83,46524
373,46527
156,46541
449,46541
156,46547
449,46547
382,46594
283,46617
355,46622
382,46624
93,46656
508,46689
493,46734
113,46747
114,46748
494,46748
495,46749
448,46751
156,46752
449,46752
294,46777
290,46792
156,46794
449,46794
315,46806
117,46808
443,47040
442,47086
443,47087
444,47088
95,47122
96,47123
97,47124
337,47133
518,47133
495,47136
448,47138
113,47182
114,47183
494,47183
495,47184
93,47252
445,47282
519,47348
123,47349
343,47349
357,47354
162,47363
279,47379
403,47390
345,47567
117,47618
118,47619
293,47749
294,47750
493,47793
508,47795
507,47844
522,47844
523,47845
498,47853
93,47876
335,47881
336,47882
510,47901
484,47917
402,47977
403,47978
336,48044
118,48049
119,48050
521,48051
507,48052
522,48052
508,48053
34,48129
35,48130
113,48138
507,48211
522,48211
422,48276
238,48279
93,48302
507,48315
522,48315
113,48387
523,48389
448,48562
521,48633
205,48679
206,48680
493,48699
508,48767
495,48778
496,48779
113,48783
93,48845
163,48870
496,49036
495,49086
206,49148
134,49150
456,49157
457,49158
230,49180
423,49194
437,49256
485,49328
517,49352
517,49379
508,49382
113,49430
117,49451
93,49494
94,49495
507,49508
522,49508
523,49509
93,49522
510,49524
448,49538
364,49601
517,49610
337,49611
518,49611
519,49612
123,49613
343,49613
113,49619
114,49620
494,49620
524,49671
517,49718
521,49725
338,49763
339,49764
340,49765
504,49765
93,49805
510,49807
485,49909
519,49937
521,49938
507,49939
522,49939
323,49951
336,49965
163,49991
164,50016
165,50017
423,50022
508,50058
485,50069
447,50073
163,50127
164,50128
165,50129
117,50202
517,50231
338,50262
485,50282
523,50293
422,50324
423,50325
424,50326
113,50432
437,50448
206,50506
131,50555
257,50561
117,50594
118,50595
521,50646
207,50655
390,50681
524,50682
517,50687
160,50694
117,50759
118,50760
114,50775
494,50775
495,50776
496,50777
114,50816
494,50816
495,50817
403,50838
508,50840
498,50845
405,50889
442,50993
155,51019
364,51043
365,51044
230,51047
231,51048
261,51048
194,51087
482,51103
309,51118
493,51133
114,51134
494,51134
495,51135
447,51311
162,51320
493,51321
97,51353
206,51375
206,51410
362,51419
308,51443
443,51487
444,51488
382,51553
113,51555
114,51556
494,51556
413,51621
131,51683
403,51738
159,51756
112,51878
113,51879
483,51979
507,51989
522,51989
523,51990
447,52012
386,52091
83,52092
382,52097
445,52136
323,52138
93,52173
93,52182
496,52192
134,52261
403,52317
255,52334
405,52373
382,52508
117,52514
485,52540
422,52551
422,52574
423,52575
95,52611
96,52612
498,52616
423,52627
382,52687
113,52801
485,52812
115,52846
93,53000
496,53004
206,53010
508,53198
495,53232
290,53262
502,53330
437,53367
517,53393
336,53406
114,53423
494,53423
495,53424
97,53470
402,53471
403,53472
448,53480
498,53507
517,53515
120,53606
121,53606
122,53606
520,53606
123,53607
343,53607
482,53629
517,53654
337,53655
518,53655
519,53656
279,53679
97,53730
402,53731
403,53732
523,53734
495,53757
373,53775
109,53786
495,53826
117,53855
498,53917
423,54126
163,54129
194,54130
290,54157
294,54160
423,54212
424,54213
493,54216
254,54241
495,54318
336,54328
448,54425
206,54439
207,54440
336,54487
337,54488
518,54488
227,54490
507,54660
522,54660
523,54661
113,54703
114,54704
494,54704
373,54750
437,54769
507,54862
522,54862
523,54863
163,54881
194,54882
340,54883
504,54883
337,54905
518,54905
507,54907
522,54907
523,54908
524,54909
525,54910
206,54928
344,54958
508,55019
509,55020
517,55046
486,55112
487,55113
444,55171
321,55184
117,55187
336,55215
403,55232
436,55331
437,55332
336,55338
93,55362
345,55416
507,55458
522,55458
508,55466
113,55549
448,55619
156,55620
449,55620
493,55706
523,55711
447,55714
507,55731
522,55731
337,55737
518,55737
447,55765
289,55788
290,55789
336,55809
448,55871
293,55970
294,55971
336,55974
422,56075
113,56153
523,56155
524,56156
456,56215
35,56261
36,56262
37,56263
510,56277
35,56303
499,56306
359,56307
500,56307
382,56431
337,56640
518,56640
519,56641
521,56642
507,56643
522,56643
345,56654
382,56700
55,56701
383,56701
56,56702
403,56706
508,56708
445,56747
519,56759
120,56760
121,56760
122,56760
520,56760
123,56761
343,56761
436,56779
382,56789
280,56856
113,56877
55,56945
383,56945
56,56946
436,56956
444,57055
422,57062
113,57093
194,57102
231,57109
261,57109
134,57242
118,57294
119,57295
120,57296
121,57296
122,57296
520,57296
521,57297
227,57298
508,57319
337,57331
518,57331
83,57371
345,57426
346,57427
224,57457
495,57465
422,57480
507,57505
522,57505
523,57506
239,57513
95,57546
96,57547
485,57614
382,57648
206,57734
337,57817
518,57817
338,57818
344,57819
345,57820
337,57890
518,57890
519,57891
493,57896
114,57897
494,57897
156,57918
449,57918
157,57919
450,57919
451,57920
257,57923
405,57926
95,58032
96,58033
97,58034
113,58041
423,58077
482,58114
405,58120
337,58175
518,58175
227,58177
442,58193
55,58208
383,58208
437,58232
423,58301
155,58312
507,58350
522,58350
516,58358
356,58362
114,58412
494,58412
495,58413
496,58414
337,58454
518,58454
508,58471
508,58519
224,58563
484,58578
403,58694
163,58776
117,58802
454,58835
156,58844
449,58844
447,58870
120,58947
121,58947
122,58947
520,58947
123,58948
343,58948
34,58950
240,58981
113,58988
158,58993
280,58996
336,59118
413,59179
445,59201
117,59225
523,59228
55,59261
383,59261
56,59262
338,59298
403,59324
508,59326
257,59417
510,59490
336,59513
517,59519
372,59556
56,59630
364,59693
382,59701
194,59704
