214,129
215,130
234,240
396,254
397,255
409,266
388,314
281,365
282,366
283,367
408,367
284,368
512,368
284,369
512,369
284,370
512,370
282,381
497,426
436,483
158,492
51,511
375,531
308,546
147,563
145,573
302,573
278,605
309,605
310,606
310,640
50,765
149,796
284,798
512,798
409,799
315,855
316,856
287,858
283,936
408,936
284,937
512,937
284,938
512,938
285,939
93,968
94,969
282,970
145,979
302,979
284,1065
512,1065
497,1122
275,1211
276,1212
93,1222
94,1223
282,1224
375,1243
143,1367
283,1481
408,1481
122,1569
50,1572
283,1580
408,1580
409,1581
215,1599
375,1615
145,1653
302,1653
215,1668
110,1673
111,1674
282,1725
110,1735
111,1736
485,1747
486,1748
315,1770
396,1800
242,1802
146,1831
147,1832
282,1875
283,1876
408,1876
50,1887
375,1918
50,2073
144,2153
314,2153
396,2158
283,2199
408,2199
284,2200
512,2200
380,2242
396,2267
283,2277
408,2277
284,2278
512,2278
284,2279
512,2279
277,2286
248,2298
249,2299
375,2350
376,2351
316,2370
453,2413
396,2415
397,2416
242,2434
284,2489
512,2489
284,2490
512,2490
284,2491
512,2491
284,2492
512,2492
284,2493
512,2493
50,2513
497,2526
315,2583
241,2584
145,2598
302,2598
453,2649
454,2650
358,2651
395,2651
456,2651
396,2652
378,2711
379,2712
44,2728
296,2736
461,2795
110,2801
111,2802
215,2820
146,2916
398,2924
122,2952
281,2955
281,2959
282,2960
281,2988
147,2996
122,3042
110,3053
145,3147
302,3147
110,3176
346,3187
122,3201
315,3279
277,3321
310,3346
397,3413
426,3435
284,3465
512,3465
284,3466
512,3466
284,3467
512,3467
315,3516
426,3540
281,3557
146,3562
248,3575
130,3591
296,3723
122,3759
410,3836
396,3952
497,3975
453,4011
214,4037
215,4038
145,4074
302,4074
357,4101
455,4101
358,4102
395,4102
456,4102
396,4103
397,4104
280,4120
281,4121
50,4128
284,4139
512,4139
282,4192
396,4216
301,4249
121,4255
374,4255
409,4282
279,4293
426,4344
375,4366
375,4407
214,4423
215,4424
282,4440
284,4499
512,4499
285,4500
237,4517
278,4539
309,4539
239,4625
375,4638
28,4678
95,4768
285,4851
147,4904
148,4905
497,4908
280,4981
436,5058
50,5070
426,5127
50,5145
315,5148
149,5149
315,5157
316,5158
281,5227
282,5228
410,5230
215,5244
497,5321
315,5324
95,5362
150,5369
147,5375
148,5376
241,5377
279,5424
280,5425
281,5426
50,5442
297,5479
298,5480
361,5480
51,5563
358,5602
395,5602
456,5602
396,5603
397,5604
277,5610
278,5755
309,5755
310,5756
93,5803
378,5807
379,5808
411,5834
112,5841
420,5841
436,5853
437,5854
358,5869
395,5869
456,5869
50,5919
485,5959
486,5960
358,5965
395,5965
456,5965
95,5985
278,5993
309,5993
166,6062
486,6101
396,6119
399,6173
358,6202
395,6202
456,6202
396,6203
412,6262
375,6302
282,6345
283,6363
408,6363
284,6364
512,6364
110,6407
280,6415
281,6416
453,6434
454,6435
358,6436
395,6436
456,6436
315,6447
497,6471
398,6516
497,6528
426,6545
426,6591
426,6651
145,6711
302,6711
409,6896
315,6914
149,6915
426,7019
298,7028
361,7028
426,7083
426,7361
276,7392
111,7445
426,7542
50,7548
421,7556
426,7575
282,7610
147,7643
281,7662
497,7665
50,7740
310,7746
345,7792
110,7802
215,7875
50,7998
145,8001
302,8001
149,8013
497,8016
214,8045
215,8046
276,8163
183,8174
308,8191
50,8211
315,8217
497,8253
215,8358
316,8366
426,8514
51,8518
426,8559
315,8570
425,8626
426,8627
281,8673
282,8674
147,8702
146,8704
147,8786
146,8788
426,8799
501,8812
396,8840
388,8867
426,8892
145,8928
302,8928
145,8937
302,8937
146,8938
303,9048
308,9147
110,9230
122,9268
122,9324
147,9410
94,9455
296,9474
146,9475
147,9476
425,9500
426,9501
426,9612
308,9639
278,9640
309,9640
310,9641
145,9665
302,9665
310,9733
425,9761
426,9762
145,9777
302,9777
425,9867
426,9868
279,9913
280,9914
281,9915
95,9916
308,9983
278,9984
309,9984
310,9985
315,10089
149,10090
43,10093
145,10250
302,10250
121,10275
374,10275
497,10278
249,10312
277,10387
278,10388
309,10388
50,10391
51,10392
282,10440
215,10473
147,10487
50,10491
215,10656
215,10731
65,10748
282,10755
122,10836
94,10877
121,10895
374,10895
279,10900
281,10917
50,10935
121,10952
374,10952
122,10953
50,10956
397,11085
426,11211
436,11262
248,11292
158,11302
51,11308
50,11330
237,11372
284,11380
512,11380
94,11396
486,11417
121,11495
374,11495
283,11528
408,11528
285,11529
315,11550
50,11554
51,11555
501,11557
308,11589
278,11590
309,11590
310,11591
311,11592
122,11722
188,11739
337,11753
122,11796
50,11799
145,11802
302,11802
146,11803
381,11824
310,11868
121,11898
374,11898
376,11978
345,11989
376,12074
240,12157
426,12168
497,12183
315,12212
375,12264
409,12325
436,12381
426,12470
284,12550
512,12550
122,12567
280,12596
281,12597
282,12598
298,12623
361,12623
65,12631
266,12701
94,12712
396,12788
284,12791
512,12791
285,12792
264,12820
375,12834
511,12977
285,12978
145,12990
302,12990
146,12991
296,13007
285,13037
122,13083
398,13105
280,13118
281,13119
282,13120
50,13151
165,13182
121,13196
374,13196
410,13199
165,13204
296,13224
146,13225
147,13226
303,13228
50,13237
417,13296
418,13297
397,13299
155,13302
204,13318
426,13332
380,13381
111,13391
229,13418
433,13420
218,13426
381,13560
357,13609
455,13609
358,13610
395,13610
456,13610
110,13684
298,13692
361,13692
298,13699
361,13699
378,13756
379,13757
276,13905
122,13943
145,14042
302,14042
146,14043
121,14116
374,14116
279,14121
280,14122
281,14123
426,14158
121,14180
374,14180
375,14264
396,14268
436,14342
437,14343
425,14374
426,14375
204,14403
436,14415
373,14479
50,14492
277,14625
146,14627
494,14671
242,14727
315,14741
315,14855
497,14858
215,14900
425,14953
426,14954
155,14966
156,14967
157,14968
165,14990
65,15106
165,15138
282,15164
157,15244
412,15268
413,15269
50,15369
426,15404
281,15428
121,15466
374,15466
189,15485
164,15538
426,15548
298,15601
361,15601
94,15620
50,15644
378,15715
165,15735
95,15822
93,15865
94,15866
94,15900
282,15901
122,15968
94,15985
283,16061
408,16061
285,16062
357,16103
455,16103
27,16105
28,16106
51,16133
426,16160
121,16182
374,16182
94,16199
51,16236
51,16309
279,16383
413,16402
285,16430
426,16487
145,16526
302,16526
146,16527
425,16549
426,16550
297,16556
463,16587
110,16615
27,16649
497,16736
398,16767
284,16820
512,16820
285,16821
149,16867
145,16895
302,16895
310,16925
183,16994
165,17001
166,17002
277,17007
145,17048
302,17048
146,17049
188,17075
189,17076
407,17095
311,17145
240,17335
281,17354
282,17355
276,17360
315,17383
50,17387
278,17393
309,17393
121,17399
374,17399
464,17402
278,17442
309,17442
130,17464
275,17495
276,17496
277,17497
308,17502
278,17503
309,17503
310,17504
311,17505
241,17547
282,17571
278,17640
309,17640
50,17666
357,17754
455,17754
95,17883
94,17909
425,17914
426,17915
121,17930
374,17930
297,17989
298,17990
361,17990
64,18024
155,18071
50,18119
215,18233
285,18312
297,18345
298,18346
361,18346
122,18374
50,18377
278,18443
309,18443
279,18444
188,18463
121,18510
374,18510
486,18525
76,18544
282,18573
239,18598
282,18620
308,18696
462,18734
463,18735
464,18736
248,18896
50,18902
214,18949
215,18950
358,18965
395,18965
456,18965
145,19031
302,19031
146,19032
311,19052
486,19117
378,19381
240,19391
297,19467
298,19468
361,19468
426,19499
373,19613
121,19614
374,19614
426,19637
51,19641
282,19672
148,19676
149,19677
286,19679
214,19696
215,19697
50,19727
426,19769
303,19811
121,19816
374,19816
283,19818
408,19818
285,19819
278,19913
309,19913
95,19953
497,19994
215,20102
282,20121
283,20122
408,20122
284,20123
512,20123
409,20124
410,20125
308,20143
278,20144
309,20144
485,20151
486,20152
50,20168
121,20202
374,20202
281,20273
158,20301
308,20311
315,20405
311,20483
375,20526
296,20610
258,20636
358,20722
395,20722
456,20722
396,20723
397,20724
281,20779
497,20852
296,20864
497,20885
121,20893
374,20893
163,20898
310,20914
316,20927
308,20946
215,20954
145,20990
302,20990
206,21031
358,21078
395,21078
456,21078
426,21239
240,21244
95,21261
283,21347
408,21347
284,21348
512,21348
409,21349
410,21350
411,21351
93,21393
94,21394
283,21418
408,21418
285,21419
51,21429
398,21447
497,21515
278,21598
309,21598
310,21599
278,21625
309,21625
277,21686
425,21815
426,21816
283,21863
408,21863
296,21876
308,21892
426,21918
426,21930
276,21956
277,21957
122,21981
436,22013
373,22028
121,22029
374,22029
304,22043
94,22105
282,22106
298,22190
361,22190
301,22192
145,22193
302,22193
411,22229
145,22235
302,22235
497,22297
373,22324
65,22334
296,22572
146,22573
147,22574
148,22575
227,22590
121,22593
374,22593
396,22626
76,22689
50,22693
51,22694
426,22737
285,22767
281,22773
282,22774
375,22794
376,22795
399,22817
121,22835
374,22835
122,22836
145,22893
302,22893
146,22894
147,22895
310,22897
275,22961
276,22962
282,22969
50,23004
217,23052
426,23058
50,23064
282,23083
276,23179
122,23205
398,23219
296,23334
146,23335
147,23336
146,23338
278,23343
309,23343
50,23346
50,23400
426,23478
426,23507
328,23532
145,23556
302,23556
316,23562
311,23615
145,23655
302,23655
396,23663
50,23721
278,23741
309,23741
310,23742
279,23763
280,23764
281,23765
165,23822
337,23892
227,23933
278,23936
309,23936
296,23949
146,23950
121,23978
374,23978
312,24087
281,24159
51,24189
316,24195
296,24222
316,24228
426,24276
497,24288
398,24320
297,24335
426,24339
375,24394
296,24468
315,24519
149,24520
282,24526
121,24647
374,24647
344,24671
497,24675
311,24739
396,24877
50,24939
51,24940
284,25006
512,25006
284,25007
512,25007
121,25013
374,25013
122,25014
121,25043
374,25043
122,25044
50,25047
214,25073
215,25074
165,25117
43,25122
375,25168
278,25346
309,25346
279,25347
315,25432
307,25459
308,25464
276,25515
436,25518
121,25557
374,25557
375,25558
241,25692
282,25763
313,25855
308,25884
278,25885
309,25885
373,25899
121,25900
374,25900
121,25941
374,25941
145,25946
302,25946
146,25947
282,25974
158,25983
308,26013
278,26040
309,26040
316,26045
50,26060
315,26147
497,26150
310,26162
297,26174
298,26175
361,26175
281,26228
277,26256
241,26258
242,26259
111,26261
214,26274
215,26275
215,26282
130,26320
375,26501
410,26644
51,26686
144,26693
314,26693
310,26695
375,26782
376,26783
277,26817
308,26853
396,26922
397,26923
241,26939
51,26969
121,27060
374,27060
240,27081
316,27082
64,27123
145,27151
302,27151
146,27152
155,27185
283,27234
408,27234
461,27283
462,27284
463,27285
278,27348
309,27348
189,27373
397,27394
285,27464
121,27626
374,27626
266,27700
357,27742
455,27742
358,27743
395,27743
456,27743
158,27849
94,27891
282,27892
155,28035
396,28045
398,28065
281,28078
282,28079
308,28102
121,28173
374,28173
279,28178
50,28234
145,28320
302,28320
146,28321
310,28345
281,28368
215,28407
24,28449
165,28498
122,28509
316,28547
147,28556
110,28573
397,28575
237,28640
282,28675
283,28676
408,28676
284,28677
512,28677
409,28678
398,28699
419,28758
155,28875
409,28879
64,28904
165,28906
379,28911
123,28946
282,29026
63,29092
188,29129
189,29130
308,29213
149,29215
373,29248
121,29249
374,29249
437,29287
376,29368
281,29400
436,29469
437,29470
412,29540
375,29611
281,29642
310,29683
311,29684
110,29708
411,29712
308,29728
241,29730
149,29740
310,29759
284,29775
512,29775
409,29776
426,29800
123,29810
310,29820
426,29844
409,29859
410,29860
344,29895
189,29967
123,29982
147,30082
425,30102
426,30103
190,30137
375,30217
315,30282
398,30284
283,30319
408,30319
284,30320
512,30320
284,30321
512,30321
155,30384
144,30390
314,30390
145,30435
302,30435
165,30459
122,30533
301,30548
278,30569
309,30569
282,30603
310,30735
315,30754
149,30755
240,30779
277,30848
283,30910
408,30910
284,30911
512,30911
284,30912
512,30912
497,30936
315,30939
409,30983
64,31028
497,31048
463,31059
316,31085
165,31092
296,31104
146,31105
217,31132
284,31166
512,31166
225,31239
226,31240
316,31247
380,31268
146,31271
278,31301
309,31301
284,31331
512,31331
285,31332
315,31357
377,31365
378,31366
379,31367
380,31368
310,31383
121,31391
374,31391
122,31392
121,31402
374,31402
375,31403
376,31404
58,31411
315,31461
282,31468
149,31490
286,31492
287,31493
122,31546
281,31549
282,31550
298,31627
361,31627
397,31655
409,31665
308,31734
278,31735
309,31735
50,31827
315,31830
316,31831
145,31857
302,31857
28,31869
457,31893
358,32000
395,32000
456,32000
214,32029
215,32030
308,32040
315,32061
50,32077
282,32114
283,32115
408,32115
284,32116
512,32116
375,32162
376,32163
281,32270
147,32277
148,32278
316,32279
145,32348
302,32348
146,32349
147,32350
381,32369
50,32377
121,32478
374,32478
122,32479
94,32496
166,32559
281,32594
95,32595
313,32633
298,32665
361,32665
241,32730
357,32752
455,32752
421,32791
377,32883
378,32884
50,32929
396,32984
282,32993
381,32996
297,33058
298,33059
361,33059
248,33241
310,33254
123,33287
308,33363
241,33447
343,33500
436,33652
308,33689
143,33709
122,33714
110,33719
278,33741
309,33741
310,33742
278,33754
309,33754
315,33763
316,33764
163,33768
282,33785
0,33823
277,33839
227,33849
147,33859
282,33899
497,33919
358,33972
395,33972
456,33972
358,34097
395,34097
456,34097
396,34098
409,34101
121,34188
374,34188
283,34190
408,34190
284,34191
512,34191
315,34215
149,34216
497,34219
358,34284
395,34284
456,34284
396,34285
380,34304
146,34315
285,34338
121,34457
374,34457
182,34519
188,34641
315,34682
241,34683
377,34685
378,34686
315,34702
95,34717
214,34723
215,34724
121,34730
374,34730
188,34732
189,34733
373,34810
278,34936
309,34936
310,34937
311,34938
93,35067
94,35068
282,35069
282,35081
283,35082
408,35082
284,35083
512,35083
409,35084
145,35159
302,35159
146,35160
315,35212
315,35236
149,35237
110,35297
111,35298
123,35333
376,35338
315,35395
358,35425
395,35425
456,35425
396,35426
397,35427
315,35437
165,35448
112,35579
420,35579
283,35617
408,35617
381,35654
155,35666
156,35667
282,35694
166,35710
281,35741
396,35774
397,35775
281,35778
146,35863
147,35864
122,35906
158,35966
315,36003
93,36049
497,36110
311,36154
284,36200
512,36200
284,36201
512,36201
155,36347
188,36379
50,36444
310,36522
375,36554
278,36581
309,36581
497,36614
280,36649
358,36700
395,36700
456,36700
396,36701
145,36724
302,36724
146,36725
280,36742
59,36798
375,36835
190,36860
122,36886
227,36902
298,36968
361,36968
376,37007
377,37008
378,37009
93,37053
188,37071
298,37082
361,37082
301,37084
155,37088
281,37115
149,37128
399,37131
94,37193
310,37320
276,37330
426,37410
358,37416
395,37416
456,37416
396,37417
397,37418
398,37419
110,37475
375,37526
376,37527
426,37541
282,37589
283,37590
408,37590
284,37591
512,37591
189,37594
214,37609
215,37610
357,37716
455,37716
358,37717
395,37717
456,37717
396,37718
59,37830
123,37837
282,37841
425,37855
426,37856
58,37874
155,37890
308,37904
51,37944
278,37955
309,37955
279,37956
280,37957
281,37958
282,37959
497,37997
357,38067
455,38067
358,38068
395,38068
456,38068
396,38069
397,38070
315,38091
121,38123
374,38123
110,38146
311,38155
283,38164
408,38164
284,38165
512,38165
64,38216
346,38322
283,38391
408,38391
284,38392
512,38392
284,38393
512,38393
284,38394
512,38394
285,38395
364,38399
278,38523
309,38523
308,38537
149,38584
486,38602
345,38698
412,38701
279,38737
315,38818
163,38963
426,38968
426,38974
315,38999
316,39000
266,39042
122,39155
282,39200
293,39224
276,39271
121,39318
374,39318
122,39319
51,39341
94,39345
279,39431
280,39432
281,39433
277,39485
298,39504
361,39504
165,39517
121,39612
374,39612
122,39613
158,39656
214,39681
215,39682
344,39817
345,39818
310,39823
165,39886
281,39891
122,39927
310,39934
426,39993
50,40095
215,40101
282,40185
497,40209
149,40279
65,40317
50,40339
51,40340
310,40361
121,40419
374,40419
27,40474
282,40485
122,40543
315,40736
149,40737
215,40749
43,40761
278,40866
309,40866
494,40888
251,40908
95,41102
281,41109
76,41241
94,41316
282,41317
378,41340
379,41341
380,41342
241,41497
240,41537
316,41538
461,41569
218,41588
281,41601
121,41634
374,41634
301,41663
315,41664
316,41665
301,41669
310,41671
282,41683
281,41788
282,41789
59,41896
277,41915
278,41916
309,41916
310,41917
315,41924
281,41962
145,41980
302,41980
146,41981
147,41982
315,41998
241,41999
398,42018
399,42019
375,42029
43,42057
281,42112
95,42113
485,42138
486,42139
158,42160
248,42183
249,42184
251,42205
310,42214
276,42226
219,42251
311,42318
91,42323
282,42437
345,42497
426,42511
315,42517
316,42518
293,42524
315,42528
316,42529
316,42562
426,42601
64,42629
375,42664
165,42688
303,42709
121,42714
374,42714
282,42726
130,42774
282,42791
50,42802
51,42803
278,42816
309,42816
310,42817
311,42849
215,42862
197,42942
278,43017
309,43017
76,43038
147,43044
92,43067
93,43068
110,43071
397,43073
65,43093
146,43108
146,43144
315,43176
277,43184
122,43191
50,43194
51,43195
494,43225
297,43240
278,43254
309,43254
310,43255
426,43329
315,43382
58,43413
389,43423
298,43446
361,43446
50,43456
215,43525
282,43529
316,43538
77,43571
158,43573
380,43583
426,43616
149,43625
50,43629
411,43653
110,43720
155,43755
280,43758
281,43759
277,43793
311,43803
94,43934
155,43947
398,43950
308,43976
95,44065
197,44076
410,44105
51,44190
279,44233
280,44234
281,44235
287,44244
281,44320
380,44412
51,44479
217,44515
148,44525
149,44526
296,44604
146,44605
276,44633
281,44648
278,44661
309,44661
93,44666
28,44690
426,44718
155,44751
396,44781
287,44784
461,44791
378,44879
214,44897
215,44898
145,44980
302,44980
122,44984
399,44986
411,45081
155,45159
282,45319
375,45335
376,45336
146,45480
426,45494
215,45564
278,45585
309,45585
310,45586
426,45628
94,45696
282,45697
461,45733
426,45742
426,45937
93,45976
149,45982
77,46006
58,46010
399,46099
145,46121
302,46121
146,46122
397,46134
407,46159
122,46251
77,46306
463,46345
95,46364
240,46378
497,46381
158,46431
76,46442
436,46528
437,46529
438,46530
303,46626
278,46631
309,46631
310,46632
311,46633
453,46730
454,46731
358,46732
395,46732
456,46732
396,46733
397,46734
315,46746
398,46748
64,46795
425,46843
426,46844
293,46864
436,46980
63,47070
64,47071
65,47072
148,47181
398,47183
51,47341
407,47347
283,47348
408,47348
285,47349
315,47402
316,47403
287,47405
308,47569
146,47661
66,47766
453,47790
396,47792
397,47793
280,47798
281,47799
95,47800
308,47821
278,47822
309,47822
310,47823
298,47879
361,47879
122,47883
77,47923
310,47967
426,48011
316,48064
381,48129
315,48137
410,48151
282,48209
358,48231
395,48231
456,48231
188,48322
189,48323
485,48327
486,48328
376,48332
410,48344
240,48386
28,48595
310,48600
396,48608
397,48699
344,48726
315,48742
316,48743
278,48793
309,48793
310,48794
375,48833
58,48850
215,48903
310,48934
426,48945
95,48949
358,48989
395,48989
456,48989
396,48990
497,49071
388,49183
112,49197
420,49197
310,49246
215,49340
280,49345
281,49346
282,49347
121,49352
374,49352
121,49379
374,49379
122,49380
147,49385
413,49422
315,49429
249,49482
373,49609
121,49610
374,49610
283,49612
408,49612
285,49613
398,49620
121,49718
374,49718
122,49719
282,49762
282,49815
485,49904
486,49905
407,49936
283,49937
408,49937
122,49966
66,49999
282,50091
410,50093
411,50094
25,50123
454,50124
358,50125
395,50125
456,50125
396,50126
121,50231
374,50231
122,50232
94,50260
282,50261
310,50268
227,50387
315,50431
155,50456
453,50483
76,50519
281,50540
296,50587
122,50636
50,50639
121,50687
374,50687
375,50688
145,50729
302,50729
146,50730
398,50775
398,50816
278,50819
309,50819
310,50820
311,50821
50,50855
166,50918
491,50933
122,51072
316,51086
396,51132
397,51133
398,51134
146,51138
94,51161
50,51165
278,51232
309,51232
417,51318
418,51319
397,51321
277,51370
93,51382
94,51383
282,51384
92,51400
214,51439
215,51440
149,51482
278,51539
309,51539
310,51540
398,51556
281,51644
301,51709
145,51723
302,51723
426,51810
214,51922
215,51923
50,51944
278,52085
309,52085
278,52098
309,52098
279,52099
93,52227
417,52235
418,52236
419,52237
281,52320
282,52405
241,52411
281,52602
279,52694
280,52695
315,52800
281,52804
123,52806
215,52830
399,52846
376,52898
310,53076
357,53103
455,53103
358,53104
395,53104
456,53104
396,53105
93,53163
94,53164
215,53216
77,53223
76,53306
380,53331
373,53392
121,53393
374,53393
398,53423
308,53453
240,53466
121,53515
374,53515
298,53585
361,53585
284,53606
512,53606
285,53607
121,53654
374,53654
283,53656
408,53656
248,53672
315,53682
241,53763
436,53776
145,53790
302,53790
375,53817
297,53887
298,53888
361,53888
497,54018
412,54036
278,54053
309,54053
310,54054
311,54055
240,54104
316,54105
396,54215
397,54216
43,54255
406,54308
407,54309
51,54326
279,54386
280,54387
240,54458
316,54459
50,54492
425,54535
426,54536
310,54579
311,54580
425,54587
426,54588
25,54610
147,54633
240,54702
398,54704
94,54709
310,54723
436,54751
282,54800
426,54806
51,54820
215,54833
357,54856
455,54856
357,54857
455,54857
358,54858
395,54858
456,54858
396,54859
373,55045
121,55046
374,55046
122,55047
189,55134
75,55166
248,55167
426,55310
375,55339
376,55340
279,55524
301,55547
315,55548
155,55552
277,55606
278,55607
309,55607
310,55608
279,55629
280,55630
281,55631
182,55643
396,55705
397,55706
214,55759
215,55760
497,55812
280,56016
497,56149
315,56152
76,56246
145,56300
302,56300
146,56301
426,56417
278,56432
309,56432
497,56509
373,56623
283,56641
408,56641
278,56671
309,56671
310,56672
308,56683
303,56685
282,56758
283,56759
408,56759
284,56760
512,56760
285,56761
358,56767
395,56767
456,56767
396,56768
240,56784
241,56785
297,56791
301,56858
310,56860
308,56875
375,56964
502,57035
310,57051
145,57078
302,57078
315,57092
276,57162
277,57163
214,57181
215,57182
426,57240
284,57296
512,57296
94,57347
315,57399
316,57400
315,57579
149,57580
373,57643
50,57692
149,57709
145,57761
302,57761
146,57762
278,57804
309,57804
310,57805
50,57831
283,57891
408,57891
409,57892
397,57896
398,57897
278,57948
309,57948
315,58040
282,58089
343,58098
344,58099
50,58157
308,58207
51,58248
215,58270
398,58412
197,58445
155,58458
94,58548
497,58581
110,58586
145,58611
302,58611
316,58637
409,58712
410,58713
411,58714
297,58762
287,58897
94,58902
425,58933
426,58934
284,58947
512,58947
285,58948
381,58950
375,58959
376,58960
497,58970
93,59017
316,59027
110,59169
502,59178
94,59209
282,59210
308,59260
93,59295
94,59296
282,59297
308,59307
315,59350
241,59351
50,59404
149,59436
412,59448
121,59519
374,59519
375,59562
376,59563
375,59619
310,59655
316,59703
94,59742
