342,47
343,48
404,74
175,127
388,134
389,135
481,162
336,219
337,220
327,254
480,255
192,272
248,373
249,374
293,402
338,448
339,449
340,450
341,451
174,558
483,561
509,563
485,575
486,576
192,581
381,606
381,640
437,648
231,657
404,680
191,706
505,737
482,761
204,763
316,867
344,943
345,944
292,1000
144,1037
189,1136
190,1137
275,1140
482,1142
330,1159
124,1204
193,1237
437,1301
450,1308
506,1315
192,1329
193,1330
403,1358
404,1359
162,1363
271,1363
163,1364
419,1378
249,1410
431,1426
505,1630
378,1636
431,1669
396,1778
174,1779
327,1800
328,1815
509,1832
460,1850
461,1851
402,1931
275,2004
291,2126
327,2158
162,2211
271,2211
163,2212
343,2230
327,2267
190,2301
162,2372
271,2372
327,2415
480,2416
481,2417
484,2542
321,2609
201,2614
299,2614
442,2635
316,2643
327,2652
328,2653
482,2680
483,2681
438,2756
275,2796
409,2804
431,2821
437,2825
460,2922
461,2923
439,2962
225,2984
275,2985
509,2996
506,3058
506,3076
337,3091
506,3178
506,3190
482,3209
380,3292
202,3329
482,3334
381,3346
404,3356
405,3357
431,3370
426,3371
480,3413
430,3435
430,3540
431,3541
510,3561
323,3601
194,3602
125,3603
328,3633
337,3709
484,3715
321,3752
419,3777
225,3794
275,3795
293,3866
466,3874
388,3906
327,3952
189,3960
190,3961
191,3962
192,3963
505,4013
431,4039
327,4103
480,4104
417,4155
327,4216
328,4217
316,4289
436,4302
293,4303
430,4344
431,4345
437,4349
437,4357
438,4358
416,4401
404,4446
405,4447
144,4460
145,4461
232,4461
233,4462
422,4467
405,4489
275,4509
217,4584
218,4585
302,4694
390,4734
452,4740
165,4764
481,4861
482,4901
483,4902
509,4904
506,4948
193,5010
339,5049
340,5050
405,5082
430,5127
146,5173
436,5223
293,5224
192,5355
509,5375
144,5405
431,5454
437,5497
248,5500
249,5501
483,5510
344,5514
341,5522
193,5524
327,5603
480,5604
395,5626
396,5627
174,5628
405,5643
492,5673
343,5728
381,5756
395,5758
396,5759
174,5760
309,5810
440,5810
366,5823
204,5917
174,5952
175,5953
342,6002
321,6049
431,6061
389,6094
327,6119
484,6154
395,6159
396,6160
327,6203
145,6252
232,6252
405,6259
344,6287
275,6336
407,6352
482,6412
505,6437
431,6454
426,6455
430,6545
249,6573
430,6591
431,6592
430,6651
173,6653
174,6654
204,6655
159,6735
366,6811
438,6813
330,6821
459,6905
175,6907
146,6936
459,6988
430,7019
430,7083
419,7086
192,7122
193,7123
174,7125
204,7126
203,7137
144,7314
145,7315
232,7315
165,7335
201,7336
299,7336
202,7337
203,7338
483,7341
430,7361
173,7363
174,7364
175,7365
342,7373
144,7394
255,7414
343,7461
337,7480
338,7481
339,7482
340,7483
341,7484
342,7485
343,7486
344,7487
345,7488
324,7505
481,7526
383,7528
384,7529
385,7530
430,7542
173,7544
174,7545
204,7546
412,7558
430,7575
332,7601
175,7606
464,7608
509,7643
510,7644
165,7653
201,7654
299,7654
202,7655
203,7656
204,7657
205,7658
191,7677
192,7678
126,7721
275,7734
482,7736
204,7738
381,7746
225,7775
275,7776
492,7824
275,7890
482,7892
378,7926
190,7950
378,7979
379,7980
203,7988
482,8006
483,8007
405,8026
275,8034
337,8059
437,8126
492,8184
248,8195
293,8208
481,8219
388,8275
293,8376
275,8393
174,8451
145,8496
232,8496
430,8514
293,8531
430,8559
173,8561
174,8562
203,8579
175,8580
192,8594
430,8627
431,8628
432,8629
376,8675
482,8699
483,8700
509,8702
510,8703
483,8784
509,8786
510,8787
430,8799
189,8808
190,8809
327,8840
430,8892
173,8894
484,8896
337,8992
190,8995
191,8996
192,8997
461,9013
481,9014
383,9016
384,9017
385,9018
293,9030
407,9098
244,9179
245,9180
482,9184
483,9185
343,9226
204,9244
483,9264
417,9316
162,9335
271,9335
509,9410
510,9411
145,9420
232,9420
174,9428
509,9476
430,9501
302,9513
204,9568
430,9612
381,9641
511,9666
381,9733
395,9753
396,9754
174,9755
430,9762
173,9764
174,9765
204,9766
404,9833
174,9843
204,9844
205,9845
430,9868
431,9921
381,9985
219,10066
344,10097
193,10114
275,10146
132,10254
165,10281
201,10282
299,10282
275,10323
422,10327
204,10420
396,10484
509,10487
323,10516
362,10517
418,10517
492,10528
144,10553
145,10554
232,10554
492,10605
191,10667
217,10689
305,10786
436,10856
437,10857
165,10907
162,10920
271,10920
275,10932
292,10980
438,10992
492,11009
173,11058
174,11059
344,11079
480,11085
201,11113
299,11113
300,11114
492,11180
190,11203
430,11211
431,11212
275,11271
321,11280
322,11281
337,11320
204,11328
344,11361
345,11362
482,11369
483,11370
395,11384
302,11568
388,11574
389,11575
381,11591
382,11592
330,11732
228,11740
231,11805
336,11865
380,11867
381,11868
249,11873
293,11967
439,12028
429,12167
430,12168
173,12170
484,12172
481,12214
145,12219
232,12219
460,12228
288,12266
292,12268
293,12269
481,12270
430,12470
482,12515
483,12516
192,12531
203,12594
134,12661
246,12673
173,12686
389,12691
343,12721
269,12729
332,12735
174,12759
327,12788
439,12793
267,12817
268,12818
343,12898
492,12906
404,12930
482,12934
165,12951
409,12958
439,12979
134,13048
190,13096
293,13104
376,13216
377,13217
378,13218
509,13226
510,13227
480,13299
241,13303
194,13307
384,13309
340,13324
341,13325
342,13326
343,13327
429,13331
430,13332
362,13384
418,13384
378,13412
241,13478
249,13490
330,13577
331,13578
323,13646
249,13790
431,13805
275,13838
481,13845
482,13846
192,13873
505,13936
442,14026
293,14027
484,14034
464,14055
482,14059
173,14074
389,14080
343,14135
192,14144
165,14145
430,14158
416,14201
403,14247
404,14248
405,14249
327,14268
404,14275
405,14276
430,14375
275,14441
482,14443
204,14445
193,14456
144,14464
145,14465
232,14465
340,14515
437,14543
275,14672
482,14674
417,14705
362,14706
418,14706
294,14743
462,14743
390,14754
126,14756
195,14824
193,14849
275,14864
159,14884
482,14887
483,14888
201,14898
299,14898
378,14936
430,14954
217,14958
314,14999
324,15034
293,15156
294,15157
462,15157
376,15165
431,15170
175,15200
464,15202
465,15203
330,15215
204,15255
205,15256
248,15259
505,15265
217,15297
218,15298
190,15376
191,15377
192,15378
463,15398
430,15404
431,15405
174,15433
195,15439
192,15500
174,15509
204,15510
430,15548
482,15568
483,15569
362,15592
418,15592
192,15743
376,15943
377,15944
482,15988
483,15989
430,16160
248,16224
249,16225
134,16257
481,16276
395,16278
396,16279
419,16331
203,16354
249,16357
192,16359
248,16408
439,16431
300,16442
429,16486
430,16487
431,16488
231,16529
430,16550
484,16584
161,16587
442,16637
443,16638
437,16657
484,16680
442,16765
293,16766
388,16793
328,16838
450,16842
484,16848
438,16868
340,16878
276,16899
381,16925
293,17058
375,17095
144,17111
382,17145
422,17151
190,17154
275,17174
405,17198
217,17217
218,17218
274,17260
275,17261
481,17273
482,17274
329,17277
362,17296
418,17296
225,17350
275,17351
134,17499
381,17504
382,17505
341,17551
378,17633
404,17648
405,17649
438,17724
330,17726
431,17901
430,17915
293,17938
419,17959
248,17998
249,17999
193,18066
174,18068
481,18074
482,18075
380,18116
407,18142
404,18215
405,18216
145,18358
232,18358
275,18410
494,18471
384,18494
192,18704
225,18733
161,18735
416,18836
145,18842
232,18842
450,18863
202,18916
482,18937
294,18947
462,18947
185,19013
302,19020
382,19052
248,19069
192,19100
193,19101
484,19104
189,19112
190,19113
405,19119
126,19138
192,19142
331,19154
330,19163
482,19171
483,19172
419,19199
482,19279
483,19280
231,19283
321,19289
275,19328
404,19351
482,19410
404,19438
510,19475
430,19499
431,19500
191,19556
343,19558
225,19576
275,19577
505,19624
124,19627
195,19628
430,19637
225,19660
275,19661
438,19678
431,19698
432,19699
275,19721
482,19723
204,19725
275,19730
248,19732
430,19769
431,19770
426,19771
439,19820
309,19821
440,19821
173,19834
443,19943
144,19948
145,19949
232,19949
275,19985
482,19987
483,19988
275,19997
482,19999
173,20032
174,20033
204,20034
192,20041
203,20116
175,20117
464,20119
275,20162
482,20164
204,20166
438,20210
162,20212
271,20212
494,20223
377,20235
463,20261
402,20276
294,20407
462,20407
382,20483
275,20513
492,20522
450,20576
450,20583
293,20618
481,20619
231,20667
437,20709
327,20723
480,20724
481,20725
484,20745
482,20749
483,20750
323,20803
362,20804
418,20804
437,20882
381,20914
192,20938
145,21014
232,21014
217,21021
202,21037
203,21038
204,21039
205,21040
449,21050
505,21079
437,21092
343,21114
293,21163
491,21232
492,21233
430,21239
431,21240
426,21241
175,21272
134,21362
193,21370
126,21379
506,21444
203,21479
175,21497
204,21528
205,21529
381,21599
204,21661
365,21678
173,21779
275,21795
430,21816
482,21821
204,21823
437,21845
511,21877
274,21900
275,21901
430,21918
430,21930
165,21939
481,22021
482,22022
144,22075
482,22109
404,22161
405,22162
202,22187
163,22191
201,22255
299,22255
484,22312
190,22348
191,22349
192,22350
405,22389
431,22396
366,22455
481,22457
376,22468
377,22469
378,22470
245,22512
377,22529
341,22560
342,22561
343,22562
509,22574
327,22626
377,22629
378,22630
276,22648
430,22737
419,22740
175,22761
328,22808
509,22895
381,22897
506,22952
144,22964
145,22965
232,22965
376,22970
377,22971
269,22983
173,23000
174,23001
204,23002
430,23058
173,23060
174,23061
204,23062
482,23086
483,23090
323,23131
436,23142
293,23143
460,23217
461,23218
305,23324
509,23336
510,23337
378,23438
338,23440
339,23441
340,23442
430,23478
430,23507
369,23515
362,23522
418,23522
174,23613
382,23615
145,23619
232,23619
379,23625
327,23663
328,23664
329,23665
202,23717
203,23718
204,23719
438,23732
330,23734
381,23742
336,23760
380,23762
385,23772
193,23785
484,23788
144,23795
145,23796
232,23796
460,23799
461,23800
175,23843
219,23866
220,23867
162,23920
271,23920
165,24009
201,24010
299,24010
202,24011
366,24031
431,24065
484,24070
430,24276
173,24278
484,24280
485,24281
472,24282
464,24284
293,24319
430,24339
173,24341
174,24342
144,24351
481,24406
395,24408
396,24409
174,24410
249,24507
365,24513
275,24545
175,24590
203,24593
175,24594
442,24606
437,24607
174,24737
382,24739
126,24741
292,24775
219,24851
327,24877
193,24921
362,24922
418,24922
419,24923
378,24974
461,24988
294,24989
462,24989
463,24990
464,24991
376,25029
422,25067
405,25188
173,25243
484,25245
174,25250
192,25305
193,25306
225,25325
275,25326
377,25359
246,25363
314,25402
437,25404
175,25415
464,25417
376,25444
145,25597
232,25597
339,25632
340,25633
431,25760
144,25817
145,25818
232,25818
450,25851
343,25857
344,25858
173,25870
174,25871
390,25880
450,25935
291,25960
204,26058
275,26099
482,26101
362,26116
418,26116
330,26124
381,26162
482,26182
450,26195
132,26233
431,26283
220,26285
483,26311
484,26312
270,26353
461,26387
248,26389
249,26390
460,26434
329,26436
302,26440
459,26507
511,26534
182,26566
302,26599
193,26615
194,26616
125,26617
302,26618
344,26656
175,26662
422,26680
381,26695
173,26768
343,26779
275,26787
513,26833
396,26845
174,26846
302,26900
327,26922
480,26923
481,26924
482,26925
379,26937
378,26948
255,26961
377,27019
192,27049
145,27125
232,27125
132,27181
241,27186
175,27245
314,27253
161,27285
175,27305
162,27313
271,27313
163,27314
464,27351
276,27378
480,27394
294,27395
462,27395
244,27460
245,27461
436,27484
134,27516
192,27587
173,27708
174,27709
204,27710
505,27744
203,27768
343,27783
302,27805
192,27825
431,27863
341,27870
159,27955
275,27988
302,28004
452,28015
217,28019
123,28020
327,28045
378,28048
459,28058
175,28060
461,28064
482,28119
175,28150
249,28180
192,28182
193,28183
245,28215
419,28271
431,28279
378,28292
442,28298
293,28299
144,28337
381,28345
154,28364
249,28420
329,28548
402,28549
483,28554
509,28556
510,28557
480,28575
481,28589
482,28590
483,28591
484,28592
316,28650
145,28671
232,28671
293,28698
174,28836
437,28853
438,28854
190,28956
191,28957
419,28970
437,29013
451,29030
452,29031
431,29074
506,29391
428,29449
159,29587
342,29605
388,29626
459,29657
459,29677
379,29681
380,29682
381,29683
382,29684
240,29695
438,29741
378,29748
379,29749
481,29752
132,29757
381,29759
430,29800
381,29820
430,29844
431,29845
309,30071
440,30071
396,30079
509,30082
430,30103
343,30160
438,30178
402,30180
189,30221
174,30256
506,30347
337,30400
126,30408
225,30517
275,30518
185,30547
246,30609
192,30648
189,30711
190,30712
191,30713
192,30714
381,30735
484,30789
160,31058
161,31059
426,31093
491,31150
492,31151
187,31172
329,31248
510,31270
175,31308
464,31310
465,31311
192,31320
494,31335
481,31340
481,31359
381,31383
274,31418
275,31419
324,31483
438,31491
376,31551
377,31552
436,31586
293,31587
481,31588
302,31591
203,31645
480,31655
460,31695
461,31696
144,31714
266,31721
482,31790
337,31809
145,31811
232,31811
275,31824
437,31900
293,31966
481,31967
175,31979
505,32001
377,32023
378,32024
379,32025
380,32026
431,32031
407,32035
481,32063
292,32108
293,32109
294,32110
462,32110
463,32111
464,32112
482,32147
388,32180
248,32228
337,32258
145,32260
232,32260
509,32277
509,32350
205,32353
231,32370
292,32395
173,32549
174,32550
175,32551
203,32554
431,32558
378,32584
482,32651
461,32709
248,32764
204,32774
482,32816
483,32817
484,32818
485,32819
481,32836
407,32846
269,32860
270,32861
366,32880
513,32965
327,32984
431,32990
313,33078
404,33095
294,33125
462,33125
203,33133
316,33146
302,33152
246,33170
436,33195
381,33254
431,33257
145,33281
232,33281
316,33307
438,33359
506,33395
511,33432
512,33433
379,33445
388,33472
438,33505
513,33508
388,33517
389,33518
336,33571
337,33572
190,33575
191,33576
343,33578
270,33664
336,33697
343,33711
506,33721
381,33742
173,33778
174,33779
482,33788
344,33799
509,33859
174,33909
175,33910
173,33943
174,33944
175,33954
505,33973
437,34069
293,34088
327,34098
451,34104
328,34130
366,34174
481,34176
482,34177
248,34194
428,34196
291,34243
437,34254
438,34255
327,34285
482,34290
182,34347
431,34427
145,34523
232,34523
144,34574
145,34575
232,34575
405,34581
124,34594
378,34746
484,34756
248,34760
405,34773
193,34903
329,34916
330,34917
381,34937
382,34938
481,34976
219,34999
416,35047
439,35071
450,35077
378,35118
294,35171
462,35171
463,35172
175,35202
203,35205
378,35251
144,35273
404,35310
463,35334
464,35335
190,35368
191,35369
327,35426
480,35427
481,35428
482,35429
461,35431
248,35433
249,35434
344,35504
484,35551
392,35622
328,35652
231,35655
431,35709
275,35738
491,35767
492,35768
327,35774
480,35775
217,35790
274,35810
275,35811
343,35830
291,35834
292,35835
293,35836
294,35837
462,35837
459,35857
509,35864
191,35888
145,35928
232,35928
124,36016
385,36026
417,36069
343,36093
165,36113
145,36126
232,36126
460,36129
382,36154
450,36173
203,36206
461,36212
388,36221
362,36250
418,36250
419,36251
144,36281
291,36312
443,36409
204,36442
443,36468
376,36488
417,36502
336,36519
380,36521
381,36522
442,36562
492,36572
460,36611
203,36647
327,36701
328,36702
203,36740
481,36773
175,36779
405,36783
464,36862
482,36888
483,36966
203,37061
459,37079
163,37083
377,37255
404,37286
275,37300
381,37320
408,37325
315,37351
430,37410
327,37417
480,37418
481,37433
506,37477
377,37491
204,37533
205,37534
430,37541
144,37551
404,37572
405,37573
291,37580
404,37637
405,37638
366,37674
367,37675
327,37718
368,37720
345,37730
492,37793
323,37802
174,37804
463,37838
464,37839
330,37844
430,37856
431,37857
165,37877
201,37878
299,37878
404,37911
482,37915
483,37916
288,38063
327,38069
480,38070
203,38153
382,38155
482,38168
294,38189
462,38189
450,38201
366,38272
316,38362
494,38386
162,38397
271,38397
460,38432
461,38433
294,38434
462,38434
481,38511
482,38512
203,38559
378,38608
492,38669
245,38709
431,38764
165,38778
194,38788
366,38836
460,38851
405,38935
145,38965
232,38965
430,38968
430,38974
293,39104
294,39105
462,39105
463,39106
464,39107
450,39138
217,39196
218,39197
173,39218
174,39219
165,39265
431,39298
482,39321
328,39397
379,39429
380,39430
450,39453
452,39499
402,39522
437,39544
461,39597
482,39615
337,39635
173,39649
174,39650
175,39651
431,39683
426,39684
337,39800
316,39819
381,39823
461,39826
481,39827
482,39828
483,39829
323,39918
174,39920
381,39934
430,39993
341,40003
336,40066
337,40076
344,40085
204,40093
165,40098
201,40099
299,40099
248,40188
249,40189
404,40245
405,40246
336,40276
381,40361
483,40363
174,40435
463,40579
134,40605
302,40671
322,40688
336,40729
337,40730
190,40733
191,40734
438,40738
431,40750
173,40883
174,40884
378,40891
145,40921
232,40921
195,41119
405,41170
395,41245
419,41247
385,41263
483,41311
201,41374
299,41374
145,41410
232,41410
316,41432
293,41446
336,41494
302,41532
275,41570
482,41572
483,41573
404,41583
405,41584
302,41606
419,41619
362,41639
418,41639
162,41667
271,41667
163,41668
381,41671
205,41717
437,41742
190,41762
339,41813
340,41814
341,41815
293,41825
431,41872
482,41905
381,41917
481,41926
482,41927
378,41965
509,41982
404,41989
316,42036
436,42068
437,42069
438,42070
190,42186
191,42187
192,42188
381,42214
479,42253
362,42260
418,42260
419,42261
460,42295
461,42296
294,42297
462,42297
463,42298
464,42299
382,42318
483,42343
481,42350
482,42351
316,42498
345,42501
430,42511
329,42519
330,42520
162,42531
271,42531
163,42532
430,42601
314,42635
443,42637
438,42668
275,42758
482,42760
505,42780
381,42817
483,42819
342,42838
382,42849
431,42863
405,42892
459,42909
328,42969
316,43023
483,43042
509,43044
480,43073
132,43106
133,43107
189,43172
190,43173
191,43174
275,43226
416,43231
243,43241
381,43255
341,43302
430,43329
431,43356
275,43459
482,43497
431,43526
443,43547
405,43602
430,43616
203,43638
361,43666
362,43667
418,43667
241,43709
336,43726
316,43780
382,43803
159,43820
275,43858
436,43873
402,43929
403,43930
412,43939
274,43996
275,43997
438,44089
366,44140
417,44146
362,44147
418,44147
492,44223
380,44232
190,44267
482,44457
186,44512
173,44637
275,44645
126,44707
430,44718
431,44719
344,44771
327,44781
328,44782
460,44809
165,44841
492,44874
191,44886
421,44901
422,44902
144,44943
145,44944
232,44944
275,45012
491,45113
403,45116
404,45117
189,45144
241,45160
482,45249
483,45250
405,45259
384,45300
385,45301
386,45302
387,45303
482,45322
483,45323
341,45389
342,45390
343,45391
510,45479
362,45483
418,45483
419,45484
430,45494
404,45501
405,45502
431,45565
381,45586
430,45628
431,45644
376,45656
344,45693
376,45698
442,45706
275,45734
430,45742
189,45808
190,45809
191,45810
165,45888
430,45937
419,45942
396,46026
419,46035
420,46036
452,46047
480,46134
481,46135
395,46137
366,46153
375,46159
376,46160
175,46165
175,46206
438,46219
162,46221
271,46221
343,46248
316,46260
336,46276
511,46279
161,46345
337,46354
450,46360
275,46384
422,46395
343,46476
378,46514
206,46531
269,46602
381,46632
382,46633
175,46658
203,46661
204,46662
482,46689
327,46733
480,46734
481,46735
144,46751
190,46777
191,46778
343,46780
145,46797
232,46797
430,46844
362,46882
418,46882
378,46977
491,47012
492,47013
193,47021
174,47023
321,47057
144,47138
375,47347
275,47390
378,47520
339,47536
340,47537
491,47581
389,47592
390,47593
302,47741
189,47749
190,47750
422,47764
327,47792
480,47793
481,47794
482,47795
451,47819
381,47823
483,47825
343,47852
344,47853
388,47857
389,47858
437,47918
132,47965
381,47967
225,47977
275,47978
430,48011
126,48039
482,48053
329,48065
330,48066
404,48125
231,48130
437,48149
481,48158
219,48174
505,48232
422,48271
388,48294
461,48304
481,48305
481,48388
203,48462
422,48472
311,48502
419,48543
144,48562
145,48563
232,48563
405,48588
381,48600
327,48608
480,48699
481,48766
482,48767
377,48771
481,48784
381,48794
483,48796
481,48837
328,48870
402,48878
431,48904
381,48934
483,48936
430,48945
431,48946
134,48972
327,48990
362,49003
418,49003
249,49015
192,49017
244,49022
245,49023
193,49074
174,49076
386,49124
343,49174
452,49215
381,49246
483,49248
403,49297
404,49298
173,49342
174,49343
482,49382
483,49383
509,49385
293,49415
144,49538
385,49541
437,49551
463,49560
464,49561
175,49589
125,49606
417,49625
362,49626
418,49626
395,49671
323,49777
443,49792
145,49862
232,49862
192,49900
375,49936
431,49942
328,49991
316,50039
482,50058
322,50087
327,50126
328,50127
203,50186
405,50195
204,50251
132,50266
381,50268
316,50300
145,50304
232,50304
405,50346
294,50433
462,50433
203,50436
483,50439
202,50452
203,50453
162,50463
271,50463
505,50485
173,50508
170,50555
394,50681
395,50682
431,50741
381,50820
382,50821
274,50837
275,50838
482,50840
483,50841
344,50845
437,50886
293,50896
431,50917
322,50992
388,51005
145,51020
232,51020
378,51039
492,51050
431,51102
327,51132
480,51133
165,51168
505,51178
459,51214
175,51216
491,51269
492,51270
340,51289
341,51290
416,51306
417,51307
362,51308
418,51308
480,51321
376,51385
378,51459
438,51483
491,51502
492,51503
381,51540
248,51561
460,51606
378,51609
170,51683
145,51699
232,51699
204,51703
275,51738
362,51748
418,51748
430,51810
302,51887
316,51911
173,51932
165,51947
405,51975
219,51978
315,51980
293,52030
302,52047
484,52114
217,52146
123,52147
124,52148
248,52166
175,52175
316,52207
229,52240
452,52244
275,52317
405,52367
506,52380
481,52383
376,52406
377,52407
378,52408
379,52409
294,52427
462,52427
203,52430
175,52431
405,52464
124,52467
219,52479
220,52480
291,52486
243,52493
316,52527
292,52539
145,52566
232,52566
436,52598
293,52599
174,52607
343,52615
344,52616
506,52630
437,52647
377,52649
132,52692
173,52705
484,52707
203,52715
219,52728
132,52749
463,52770
464,52771
431,52831
292,52869
293,52870
294,52871
462,52871
174,52888
175,52889
162,52913
271,52913
204,52932
175,53036
388,53067
381,53076
491,53095
327,53105
175,53117
145,53154
232,53154
482,53198
483,53199
431,53217
464,53252
390,53388
225,53471
275,53472
144,53480
145,53481
232,53481
344,53507
165,53540
201,53541
299,53541
436,53603
437,53604
174,53614
204,53615
431,53628
389,53708
336,53721
225,53731
275,53732
173,53841
174,53842
384,53869
388,53898
389,53899
492,53913
343,53916
344,53917
484,54032
381,54054
382,54055
124,54077
236,54086
510,54108
328,54129
190,54160
327,54215
480,54216
481,54217
375,54309
376,54310
377,54311
192,54379
366,54394
144,54425
342,54450
430,54536
342,54558
343,54559
381,54579
382,54580
430,54588
505,54612
509,54633
510,54634
316,54644
405,54683
381,54723
337,54730
340,54790
430,54806
173,54835
174,54836
327,54859
328,54881
395,54909
396,54910
437,54956
438,54957
330,54959
482,55019
405,55035
481,55070
275,55232
342,55302
430,55310
443,55423
482,55466
483,55467
381,55608
483,55610
144,55619
327,55705
480,55706
419,55718
376,55738
390,55824
144,55871
145,55872
232,55872
407,55877
217,55896
123,55897
339,55941
340,55942
189,55970
190,55971
321,55983
322,55984
316,56006
145,56010
232,56010
437,56055
248,56058
173,56096
276,56120
481,56154
395,56156
125,56158
302,56159
491,56167
492,56168
231,56261
339,56283
340,56284
231,56303
363,56405
430,56417
431,56418
426,56419
302,56460
173,56470
174,56471
249,56563
492,56581
450,56585
390,56607
126,56609
428,56618
390,56619
381,56672
255,56679
275,56706
482,56708
428,56720
390,56721
302,56726
327,56768
494,56793
483,56821
381,56860
483,56862
483,56871
293,57011
381,57051
293,57065
481,57066
491,57074
492,57075
481,57094
492,57111
417,57150
362,57151
418,57151
430,57240
481,57318
482,57319
245,57339
384,57387
385,57388
162,57485
271,57485
437,57503
162,57587
271,57587
163,57588
185,57599
293,57689
377,57711
378,57712
145,57715
232,57715
431,57735
426,57736
233,57751
461,57774
248,57776
431,57795
381,57805
438,57884
480,57896
386,57907
387,57908
404,58010
192,58085
293,58101
405,58108
431,58113
220,58115
173,58327
484,58376
461,58411
482,58471
330,58511
482,58519
314,58577
186,58618
145,58620
232,58620
378,58634
379,58635
329,58638
330,58639
405,58650
174,58688
249,58691
275,58694
494,58705
437,58710
328,58776
134,58786
305,58835
203,58865
365,58893
366,58894
430,58934
481,58989
379,59083
378,59121
388,59132
506,59171
484,59194
460,59251
461,59252
275,59324
482,59326
132,59455
206,59580
378,59582
381,59655
175,59658
165,59665
201,59666
299,59666
202,59667
203,59668
492,59774
