269,84
121,243
291,260
318,303
162,366
364,367
421,367
312,371
365,371
366,372
390,373
253,374
162,381
337,415
513,426
337,454
448,481
483,599
484,600
398,605
474,724
124,796
130,796
269,833
413,841
317,907
364,936
421,936
422,939
164,940
162,970
163,971
420,1027
127,1035
312,1066
365,1066
313,1067
314,1068
315,1069
316,1070
99,1085
246,1094
424,1094
416,1111
513,1122
423,1158
388,1192
222,1195
98,1211
162,1224
313,1226
414,1227
269,1292
317,1371
425,1386
312,1391
365,1391
300,1400
253,1410
484,1418
363,1457
163,1458
164,1459
122,1460
165,1460
420,1480
364,1481
421,1481
500,1504
414,1518
206,1525
252,1538
391,1539
139,1563
420,1579
364,1580
421,1580
367,1595
456,1672
219,1676
162,1725
342,1755
425,1756
302,1783
303,1784
403,1791
166,1833
167,1834
162,1875
364,1876
421,1876
122,2069
165,2069
105,2079
106,2080
395,2142
106,2145
121,2173
420,2198
364,2199
421,2199
312,2201
365,2201
126,2202
420,2233
126,2235
127,2236
127,2251
312,2270
365,2270
364,2277
421,2277
312,2280
365,2280
397,2368
129,2369
182,2412
314,2418
125,2474
126,2475
127,2476
298,2504
312,2510
365,2510
474,2520
512,2525
513,2526
299,2549
441,2613
413,2679
125,2772
313,2773
414,2774
151,2798
455,2799
456,2800
312,2827
365,2827
366,2828
312,2861
365,2861
333,2869
402,2869
269,2884
397,2914
292,2924
389,2953
151,2954
388,2956
389,2957
151,2958
162,2960
163,2961
151,2987
388,2989
127,3006
128,3007
389,3043
219,3048
455,3051
456,3052
430,3083
484,3086
474,3115
420,3141
331,3173
456,3175
413,3208
416,3265
219,3299
119,3330
125,3332
313,3333
222,3387
223,3388
312,3468
365,3468
420,3477
389,3555
151,3556
122,3560
165,3560
450,3580
300,3584
121,3634
122,3635
165,3635
366,3658
409,3788
420,3834
474,3840
125,3843
366,3844
321,3850
474,3910
106,3923
167,3928
474,3932
475,3933
476,3934
513,3975
299,3978
328,4109
400,4120
312,4140
365,4140
162,4192
231,4207
232,4208
216,4249
217,4250
419,4255
399,4293
367,4305
423,4359
420,4379
312,4391
365,4391
162,4440
163,4482
164,4483
422,4500
164,4501
398,4539
299,4599
300,4600
167,4627
168,4628
220,4661
416,4739
248,4741
331,4751
474,4753
442,4765
472,4766
387,4767
209,4805
210,4824
422,4851
414,4862
352,4893
123,4905
513,4908
312,4952
365,4952
313,4953
400,4981
430,5042
318,5047
474,5101
412,5130
124,5149
130,5149
210,5170
161,5189
151,5226
162,5228
298,5236
513,5321
353,5336
160,5360
161,5361
131,5369
132,5370
123,5376
399,5424
400,5425
122,5429
165,5429
333,5457
402,5457
403,5458
125,5498
366,5499
390,5500
253,5501
337,5505
167,5537
163,5550
164,5551
290,5556
129,5611
312,5662
365,5662
413,5679
314,5680
315,5681
120,5737
398,5755
209,5845
206,5847
125,5933
126,5934
161,5984
397,5992
398,5993
456,6030
302,6040
303,6041
403,6129
314,6158
206,6168
222,6249
300,6282
245,6328
489,6328
414,6338
162,6345
126,6347
420,6362
364,6363
421,6363
312,6365
365,6365
366,6366
456,6406
125,6410
313,6411
400,6415
367,6450
368,6451
129,6468
513,6471
292,6516
512,6527
513,6528
331,6538
253,6573
388,6595
127,6597
313,6606
314,6607
313,6874
314,6875
315,6876
124,6915
130,6915
125,6916
160,7058
474,7060
337,7225
420,7236
313,7238
223,7302
337,7349
313,7407
414,7408
413,7491
314,7492
125,7520
126,7521
127,7522
128,7523
129,7524
414,7527
312,7581
365,7581
300,7604
386,7608
387,7609
162,7610
126,7612
127,7613
151,7661
513,7665
483,7696
414,7719
415,7720
125,7752
313,7753
456,7801
327,7829
127,7946
124,8013
130,8013
512,8015
513,8016
404,8017
420,8109
125,8127
313,8128
314,8129
395,8135
129,8192
390,8195
289,8198
290,8199
314,8220
127,8229
513,8253
397,8324
121,8367
367,8395
163,8544
164,8545
122,8546
165,8546
403,8586
151,8672
162,8674
198,8675
206,8694
388,8730
312,8843
365,8843
366,8844
151,8845
401,8846
314,8878
315,8879
235,8967
414,9015
474,9097
397,9167
243,9180
313,9183
120,9205
412,9285
160,9293
161,9294
256,9337
206,9372
450,9384
269,9418
394,9515
395,9516
300,9566
412,9615
398,9640
99,9705
206,9721
403,9836
413,9847
414,9848
115,9851
206,9854
430,9911
399,9913
400,9914
474,9940
398,9984
420,10049
313,10051
483,10064
403,10086
124,10090
130,10090
474,10189
475,10190
474,10213
419,10275
513,10278
451,10286
127,10301
342,10366
398,10388
299,10402
210,10403
162,10440
163,10441
409,10515
140,10540
126,10547
121,10585
275,10609
450,10638
210,10642
500,10670
269,10747
162,10755
163,10756
389,10837
367,10838
368,10839
125,10858
126,10859
388,10878
389,10879
419,10895
122,10898
165,10898
399,10900
151,10916
419,10952
209,11016
300,11017
301,11018
420,11048
163,11049
412,11138
369,11215
368,11265
409,11304
410,11305
276,11347
413,11368
312,11381
365,11381
313,11382
314,11383
388,11397
314,11399
234,11415
419,11495
299,11505
210,11506
409,11510
420,11527
364,11528
421,11528
422,11529
398,11590
139,11664
121,11823
129,11849
367,11852
253,11873
419,11898
420,11899
127,11919
210,11945
483,11990
420,12026
163,12027
125,12059
276,12076
513,12183
125,12205
366,12206
414,12215
222,12243
223,12348
167,12350
412,12387
219,12420
410,12427
396,12435
397,12436
337,12438
299,12453
484,12505
222,12570
223,12571
151,12575
383,12576
400,12596
162,12598
231,12649
388,12713
314,12715
422,12792
125,12937
422,12978
422,13037
292,13105
127,13106
400,13118
162,13120
397,13129
128,13176
419,13196
420,13197
198,13216
299,13339
338,13360
127,13437
253,13490
153,13515
413,13521
314,13522
420,13533
412,13553
106,13634
456,13683
256,13701
317,13715
318,13716
252,13789
253,13790
210,13803
151,13840
455,13841
474,13842
300,13882
396,13962
122,13972
165,13972
166,13973
337,13974
386,14055
387,14056
388,14057
419,14116
122,14119
165,14119
399,14121
400,14122
419,14180
420,14181
420,14195
512,14271
461,14314
509,14323
127,14326
388,14349
483,14431
418,14479
125,14544
126,14545
409,14662
302,14676
303,14677
512,14732
513,14858
333,14993
402,14993
403,14994
369,15124
472,15162
387,15163
162,15164
198,15165
386,15202
245,15214
489,15214
390,15259
126,15329
269,15373
388,15408
414,15410
128,15423
129,15424
151,15427
269,15442
419,15466
420,15482
409,15532
413,15567
298,15603
299,15604
300,15610
388,15621
314,15623
219,15641
300,15651
412,15700
106,15787
300,15885
162,15901
163,15902
198,15943
388,15986
420,16060
364,16061
421,16061
422,16062
164,16063
314,16072
299,16090
210,16091
151,16114
401,16115
412,16163
419,16182
300,16189
390,16224
253,16225
420,16239
314,16277
253,16357
399,16383
314,16399
161,16405
388,16406
389,16407
390,16408
422,16430
223,16554
456,16614
409,16671
125,16699
366,16700
474,16713
125,16716
126,16717
510,16732
512,16735
513,16736
292,16767
368,16790
422,16821
129,16866
124,16867
130,16867
126,16976
337,16983
129,17008
151,17011
401,17012
127,17035
300,17083
206,17108
369,17221
126,17228
246,17267
424,17267
120,17276
246,17278
424,17278
331,17323
332,17324
151,17353
162,17355
398,17393
419,17399
252,17407
391,17408
398,17442
98,17495
398,17503
162,17571
126,17573
413,17604
398,17640
423,17725
420,17749
409,17758
420,17842
206,17924
419,17930
151,17940
455,17941
298,17992
390,17998
253,17999
420,18003
163,18004
423,18005
246,18006
424,18006
125,18017
313,18018
414,18019
332,18083
208,18092
246,18131
424,18131
343,18132
474,18141
210,18163
388,18221
127,18223
314,18304
315,18305
422,18312
164,18313
403,18402
398,18443
399,18444
391,18446
160,18460
161,18461
395,18507
419,18510
420,18511
366,18513
367,18514
368,18515
369,18516
162,18573
430,18604
217,18605
162,18620
300,18643
151,18667
455,18668
222,18854
223,18855
409,18877
128,18931
474,18944
167,19004
246,19010
424,19010
390,19069
512,19080
460,19097
125,19128
161,19168
388,19169
497,19175
420,19189
163,19190
366,19247
206,19371
315,19414
129,19417
122,19474
165,19474
418,19613
419,19614
162,19672
163,19673
164,19674
122,19675
165,19675
123,19676
124,19677
130,19677
390,19732
126,19738
484,19749
397,19809
419,19816
420,19817
364,19818
421,19818
422,19819
451,19848
219,19886
318,19893
398,19913
513,19994
151,20007
455,20008
125,20021
121,20052
122,20053
165,20053
386,20119
387,20120
162,20121
364,20122
421,20122
338,20135
398,20144
317,20173
331,20185
419,20202
420,20203
298,20214
163,20220
312,20245
365,20245
126,20246
337,20313
430,20335
388,20459
289,20629
290,20630
209,20650
300,20651
397,20673
129,20674
125,20710
414,20726
275,20730
412,20776
151,20778
388,20780
314,20782
409,20802
513,20852
512,20884
513,20885
419,20893
129,20947
222,20972
223,20973
367,21043
368,21044
420,21144
420,21181
235,21195
450,21223
368,21279
369,21280
420,21346
364,21347
421,21347
106,21366
388,21395
364,21418
421,21418
422,21419
292,21447
412,21458
513,21515
128,21597
398,21598
299,21612
398,21625
129,21687
342,21704
318,21737
209,21802
206,21804
207,21805
208,21806
412,21819
413,21820
312,21847
365,21847
126,21848
364,21863
421,21863
132,21865
222,21947
418,22028
419,22029
397,22094
162,22106
313,22108
247,22170
216,22192
513,22297
416,22322
417,22323
418,22324
403,22327
450,22331
403,22360
160,22414
161,22415
388,22416
414,22458
420,22467
198,22468
243,22512
126,22515
207,22552
208,22553
123,22575
419,22593
409,22638
410,22639
208,22658
313,22701
314,22702
412,22722
223,22747
422,22767
151,22772
162,22774
126,22776
127,22777
128,22778
167,22780
419,22835
420,22865
163,22866
423,22867
246,22868
424,22868
247,22869
312,22930
365,22930
126,22931
312,22956
365,22956
313,22957
98,22961
162,22969
198,22970
300,23034
318,23049
500,23068
139,23077
331,23081
162,23083
313,23085
292,23219
217,23304
398,23343
312,23414
365,23414
126,23415
223,23434
388,23539
414,23541
246,23666
424,23666
106,23669
298,23702
423,23733
398,23741
399,23763
400,23764
222,23803
300,23841
298,23922
398,23936
419,23978
312,24001
365,24001
369,24068
397,24080
414,24086
460,24128
160,24154
161,24155
388,24156
389,24157
151,24158
386,24284
387,24285
513,24288
292,24320
106,24323
397,24333
206,24348
246,24358
424,24358
314,24407
412,24492
253,24507
124,24520
130,24520
162,24526
163,24527
419,24647
420,24648
313,24650
414,24651
513,24675
127,24720
415,24740
207,24760
121,24835
125,24950
126,24951
127,24952
300,24986
386,24991
473,24992
342,24999
425,25000
419,25013
198,25029
419,25043
106,25082
343,25094
125,25103
126,25104
163,25131
151,25328
455,25329
474,25330
475,25331
398,25346
399,25347
386,25417
387,25418
420,25443
198,25444
219,25451
129,25465
419,25557
219,25590
125,25613
397,25690
129,25691
430,25719
420,25735
163,25736
162,25763
312,25782
365,25782
483,25796
299,25866
210,25867
368,25874
416,25882
398,25885
418,25899
419,25900
209,25920
419,25941
483,25962
162,25974
409,25985
410,25986
379,25998
398,26040
128,26043
129,26044
337,26064
331,26107
474,26109
316,26118
300,26130
274,26135
513,26150
413,26181
151,26227
129,26257
390,26389
253,26390
120,26435
302,26509
303,26510
397,26568
301,26624
420,26753
163,26754
414,26789
103,26838
337,27039
208,27052
419,27060
420,27061
300,27140
388,27196
420,27233
364,27234
421,27234
312,27235
365,27235
313,27236
314,27237
315,27238
398,27348
386,27351
387,27352
388,27353
389,27354
151,27355
455,27356
474,27357
337,27386
232,27438
125,27453
313,27454
314,27455
243,27461
422,27464
419,27626
512,27664
290,27855
337,27886
162,27892
208,27918
209,27919
210,27920
366,27945
367,27946
368,27947
139,27977
140,27978
209,28001
416,28014
119,28063
292,28065
127,28066
162,28079
132,28081
341,28099
342,28100
300,28148
419,28173
122,28176
165,28176
399,28178
253,28180
474,28205
475,28206
243,28215
164,28218
413,28276
430,28319
151,28367
253,28420
246,28464
424,28464
509,28516
127,28519
275,28561
456,28572
162,28675
364,28676
421,28676
397,28684
484,28687
292,28699
420,28798
423,28855
246,28856
424,28856
276,28868
313,28896
388,28945
483,28980
409,29003
162,29026
210,29072
301,29185
447,29194
416,29211
129,29214
124,29215
130,29215
125,29216
313,29217
314,29218
312,29237
365,29237
417,29247
418,29248
419,29249
151,29399
223,29536
151,29641
388,29643
389,29644
367,29645
368,29646
173,29693
129,29729
124,29740
130,29740
414,29753
302,29814
303,29815
430,29818
302,29986
173,29996
218,30135
219,30136
423,30179
125,30195
366,30196
151,30197
455,30198
234,30233
300,30276
292,30284
127,30285
420,30318
364,30319
421,30319
420,30342
125,30350
217,30391
312,30441
365,30441
420,30492
127,30535
216,30548
121,30553
398,30569
162,30603
127,30611
395,30679
430,30733
124,30755
130,30755
460,30801
420,30909
364,30910
421,30910
160,30932
161,30933
513,30936
328,31003
395,31039
396,31040
512,31047
513,31048
425,31111
312,31167
365,31167
126,31168
318,31171
319,31172
122,31194
165,31194
122,31269
165,31269
206,31298
398,31301
386,31310
422,31332
122,31369
165,31369
419,31391
419,31402
162,31468
124,31490
130,31490
389,31547
151,31548
162,31550
198,31551
414,31589
415,31590
394,31593
150,31682
414,31689
398,31735
125,31788
313,31789
183,31845
83,31846
420,31861
222,31865
474,32034
414,32064
386,32112
387,32113
162,32114
364,32115
421,32115
312,32117
365,32117
413,32146
151,32185
455,32186
127,32223
128,32224
129,32225
390,32228
391,32229
127,32240
128,32241
219,32267
123,32278
440,32290
500,32432
419,32478
367,32507
368,32508
369,32509
331,32578
474,32580
218,32590
219,32591
322,32627
323,32628
313,32650
222,32655
300,32707
390,32764
395,32794
314,32799
323,32826
314,32837
315,32838
207,32839
219,32848
313,32910
125,32926
456,32981
457,32982
162,32993
163,32994
164,32995
150,33035
144,33081
403,33098
127,33172
469,33188
206,33209
420,33346
423,33360
246,33361
424,33361
129,33364
125,33380
300,33441
368,33469
321,33492
127,33623
416,33687
129,33690
302,33703
303,33704
389,33715
151,33716
455,33717
456,33718
121,33724
398,33741
398,33754
128,33757
162,33785
313,33787
125,33791
313,33792
331,33897
162,33899
313,33901
513,33919
125,34070
366,34071
151,34072
455,34073
167,34123
121,34131
497,34133
419,34188
420,34189
364,34190
421,34190
312,34192
365,34192
366,34193
390,34194
391,34195
124,34216
130,34216
512,34218
513,34219
420,34231
312,34288
365,34288
313,34289
474,34334
422,34338
164,34339
369,34430
419,34457
420,34458
415,34465
396,34506
397,34507
432,34566
234,34610
127,34689
128,34690
210,34711
419,34730
390,34760
397,34795
388,34801
418,34810
409,34832
410,34833
206,34851
207,34852
208,34853
209,34854
369,34891
410,34924
397,34935
398,34936
414,34977
420,35004
162,35069
163,35070
162,35081
364,35082
421,35082
430,35158
291,35170
420,35178
124,35237
130,35237
125,35238
456,35296
219,35300
420,35320
163,35321
386,35335
387,35336
390,35433
253,35434
127,35462
432,35472
318,35512
312,35591
365,35591
420,35616
364,35617
421,35617
312,35618
365,35618
313,35619
414,35620
128,35625
167,35627
167,35646
121,35653
162,35694
323,35707
151,35740
314,35759
151,35777
128,35861
416,35932
106,35999
413,36037
314,36038
513,36110
412,36164
312,36202
365,36202
413,36218
333,36265
402,36265
403,36266
159,36325
125,36350
208,36400
125,36428
198,36488
314,36497
294,36508
450,36512
315,36527
323,36532
509,36545
398,36581
513,36614
420,36618
126,36620
509,36642
400,36649
455,36650
289,36687
290,36688
400,36742
401,36743
333,36744
402,36744
403,36745
420,36749
139,36754
121,36805
115,36809
105,36829
106,36830
217,36857
218,36858
219,36859
386,36862
473,36863
423,36929
246,36930
424,36930
159,36949
331,37004
216,37084
151,37114
412,37122
124,37128
130,37128
125,37129
126,37130
388,37194
292,37419
409,37463
317,37466
331,37472
456,37474
206,37548
483,37582
208,37585
330,37586
331,37587
162,37589
364,37590
421,37590
246,37667
424,37667
420,37683
126,37685
343,37734
483,37821
386,37839
387,37840
162,37841
163,37842
423,37843
332,37897
416,37902
129,37905
398,37955
399,37956
400,37957
162,37959
513,37997
367,38094
419,38123
420,38124
313,38126
125,38149
420,38163
364,38164
421,38164
312,38166
365,38166
313,38167
128,38172
291,38188
125,38326
275,38349
522,38378
364,38391
421,38391
422,38395
369,38461
398,38523
129,38538
124,38584
130,38584
125,38585
483,38699
243,38709
399,38737
442,38779
432,38809
276,38877
300,38904
510,38958
386,39107
473,39108
162,39200
388,39247
419,39318
343,39391
394,39404
431,39426
399,39431
400,39432
388,39434
389,39435
367,39436
367,39479
247,39538
160,39566
419,39612
409,39658
410,39659
388,39721
105,39845
106,39846
388,39892
161,39904
323,39944
207,39949
509,39958
129,39966
388,40033
412,40104
299,40153
162,40185
366,40187
390,40188
253,40189
420,40206
512,40208
513,40209
332,40255
235,40269
124,40279
130,40279
125,40280
413,40305
314,40306
419,40419
420,40420
313,40422
483,40432
497,40480
162,40485
208,40520
209,40521
397,40526
389,40544
315,40557
313,40644
414,40645
269,40649
234,40679
235,40680
124,40737
130,40737
232,40755
233,40756
231,40808
232,40809
106,40855
398,40866
208,40946
209,40947
210,40948
337,41031
412,41078
151,41108
209,41159
393,41177
394,41178
314,41184
315,41185
484,41196
312,41293
365,41293
162,41317
497,41383
127,41452
128,41453
469,41506
164,41556
219,41598
388,41602
414,41604
415,41605
395,41622
419,41634
216,41663
216,41669
315,41673
162,41683
163,41684
164,41685
497,41687
368,41708
125,41743
403,41770
162,41789
121,41849
125,41903
313,41904
398,41916
299,41955
151,41961
430,41974
217,41975
292,42018
423,42071
269,42093
151,42111
315,42216
386,42299
387,42300
128,42355
337,42357
269,42428
162,42437
337,42660
164,42669
122,42670
165,42670
419,42714
122,42717
165,42717
162,42726
313,42728
414,42729
162,42791
313,42793
314,42794
315,42795
129,42798
398,42816
247,42822
269,42840
314,42882
315,42883
121,42970
209,42980
379,43008
397,43016
398,43017
105,43033
106,43034
456,43070
367,43075
368,43076
369,43077
323,43112
231,43148
232,43149
430,43151
369,43207
127,43252
128,43253
398,43254
210,43317
299,43350
210,43351
403,43379
208,43400
209,43401
331,43407
299,43485
313,43496
440,43506
143,43512
162,43529
222,43533
447,43558
159,43566
497,43585
397,43623
129,43624
124,43625
130,43625
125,43626
456,43719
400,43758
388,43760
388,43868
292,43950
397,44044
218,44046
219,44047
472,44063
387,44064
164,44090
222,44144
222,44185
450,44202
399,44233
400,44234
388,44236
275,44263
269,44306
151,44319
352,44327
484,44349
167,44445
247,44469
121,44523
122,44524
165,44524
123,44525
124,44526
130,44526
206,44626
151,44647
409,44653
206,44658
398,44661
388,44676
217,44741
219,44754
151,44995
383,44996
208,45029
209,45030
300,45031
125,45044
394,45071
395,45084
125,45107
366,45108
394,45254
208,45290
162,45319
313,45321
420,45440
300,45469
301,45470
122,45478
165,45478
125,45539
127,45583
128,45584
398,45585
315,45588
299,45616
300,45617
198,45656
210,45681
162,45697
198,45698
217,45726
218,45727
127,45736
94,45776
126,45788
127,45789
332,45856
442,45889
472,45890
387,45891
208,45905
209,45906
124,45982
130,45982
125,45983
416,46046
125,46061
314,46136
198,46160
127,46171
420,46194
314,46253
315,46254
513,46381
209,46388
210,46389
409,46433
410,46434
398,46631
300,46656
500,46669
230,46701
231,46702
232,46703
292,46748
127,46749
269,46792
121,46903
151,46924
152,46925
183,47027
83,47028
369,47120
275,47127
276,47128
420,47133
126,47135
127,47136
299,47154
210,47155
122,47180
165,47180
123,47181
292,47183
127,47184
302,47214
298,47250
299,47251
300,47252
364,47348
421,47348
422,47349
164,47350
318,47534
244,47565
245,47566
489,47566
246,47567
424,47567
129,47570
416,47595
337,47657
317,47731
400,47798
398,47822
125,47843
313,47844
314,47845
298,47874
299,47875
300,47876
125,47919
413,47932
414,47933
217,48017
430,48022
312,48051
365,48051
313,48052
394,48068
290,48090
125,48116
126,48117
483,48172
162,48209
313,48211
414,48212
456,48228
457,48229
300,48302
125,48314
313,48315
314,48389
315,48390
330,48420
379,48438
397,48511
167,48513
121,48613
474,48629
312,48633
365,48633
483,48735
127,48778
397,48792
398,48793
497,48799
106,48809
300,48845
245,48877
489,48877
369,48907
430,48981
337,48983
330,48997
331,48998
253,49015
243,49023
393,49042
394,49043
513,49071
127,49086
222,49222
400,49345
162,49347
126,49349
419,49352
419,49379
222,49418
300,49494
301,49495
313,49508
314,49509
315,49510
316,49511
317,49512
318,49513
209,49521
300,49522
337,49529
125,49552
126,49553
386,49561
473,49562
388,49575
416,49607
417,49608
418,49609
419,49610
420,49611
364,49612
421,49612
422,49613
292,49620
450,49633
183,49640
83,49641
483,49660
210,49701
419,49718
510,49723
312,49725
365,49725
162,49762
163,49763
300,49805
162,49815
218,49836
219,49837
328,49880
364,49937
421,49937
312,49938
365,49938
313,49939
416,50009
125,50080
162,50091
412,50102
121,50137
497,50139
337,50142
291,50191
419,50231
388,50242
183,50246
83,50247
162,50261
163,50262
314,50293
455,50353
367,50408
368,50409
316,50412
388,50541
312,50646
365,50646
419,50687
369,50744
337,50752
292,50775
127,50776
342,50783
338,50796
292,50816
127,50817
128,50818
398,50819
388,50852
125,50887
397,50935
292,51134
127,51135
128,51136
388,51162
367,51206
368,51207
397,51231
398,51232
302,51243
299,51276
167,51372
162,51384
198,51385
322,51408
323,51409
124,51482
130,51482
164,51484
122,51511
165,51511
208,51526
209,51527
210,51528
396,51537
397,51538
398,51539
129,51554
292,51556
390,51561
151,51643
388,51645
216,51709
217,51710
442,51948
125,51988
313,51989
314,51990
231,52015
232,52016
367,52069
128,52084
398,52085
398,52098
399,52099
366,52165
390,52166
300,52173
300,52182
206,52289
151,52319
388,52321
209,52325
412,52371
414,52384
342,52390
247,52391
162,52405
198,52406
126,52454
404,52501
432,52510
151,52601
219,52633
399,52694
400,52695
401,52696
397,52744
386,52771
473,52772
151,52803
388,52805
168,52840
509,52843
300,53000
323,53009
368,53064
126,53231
127,53232
386,53252
387,53253
269,53262
369,53278
416,53390
417,53391
418,53392
419,53393
290,53421
291,53422
292,53423
127,53424
419,53515
422,53607
164,53608
497,53610
419,53654
420,53655
364,53656
421,53656
483,53661
314,53734
315,53735
127,53757
368,53779
500,53806
126,53825
127,53826
317,53848
318,53849
513,54018
398,54053
394,54094
121,54106
122,54107
165,54107
269,54157
121,54181
414,54218
198,54310
127,54318
399,54386
400,54387
455,54388
121,54460
420,54488
290,54510
291,54511
99,54568
313,54660
314,54661
292,54704
430,54721
207,54783
162,54800
512,54802
125,54861
313,54862
314,54863
420,54905
313,54907
314,54908
368,54926
423,54958
128,54996
219,55022
416,55043
417,55044
418,55045
419,55046
125,55064
291,55069
122,55100
165,55100
337,55148
300,55362
143,55401
245,55415
489,55415
246,55416
424,55416
125,55457
313,55458
366,55473
367,55474
399,55524
368,55526
208,55540
216,55547
398,55607
399,55629
400,55630
413,55710
314,55711
315,55712
125,55730
313,55731
420,55737
198,55738
455,55747
474,55748
269,55789
513,55812
416,55826
232,55838
474,55876
105,55888
106,55889
400,56016
455,56017
167,56030
125,56056
366,56057
390,56058
483,56078
484,56079
513,56149
314,56155
474,56192
475,56193
210,56229
369,56268
469,56335
398,56432
128,56505
129,56506
513,56509
427,56555
253,56563
397,56601
416,56621
417,56622
418,56623
403,56626
420,56640
364,56641
421,56641
312,56642
365,56642
313,56643
509,56651
246,56654
424,56654
397,56670
398,56671
162,56758
364,56759
421,56759
422,56761
216,56858
129,56876
276,56902
414,57095
337,57165
401,57230
324,57269
312,57297
365,57297
420,57331
243,57339
388,57348
389,57349
151,57350
455,57351
246,57426
424,57426
425,57427
412,57458
126,57464
127,57465
125,57504
313,57505
314,57506
403,57576
124,57580
130,57580
125,57581
394,57628
418,57643
432,57650
217,57665
124,57709
130,57709
299,57747
210,57748
509,57768
390,57776
337,57780
388,57798
398,57804
420,57817
163,57818
423,57819
246,57820
424,57820
275,57843
337,57872
420,57890
364,57891
421,57891
292,57897
337,57914
398,57948
234,58048
162,58089
420,58175
401,58263
125,58349
313,58350
288,58384
289,58385
292,58412
127,58413
420,58454
431,58487
244,58492
245,58493
489,58493
412,58564
293,58566
294,58567
513,58581
500,58598
455,58627
395,58677
396,58678
253,58691
450,58726
451,58727
341,58736
121,58743
121,58777
394,58789
315,58868
449,58889
252,58919
391,58920
422,58948
164,58949
512,58969
513,58970
414,58990
333,59019
402,59019
121,59028
162,59210
314,59228
162,59297
163,59298
337,59317
510,59336
124,59436
130,59436
125,59437
159,59471
419,59519
450,59558
414,59571
450,59596
151,59624
455,59625
120,59682
129,59702
275,59707
331,59716
