240,27
241,28
219,251
227,272
346,333
277,367
411,368
411,369
411,370
186,415
280,426
186,454
334,456
485,479
300,491
300,520
275,530
184,536
140,546
91,547
141,547
142,574
227,581
184,604
333,637
112,649
338,649
113,650
114,651
168,688
226,706
327,760
328,761
409,796
410,797
491,797
411,798
505,910
506,911
277,936
411,937
411,938
436,939
81,972
424,972
300,1016
276,1027
111,1044
337,1044
168,1048
411,1065
280,1122
220,1126
516,1130
517,1131
516,1135
327,1141
328,1142
462,1228
300,1260
168,1305
227,1329
82,1363
269,1446
449,1473
179,1476
276,1480
277,1481
163,1575
170,1575
276,1579
277,1580
339,1582
163,1650
170,1650
171,1651
142,1654
143,1655
349,1707
113,1727
260,1755
171,1768
175,1805
91,1830
141,1830
277,1876
114,1920
151,2027
258,2060
165,2075
327,2093
111,2159
337,2159
340,2171
276,2198
277,2199
411,2200
82,2211
248,2213
276,2233
69,2241
266,2253
111,2268
337,2268
410,2269
491,2269
277,2277
411,2278
411,2279
484,2291
91,2346
141,2346
407,2368
408,2369
82,2372
344,2382
167,2385
445,2404
446,2405
111,2473
337,2473
411,2489
411,2490
411,2491
411,2492
411,2493
332,2495
343,2495
341,2522
410,2523
491,2523
278,2524
412,2524
279,2525
413,2525
280,2526
150,2545
151,2546
329,2574
114,2577
328,2680
142,2737
326,2739
410,2826
491,2826
69,2853
407,2914
91,2915
141,2915
150,2947
151,2948
166,2981
167,2982
168,2983
421,2984
164,3023
165,3024
276,3141
139,3167
382,3185
383,3186
384,3187
328,3209
327,3241
171,3277
330,3331
328,3334
166,3352
171,3394
240,3420
411,3465
411,3466
411,3467
276,3477
137,3591
267,3613
319,3616
484,3642
485,3643
269,3701
257,3737
258,3738
259,3739
421,3794
276,3834
341,3842
515,3847
505,3859
341,3887
410,3888
491,3888
278,3889
412,3889
226,3962
227,3963
280,3975
163,4019
170,4019
163,4071
170,4071
171,4072
142,4075
143,4076
164,4081
119,4095
476,4101
477,4101
326,4125
165,4130
410,4138
491,4138
411,4139
390,4209
391,4210
341,4280
410,4281
491,4281
323,4322
331,4350
342,4350
382,4355
114,4368
276,4379
336,4388
111,4389
337,4389
410,4390
491,4390
410,4498
491,4498
411,4499
436,4500
249,4563
163,4596
170,4596
442,4625
450,4625
69,4651
344,4757
111,4849
337,4849
410,4850
491,4850
436,4851
437,4852
326,4854
213,4881
328,4901
280,4908
341,4950
410,4951
491,4951
166,5053
167,5054
409,5149
112,5150
338,5150
213,5178
163,5300
170,5300
171,5301
280,5321
227,5355
230,5418
326,5439
111,5448
337,5448
493,5450
91,5478
141,5478
186,5505
114,5559
506,5591
408,5611
91,5698
141,5698
329,5736
309,5790
483,5796
240,5895
333,5987
407,5992
240,6011
241,6012
306,6056
327,6058
240,6086
124,6108
322,6132
326,6156
327,6157
111,6204
337,6204
112,6205
338,6205
302,6305
240,6312
333,6321
327,6337
276,6362
277,6363
411,6364
111,6409
337,6409
328,6412
340,6419
213,6423
184,6467
408,6468
280,6471
240,6495
241,6496
340,6524
341,6525
279,6527
413,6527
280,6528
274,6559
177,6690
163,6708
170,6708
171,6709
289,6776
128,6797
490,6812
409,6915
227,7122
186,7225
276,7236
186,7349
150,7468
333,7512
408,7524
258,7630
259,7631
280,7665
336,7671
226,7677
227,7678
213,7707
327,7718
327,7735
328,7736
341,7751
421,7775
484,7807
171,7825
136,7867
327,7891
328,7892
341,7911
142,8002
326,8004
327,8005
328,8006
409,8013
279,8015
413,8015
280,8016
276,8109
113,8111
114,8112
356,8120
164,8185
140,8191
408,8192
163,8214
170,8214
171,8215
266,8231
280,8253
433,8261
346,8309
407,8324
91,8325
141,8325
506,8429
355,8472
344,8573
227,8594
327,8698
328,8699
111,8841
337,8841
410,8842
491,8842
327,8877
202,8887
143,8897
226,8996
227,8997
91,9047
141,9047
163,9058
170,9058
323,9117
140,9147
407,9167
328,9184
113,9239
114,9240
82,9335
91,9375
141,9375
142,9412
171,9415
448,9494
449,9495
126,9546
269,9557
165,9581
166,9582
167,9583
140,9639
92,9666
93,9667
341,9942
112,9943
338,9943
162,9951
163,9952
170,9952
171,9953
228,9955
229,9956
139,9982
140,9983
289,10005
276,10049
409,10090
306,10174
241,10199
269,10224
304,10246
280,10278
484,10288
128,10303
260,10366
245,10396
162,10398
163,10399
170,10399
81,10442
424,10442
164,10606
334,10618
245,10666
226,10667
202,10723
81,10824
424,10824
82,10920
163,10938
170,10938
276,11048
326,11240
130,11348
328,11369
410,11379
491,11379
411,11380
229,11512
276,11527
277,11528
436,11529
437,11530
438,11531
164,11533
136,11556
139,11588
140,11589
461,11592
162,11634
163,11635
170,11635
408,11849
276,11899
484,11952
418,11981
419,11982
276,12026
111,12058
337,12058
369,12110
280,12183
111,12204
337,12204
168,12232
410,12324
491,12324
171,12403
249,12405
406,12435
407,12436
185,12437
186,12438
183,12483
184,12484
462,12511
327,12514
328,12515
167,12525
227,12531
411,12550
91,12660
141,12660
245,12769
111,12789
337,12789
410,12790
491,12790
411,12791
436,12792
249,12815
250,12816
93,12869
328,12934
329,12935
330,12936
436,12978
436,13037
91,13047
141,13047
275,13082
221,13095
407,13129
276,13197
179,13221
228,13240
187,13360
443,13464
451,13464
276,13533
171,13594
476,13609
477,13609
446,13710
313,13721
328,13846
227,13873
106,13879
171,13888
406,13962
186,13974
164,14037
163,14039
170,14039
171,14040
328,14059
69,14093
227,14144
276,14181
276,14195
322,14229
169,14244
111,14269
337,14269
279,14271
413,14271
165,14291
311,14335
420,14436
169,14437
163,14438
170,14438
164,14439
327,14442
328,14443
320,14566
91,14626
141,14626
327,14673
328,14674
111,14730
337,14730
279,14732
413,14732
280,14858
163,14861
170,14861
164,14862
163,14880
170,14880
327,14886
328,14887
93,15127
341,15185
112,15186
338,15186
113,15187
114,15188
306,15301
86,15350
226,15377
227,15378
408,15424
276,15482
202,15492
227,15500
167,15522
328,15568
227,15743
309,15777
506,15804
132,15899
437,15903
326,15905
213,15946
328,15988
276,16060
277,16061
436,16062
327,16071
476,16103
477,16103
276,16239
289,16250
268,16299
269,16300
227,16359
228,16360
327,16398
410,16429
491,16429
436,16430
346,16568
347,16569
70,16587
322,16590
333,16640
330,16698
341,16715
278,16734
412,16734
279,16735
413,16735
280,16736
241,16759
410,16819
491,16819
411,16820
436,16821
326,16850
408,16866
409,16867
142,16896
326,16898
106,16920
186,16983
408,17008
461,17145
86,17157
335,17186
336,17187
328,17274
329,17275
136,17319
224,17332
421,17350
151,17380
172,17428
319,17433
320,17434
136,17463
137,17464
91,17498
141,17498
140,17502
461,17505
300,17534
164,17577
249,17669
111,17723
337,17723
276,17749
476,17754
477,17754
276,17842
493,17844
237,17874
238,17875
333,17885
334,17886
132,17908
276,18003
328,18075
486,18132
487,18133
488,18134
458,18308
336,18309
111,18310
337,18310
410,18311
491,18311
436,18312
229,18316
111,18329
337,18329
112,18330
338,18330
113,18331
114,18332
91,18344
141,18344
225,18381
276,18511
143,18547
442,18598
450,18598
306,18664
140,18696
227,18704
172,18713
421,18733
70,18735
222,18798
223,18799
305,18811
171,18814
347,18906
91,18932
141,18932
142,18933
326,18935
327,18936
328,18937
171,19029
461,19052
279,19080
413,19080
227,19100
143,19105
341,19127
227,19142
328,19171
276,19189
81,19191
424,19191
168,19236
241,19261
327,19278
328,19279
328,19410
408,19417
323,19460
274,19486
245,19555
226,19556
168,19575
421,19576
421,19660
409,19677
327,19722
328,19723
240,19808
407,19809
91,19810
141,19810
276,19817
277,19818
436,19819
240,19946
344,19955
327,19986
328,19987
280,19994
327,19998
328,19999
166,20014
167,20015
227,20041
340,20050
274,20079
277,20122
411,20123
187,20135
140,20143
327,20163
328,20164
276,20203
81,20211
424,20211
82,20212
81,20221
424,20221
140,20311
185,20312
186,20313
254,20452
238,20467
461,20483
150,20502
151,20503
344,20633
130,20670
407,20673
408,20674
462,20727
326,20747
327,20748
328,20749
280,20852
279,20884
413,20884
280,20885
227,20938
267,20940
140,20946
408,20947
142,20991
269,21032
410,21093
491,21093
278,21094
412,21094
322,21108
276,21144
344,21172
276,21181
177,21228
178,21229
179,21230
505,21303
276,21346
277,21347
411,21348
503,21360
91,21361
141,21361
166,21385
167,21386
168,21387
277,21418
436,21419
506,21507
280,21515
163,21518
170,21518
164,21519
165,21520
162,21538
163,21539
170,21539
171,21540
505,21554
506,21555
184,21624
408,21687
323,21702
260,21704
93,21782
327,21796
328,21821
349,21837
410,21846
491,21846
277,21863
92,21877
93,21878
140,21892
163,21936
170,21936
171,21937
506,22000
340,22019
328,22022
177,22077
407,22094
328,22109
410,22128
491,22128
327,22150
326,22200
268,22231
280,22297
166,22300
167,22301
168,22302
226,22349
227,22350
139,22367
225,22370
514,22398
268,22409
276,22467
163,22536
170,22536
111,22627
337,22627
436,22767
437,22768
326,22770
185,22779
245,22861
276,22865
410,22929
491,22929
341,22954
410,22955
491,22955
328,23086
139,23185
444,23305
445,23306
249,23392
313,23421
323,23493
462,23542
184,23586
461,23615
136,23636
184,23740
505,23875
82,23920
410,24000
491,24000
448,24075
407,24080
91,24081
141,24081
142,24082
326,24084
327,24085
86,24168
191,24249
280,24288
407,24333
91,24334
141,24334
349,24375
162,24443
409,24520
276,24648
280,24675
111,24692
337,24692
461,24739
516,24772
202,24784
228,24802
111,24878
337,24878
167,24918
179,24977
269,24998
260,24999
410,25005
491,25005
411,25006
411,25007
278,25008
412,25008
150,25051
151,25052
485,25093
486,25094
111,25102
337,25102
81,25132
424,25132
340,25170
143,25246
165,25299
227,25305
168,25324
421,25325
111,25356
337,25356
410,25357
491,25357
323,25368
276,25443
140,25464
408,25465
163,25529
170,25529
171,25530
172,25531
163,25642
170,25642
164,25643
407,25690
408,25691
276,25735
289,25826
140,25884
326,25904
139,26012
140,26013
184,26039
408,26044
186,26064
164,26097
327,26100
328,26101
333,26113
280,26150
91,26173
141,26173
328,26182
345,26193
179,26209
269,26248
408,26257
137,26320
163,26378
170,26378
171,26379
309,26503
391,26513
92,26534
93,26535
407,26568
504,26569
505,26570
506,26571
245,26705
276,26753
81,26755
424,26755
327,26788
505,26793
300,26819
140,26853
328,26925
418,26990
111,27017
337,27017
313,27025
186,27039
227,27049
276,27061
446,27118
143,27188
275,27232
276,27233
277,27234
70,27285
82,27313
248,27315
249,27316
333,27361
186,27386
390,27439
249,27441
436,27464
86,27492
336,27510
227,27587
341,27661
410,27662
491,27662
278,27663
412,27663
279,27664
413,27664
309,27673
166,27698
476,27742
477,27742
177,27794
178,27795
161,27809
227,27825
300,27848
186,27886
304,27897
320,27993
260,28100
140,28102
91,28103
141,28103
327,28118
328,28119
227,28182
165,28192
346,28225
505,28258
332,28360
343,28360
506,28382
319,28391
126,28495
184,28530
114,28536
184,28541
142,28558
143,28559
328,28590
113,28622
114,28623
277,28676
411,28677
407,28684
171,28705
172,28706
453,28760
111,28792
337,28792
331,28793
342,28793
332,28794
343,28794
275,28797
276,28798
113,28800
410,28878
491,28878
326,28914
226,28957
336,28960
300,29095
111,29119
337,29119
410,29120
491,29120
171,29168
172,29169
139,29202
140,29213
408,29214
409,29215
172,29228
333,29432
184,29520
461,29684
410,29698
491,29698
278,29699
412,29699
140,29728
408,29729
409,29740
506,29763
410,29774
491,29774
411,29775
340,29792
511,29833
512,29834
514,29847
410,29858
491,29858
493,30001
165,30032
505,30084
443,30134
451,30134
336,30176
111,30177
337,30177
275,30216
510,30241
166,30304
276,30318
277,30319
411,30320
411,30321
275,30341
276,30342
341,30349
162,30466
485,30468
276,30492
229,30507
503,30512
168,30516
421,30517
310,30559
333,30589
227,30648
226,30713
227,30714
322,30720
323,30721
409,30755
112,30756
338,30756
223,30775
224,30776
143,30790
391,30798
162,30804
163,30805
170,30805
164,30806
163,30808
170,30808
164,30809
163,30811
170,30811
171,30812
172,30813
177,30816
178,30817
179,30818
223,30860
224,30861
223,30863
333,30876
275,30908
276,30909
277,30910
411,30911
411,30912
278,30913
412,30913
280,30936
304,30944
300,30949
313,30953
314,30954
315,30955
316,30956
317,30957
318,30958
335,30976
336,30977
340,30980
341,30981
410,30982
491,30982
369,31005
165,31034
406,31040
458,31042
336,31043
111,31044
337,31044
410,31045
491,31045
278,31046
412,31046
279,31047
413,31047
280,31048
129,31052
70,31059
163,31070
170,31070
446,31079
306,31095
483,31108
484,31109
485,31110
410,31165
491,31165
411,31166
156,31172
173,31172
474,31172
69,31267
227,31320
336,31328
111,31329
337,31329
410,31330
491,31330
411,31331
436,31332
81,31333
424,31333
160,31425
264,31455
409,31490
333,31599
505,31602
506,31603
113,31666
327,31688
150,31704
151,31705
140,31734
328,31790
346,31838
258,31850
259,31851
276,31861
140,32040
277,32115
411,32116
310,32132
328,32147
408,32225
91,32242
141,32242
168,32251
169,32252
163,32253
170,32253
171,32254
249,32256
136,32282
340,32301
249,32380
516,32392
458,32450
336,32451
420,32458
169,32459
91,32470
141,32470
142,32471
143,32472
309,32530
333,32597
328,32651
476,32752
477,32752
326,32762
224,32767
327,32798
328,32816
172,32919
336,32921
340,32924
341,32925
238,32972
503,33056
91,33057
141,33057
223,33072
224,33073
223,33075
131,33077
231,33086
232,33087
341,33120
112,33121
338,33121
339,33122
340,33123
172,33159
112,33203
338,33203
165,33224
112,33232
338,33232
139,33248
340,33340
276,33346
341,33358
140,33363
408,33364
336,33378
111,33379
337,33379
92,33432
516,33491
111,33504
337,33504
333,33544
226,33576
140,33689
408,33690
126,33739
184,33753
328,33788
329,33789
330,33790
91,33840
141,33840
162,33882
163,33883
170,33883
171,33884
280,33919
111,34099
337,34099
410,34100
491,34100
223,34115
224,34116
328,34177
276,34189
277,34190
411,34191
409,34216
279,34218
413,34218
280,34219
276,34231
113,34233
382,34252
111,34286
337,34286
410,34287
491,34287
328,34290
329,34291
330,34292
112,34293
338,34293
505,34323
341,34336
410,34337
491,34337
436,34338
128,34384
168,34434
419,34442
300,34446
505,34453
276,34458
406,34506
407,34507
266,34548
326,34758
249,34781
407,34795
163,34838
170,34838
164,34839
228,34886
151,34900
254,34909
240,34934
407,34935
461,34938
336,34970
111,34971
337,34971
112,34972
338,34972
339,34973
340,34974
276,35004
332,35006
343,35006
344,35007
383,35054
277,35082
411,35083
339,35085
223,35164
275,35177
276,35178
171,35210
409,35237
139,35271
276,35320
81,35322
424,35322
221,35367
226,35369
328,35429
329,35430
344,35496
167,35554
276,35616
277,35617
462,35621
185,35626
139,35784
91,35862
141,35862
168,35879
226,35888
128,35956
280,36110
461,36154
458,36196
336,36197
111,36198
337,36198
410,36199
491,36199
411,36200
411,36201
163,36269
170,36269
164,36270
283,36285
333,36411
224,36413
223,36415
224,36416
168,36433
309,36565
184,36580
269,36608
280,36614
276,36618
167,36629
168,36630
241,36730
276,36749
340,36771
310,36866
328,36888
163,36923
170,36923
275,37069
409,37128
223,37153
224,37154
132,37192
410,37253
491,37253
341,37354
410,37355
491,37355
278,37356
412,37356
341,37479
277,37590
411,37591
278,37592
412,37592
276,37683
476,37716
477,37716
486,37734
164,37794
140,37904
408,37905
328,37915
280,37997
476,38067
477,38067
276,38124
111,38148
337,38148
461,38155
276,38163
277,38164
411,38165
328,38168
164,38239
165,38240
163,38253
170,38253
171,38254
333,38263
384,38322
111,38325
337,38325
150,38344
151,38345
277,38391
411,38392
411,38393
411,38394
436,38395
81,38396
424,38396
82,38397
483,38444
484,38445
420,38490
328,38512
503,38522
140,38537
408,38538
409,38584
171,38670
130,38878
334,38894
419,38916
316,39010
419,39030
224,39117
150,39125
328,39321
486,39391
238,39440
168,39558
328,39615
171,39621
245,39704
329,39825
328,39828
126,39883
408,39966
167,40150
276,40206
279,40208
413,40208
280,40209
409,40279
276,40420
166,40497
167,40498
106,40503
95,40513
407,40526
309,40715
310,40716
226,40734
409,40737
390,40810
163,41027
170,41027
171,41028
186,41031
344,41104
167,41258
111,41291
337,41291
410,41292
491,41292
274,41399
275,41400
346,41480
326,41541
327,41571
328,41572
472,41662
82,41667
322,41752
171,41840
228,41842
323,41894
328,41905
328,41927
275,42054
333,42115
326,42126
300,42159
150,42164
151,42165
226,42187
227,42188
109,42252
110,42253
254,42279
461,42318
328,42351
185,42356
186,42357
275,42360
82,42531
248,42533
300,42552
249,42582
186,42660
275,42663
340,42666
341,42667
91,42708
141,42708
183,42748
327,42759
328,42760
136,42773
137,42774
408,42798
461,42849
306,42879
327,42881
163,42922
170,42922
171,42923
407,43016
390,43150
300,43153
516,43171
226,43174
91,43185
141,43185
171,43261
150,43346
151,43347
306,43452
328,43497
407,43623
408,43624
409,43625
172,43677
461,43803
334,43837
319,43843
283,43846
340,43876
172,43918
336,43920
140,43976
164,43990
327,43998
407,44044
341,44088
172,44100
336,44102
111,44103
337,44103
112,44104
338,44104
269,44133
249,44211
357,44226
171,44254
172,44255
300,44382
344,44409
323,44430
328,44457
329,44458
505,44488
167,44499
155,44512
473,44512
409,44526
133,44667
269,44806
240,44854
150,44861
151,44862
164,44875
226,44886
249,44931
139,44941
164,44975
163,44977
170,44977
171,44978
357,45024
111,45043
337,45043
309,45063
310,45064
222,45145
164,45151
163,45153
170,45153
171,45154
515,45173
249,45192
332,45213
343,45213
333,45214
334,45215
275,45228
223,45236
328,45249
328,45322
276,45440
229,45451
358,45527
359,45528
330,45538
183,45714
91,45748
141,45748
226,45810
128,45915
409,45982
167,45999
111,46060
337,46060
229,46174
276,46194
81,46220
424,46220
82,46221
240,46231
92,46279
93,46280
70,46345
280,46381
167,46483
419,46517
445,46578
300,46596
348,46598
349,46599
311,46609
91,46625
141,46625
461,46633
328,46689
314,46765
226,46778
171,47014
228,47039
229,47040
229,47087
269,47111
168,47124
275,47132
276,47133
505,47210
506,47211
391,47332
277,47348
436,47349
163,47387
170,47387
164,47388
327,47391
163,47399
170,47399
171,47400
515,47436
245,47515
140,47569
408,47570
485,47583
186,47657
111,47687
337,47687
112,47688
338,47688
114,47703
245,47710
328,47795
140,47821
111,47842
337,47842
171,47867
166,47905
421,47977
328,48053
112,48150
338,48150
506,48261
484,48398
240,48510
407,48511
185,48512
340,48611
341,48631
410,48632
491,48632
221,48668
222,48669
268,48738
328,48767
329,48768
330,48769
128,48780
407,48792
340,48835
224,48968
186,48983
111,48991
337,48991
227,49017
254,49030
280,49071
458,49088
336,49089
111,49090
337,49090
331,49091
342,49091
240,49302
241,49303
171,49367
328,49382
268,49390
505,49436
446,49463
186,49529
276,49611
277,49612
436,49613
334,49756
437,49764
326,49766
333,49794
172,49822
336,49824
178,49829
179,49830
227,49900
508,49927
277,49937
166,49979
167,49980
111,50025
337,50025
331,50026
342,50026
332,50027
343,50027
328,50058
171,50116
249,50118
186,50142
333,50178
132,50259
346,50311
82,50463
126,50553
163,50607
170,50607
410,50645
491,50645
254,50701
186,50752
260,50783
187,50796
461,50821
327,50839
328,50840
382,50884
239,50933
240,50934
407,50935
163,50961
170,50961
274,51070
275,51071
250,51113
251,51114
91,51137
141,51137
346,51152
224,51185
407,51231
164,51271
163,51273
170,51273
168,51353
185,51371
409,51482
229,51487
300,51513
406,51537
407,51538
408,51554
484,51577
485,51578
171,51654
150,51898
151,51899
357,51902
341,51987
254,51997
390,52017
268,52042
269,52043
382,52073
383,52074
143,52115
250,52170
251,52171
128,52193
178,52210
179,52211
166,52281
260,52390
506,52489
221,52577
91,52688
141,52688
143,52708
407,52744
91,52745
141,52745
382,52754
383,52755
249,52857
82,52913
128,53005
129,53006
130,53007
476,53103
477,53103
328,53198
266,53234
69,53330
139,53452
140,53453
91,53454
141,53454
168,53470
421,53471
167,53520
163,53552
170,53552
171,53553
303,53595
410,53605
491,53605
411,53606
436,53607
276,53655
277,53656
333,53685
443,53687
451,53687
452,53688
168,53730
421,53731
327,53733
106,53743
503,53885
91,53886
141,53886
171,53914
311,53922
289,53929
483,53961
484,53962
280,54018
143,54033
461,54055
254,54208
511,54224
227,54379
86,54432
333,54456
139,54472
420,54482
169,54483
163,54484
170,54484
276,54488
327,54504
163,54521
170,54521
171,54522
461,54580
462,54581
150,54584
56,54608
202,54787
279,54802
413,54802
476,54856
477,54856
476,54857
477,54857
111,54860
337,54860
326,54884
327,54885
276,54905
446,54917
358,54947
328,55019
111,55063
337,55063
336,55131
185,55147
186,55148
334,55150
143,55238
304,55440
328,55466
172,55574
177,55621
505,55664
506,55665
276,55737
336,55791
111,55792
337,55792
112,55793
338,55793
280,55812
163,55815
170,55815
240,55902
241,55903
516,55969
167,56022
327,56089
254,56131
280,56149
171,56169
167,56175
163,56297
170,56297
171,56298
171,56352
172,56353
349,56397
202,56401
258,56425
139,56466
506,56478
408,56506
280,56509
162,56565
163,56566
170,56566
164,56567
164,56582
407,56601
86,56614
333,56634
224,56636
275,56639
276,56640
277,56641
407,56670
139,56682
140,56683
91,56684
141,56684
327,56707
328,56708
233,56711
277,56759
411,56760
436,56761
91,56790
141,56790
140,56875
408,56876
171,57076
419,57089
438,57103
164,57105
357,57114
185,57164
186,57165
411,57296
328,57319
276,57331
82,57485
166,57488
167,57489
409,57580
82,57587
254,57673
409,57709
506,57720
274,57738
163,57758
170,57758
171,57759
186,57780
276,57817
163,57834
170,57834
186,57872
276,57890
277,57891
186,57914
334,57916
184,57947
168,58034
227,58085
332,58091
343,58091
220,58095
276,58175
140,58207
162,58282
163,58283
170,58283
130,58291
341,58348
276,58454
328,58471
91,58499
141,58499
328,58519
202,58560
280,58581
167,58594
142,58612
143,58613
155,58618
473,58618
406,58678
81,58703
424,58703
410,58711
491,58711
289,58754
91,58761
141,58761
344,58805
410,58946
491,58946
411,58947
436,58948
279,58969
413,58969
280,58970
163,58973
170,58973
171,58974
249,58976
419,59150
140,59260
140,59307
300,59309
186,59317
327,59325
328,59326
409,59436
300,59457
340,59621
329,59681
408,59702
339,59784
340,59785
