226,13
227,14
414,48
157,154
475,262
476,263
171,326
463,404
286,426
272,575
466,599
434,649
435,650
412,922
234,965
235,966
115,993
286,1122
249,1136
250,1137
477,1152
478,1153
424,1157
425,1158
139,1191
246,1213
72,1235
94,1313
74,1366
474,1392
475,1393
234,1403
235,1404
137,1426
138,1427
139,1428
137,1669
138,1670
222,1671
463,1715
139,1724
435,1727
194,1803
143,1836
144,1837
145,1838
456,1838
283,1839
457,1839
358,1847
412,1859
73,1889
428,1994
67,2080
331,2111
67,2145
287,2147
195,2157
284,2160
458,2160
360,2207
414,2230
127,2238
250,2301
357,2420
358,2421
359,2422
360,2423
289,2442
493,2460
494,2461
433,2522
285,2525
286,2526
287,2527
96,2726
306,2759
137,2821
287,2845
357,2879
73,2882
290,2886
291,2887
254,3013
116,3032
463,3044
464,3045
287,3065
121,3089
104,3110
199,3123
475,3131
104,3149
365,3330
366,3331
137,3370
139,3398
206,3434
136,3435
333,3441
334,3442
287,3514
136,3540
137,3541
58,3681
438,3682
399,3767
487,3837
222,3839
433,3842
463,3845
287,3856
428,3873
433,3887
475,3914
67,3923
287,3925
249,3960
250,3961
286,3975
137,4039
121,4051
170,4055
474,4194
195,4215
433,4280
105,4314
121,4331
122,4332
136,4344
137,4345
425,4359
426,4360
161,4370
474,4392
139,4439
246,4459
139,4587
429,4659
140,4768
141,4769
278,4775
279,4776
286,4908
287,4909
412,4944
433,4950
149,4959
287,5008
476,5061
254,5095
256,5114
136,5127
434,5150
129,5203
286,5321
287,5322
211,5358
140,5362
141,5363
142,5364
143,5365
144,5366
145,5367
456,5367
283,5368
457,5368
367,5369
137,5454
138,5455
170,5483
414,5728
94,5786
223,5805
116,5863
145,5931
456,5931
283,5932
457,5932
287,5946
140,5985
137,6061
419,6147
434,6205
72,6293
511,6298
137,6454
286,6471
287,6472
282,6477
146,6478
433,6525
284,6526
458,6526
285,6527
286,6528
287,6529
288,6530
289,6531
136,6545
136,6591
137,6592
138,6593
139,6594
206,6650
136,6651
110,6734
111,6735
511,6777
412,6783
413,6784
74,6785
231,6810
136,7019
136,7083
489,7134
170,7145
288,7288
246,7313
136,7361
364,7367
246,7393
510,7418
511,7419
73,7460
414,7461
121,7478
414,7486
357,7494
206,7541
136,7542
136,7575
358,7617
286,7665
466,7696
433,7751
433,7911
250,7950
129,7959
364,7987
104,8009
105,8010
284,8014
458,8014
285,8015
286,8016
370,8053
121,8057
435,8111
282,8177
146,8178
220,8221
489,8223
286,8253
206,8513
136,8514
206,8558
136,8559
136,8627
137,8628
173,8759
333,8776
334,8777
136,8799
249,8808
250,8809
71,8816
136,8892
287,8935
120,8956
232,8961
250,8995
334,9045
231,9077
232,9078
414,9226
435,9239
475,9270
476,9271
477,9272
211,9291
73,9416
256,9451
136,9501
136,9612
412,9663
413,9699
412,9730
94,9745
95,9746
136,9762
163,9769
94,9821
487,9825
136,9868
140,9916
141,9917
137,9921
433,9942
434,9943
171,9993
511,10006
466,10064
287,10087
284,10091
458,10091
511,10138
246,10269
286,10278
287,10279
332,10328
333,10329
334,10330
230,10337
231,10338
232,10339
233,10340
157,10374
399,10468
342,10540
412,10738
415,10844
463,10975
145,10990
456,10990
283,10991
457,10991
511,11063
477,11109
89,11115
250,11203
135,11210
136,11211
137,11212
235,11254
220,11400
169,11525
74,11608
331,11642
254,11734
148,11740
149,11741
487,11758
466,11990
474,12060
136,12168
286,12183
287,12198
412,12210
223,12281
287,12378
136,12470
72,12543
73,12544
246,12588
364,12602
74,12639
220,12716
414,12721
414,12898
366,12936
412,12949
251,12968
230,12970
257,12997
128,13059
415,13070
250,13096
358,13143
73,13153
414,13327
136,13332
221,13386
139,13387
144,13477
493,13583
494,13584
67,13634
487,13751
222,13753
223,13754
235,13762
137,13805
73,13889
246,13906
95,13914
246,14071
73,14134
414,14135
206,14157
136,14158
232,14222
194,14266
195,14267
284,14270
458,14270
285,14271
139,14348
73,14363
136,14375
382,14392
466,14431
246,14463
73,14494
284,14731
458,14731
285,14732
510,14758
511,14759
286,14858
111,14884
251,14926
136,14954
474,14964
495,14968
412,14977
138,14991
139,15061
364,15079
138,15139
222,15140
223,15141
137,15170
433,15185
434,15186
435,15187
288,15227
358,15238
495,15244
170,15285
73,15371
250,15376
136,15404
137,15405
138,15406
139,15407
459,15484
333,15539
334,15540
358,15545
206,15547
136,15548
73,15724
246,15733
278,15750
279,15751
280,15752
281,15753
282,15754
67,15787
412,15793
128,15796
140,15822
141,15823
427,15838
428,15839
384,15888
306,15992
220,16015
220,16073
413,16083
136,16160
281,16174
282,16175
511,16251
222,16295
364,16353
170,16390
171,16391
89,16443
73,16479
136,16487
137,16488
357,16522
136,16550
198,16557
256,16595
257,16596
284,16658
458,16658
366,16698
222,16712
433,16715
285,16735
286,16736
287,16737
383,16740
511,16775
493,16797
382,16924
104,16953
95,17043
287,17046
250,17154
488,17219
246,17361
128,17391
72,17427
463,17590
383,17641
425,17725
194,17752
474,17787
149,17812
140,17883
137,17901
136,17915
141,17932
425,18005
145,18015
456,18015
283,18016
457,18016
290,18023
488,18043
145,18072
456,18072
357,18151
475,18207
139,18220
434,18330
435,18331
251,18382
73,18532
358,18541
139,18572
293,18606
415,18630
496,18646
497,18647
166,18692
116,18793
463,18887
96,18967
351,18975
227,19012
285,19080
249,19112
250,19113
433,19127
110,19150
475,19204
476,19205
463,19336
136,19499
137,19500
138,19501
139,19502
73,19512
246,19542
257,19552
414,19558
136,19637
137,19698
206,19768
136,19769
137,19770
149,19875
95,19884
58,19896
438,19897
115,19922
140,19953
413,19961
286,19994
474,20022
211,20044
364,20115
167,20264
121,20476
122,20477
145,20591
456,20591
283,20592
457,20592
290,20668
474,20711
286,20852
284,20883
458,20883
285,20884
286,20885
293,20975
287,20988
287,20995
229,21054
230,21055
231,21056
232,21057
493,21063
494,21064
413,21113
414,21114
474,21183
290,21227
136,21239
137,21240
140,21261
289,21290
67,21366
287,21368
235,21391
286,21515
74,21578
357,21602
358,21603
136,21816
170,21887
74,21912
206,21917
136,21918
136,21930
287,22010
488,22065
290,22076
281,22125
282,22126
283,22127
457,22127
72,22233
286,22297
287,22328
250,22348
287,22361
251,22371
137,22396
281,22448
282,22449
411,22509
414,22562
170,22615
194,22624
195,22625
136,22737
293,22749
425,22867
287,22891
477,22918
433,22954
246,22963
333,23051
136,23058
246,23180
289,23253
128,23341
171,23378
412,23390
171,23472
136,23478
136,23507
71,23553
72,23554
290,23603
291,23604
67,23669
199,23723
145,23730
456,23730
283,23731
457,23731
425,23733
73,23769
487,23865
137,24065
413,24108
136,24276
272,24281
286,24288
67,24323
136,24339
477,24384
287,24517
364,24592
286,24675
139,24687
194,24813
511,24840
127,24954
128,24955
281,25002
282,25003
283,25004
457,25004
67,25082
138,25118
139,25119
139,25140
281,25290
282,25291
283,25292
457,25292
410,25428
411,25429
412,25430
142,25435
143,25436
144,25437
145,25438
456,25438
74,25526
95,25588
412,25711
137,25760
138,25761
139,25762
92,25793
466,25796
71,25801
511,25827
414,25857
463,25906
466,25962
73,25990
121,26143
286,26150
105,26206
87,26280
137,26283
258,26303
73,26355
292,26523
293,26524
410,26699
411,26700
414,26779
282,26860
120,26980
121,26981
122,26982
94,27015
288,27120
289,27121
290,27122
383,27183
171,27220
170,27276
358,27342
357,27457
433,27661
285,27664
74,27695
364,27767
413,27782
414,27783
415,27784
289,27792
290,27793
128,27827
137,27863
138,27864
139,27865
111,27955
342,27978
474,28033
145,28036
456,28036
364,28062
365,28063
364,28152
424,28217
121,28249
122,28250
137,28279
293,28332
289,28341
290,28342
291,28343
474,28354
475,28355
476,28356
222,28571
116,28598
507,28604
223,28615
435,28622
94,28774
435,28800
425,28855
383,28873
145,28876
456,28876
283,28877
457,28877
290,28903
313,28930
139,28944
364,28948
250,28956
466,28980
467,28996
225,29030
137,29074
291,29093
289,29170
72,29227
95,29377
198,29487
475,29554
476,29555
370,29570
111,29587
487,29613
139,29615
410,29654
145,29696
456,29696
283,29697
457,29697
459,29700
384,29767
136,29800
364,29812
135,29843
136,29844
137,29845
27,29903
28,29903
27,29904
28,29904
27,29905
28,29905
27,29906
28,29906
27,29907
28,29907
27,29908
28,29908
27,29909
28,29909
27,29910
28,29910
27,29911
28,29911
27,29912
28,29912
27,29913
28,29913
27,29914
28,29914
27,29915
28,29915
27,29916
28,29916
27,29917
28,29917
27,29918
28,29918
27,29919
28,29919
27,29920
28,29920
27,29921
28,29921
27,29922
28,29922
27,29923
28,29923
27,29924
28,29924
27,29925
28,29925
27,29926
28,29926
364,29984
110,29993
136,30103
414,30160
425,30179
223,30199
224,30200
194,30219
249,30221
167,30239
287,30280
433,30349
145,30385
456,30385
121,30398
290,30402
463,30520
249,30711
250,30712
72,30723
73,30724
291,30739
434,30756
289,30799
289,30814
290,30815
286,30936
287,30937
463,30968
464,30969
433,30981
290,31027
399,31037
285,31047
286,31048
287,31049
281,31113
282,31114
333,31131
511,31148
427,31216
428,31217
429,31218
333,31274
334,31275
475,31394
291,31640
364,31644
435,31666
475,31698
476,31699
477,31700
121,31807
287,31875
487,31992
137,32031
138,32032
222,32033
142,32304
143,32305
144,32306
73,32328
477,32367
290,32371
291,32372
121,32442
122,32443
66,32465
364,32553
137,32558
140,32595
232,32702
292,32789
272,32819
293,32867
116,32877
104,32901
72,32918
433,32925
195,32983
137,32990
138,32991
139,32992
223,33012
333,33114
433,33120
434,33121
453,33137
434,33203
280,33228
281,33229
282,33230
283,33231
457,33231
434,33232
137,33257
138,33258
170,33268
143,33301
231,33354
232,33355
433,33358
425,33360
474,33381
383,33454
139,33550
250,33575
414,33578
73,33666
74,33708
414,33711
293,33759
287,33761
366,33790
170,33825
280,33869
281,33870
282,33871
73,33885
364,33912
286,33919
144,33932
145,33933
456,33933
364,33956
288,33980
467,34025
223,34074
224,34075
225,34104
281,34107
284,34217
458,34217
285,34218
286,34219
435,34233
121,34277
366,34292
434,34293
433,34336
137,34427
496,34447
497,34448
463,34648
464,34649
426,34665
289,34670
290,34671
72,34680
140,34717
139,34800
171,34812
357,34882
254,34966
434,34972
287,35011
463,35100
287,35132
364,35204
412,35234
222,35295
250,35368
139,35420
194,35423
288,35467
289,35468
290,35469
291,35470
287,35596
139,35693
137,35709
129,35746
413,35829
414,35830
415,35831
416,35832
226,35933
86,35937
67,35999
287,36001
72,36022
73,36023
220,36039
223,36051
413,36092
414,36093
286,36110
287,36111
474,36119
364,36205
477,36246
246,36280
76,36284
145,36348
456,36348
283,36349
457,36349
474,36351
475,36352
84,36510
129,36529
286,36614
364,36646
364,36739
475,36822
476,36823
67,36830
487,36837
95,36851
425,36929
139,37044
223,37055
364,37060
383,37086
145,37089
456,37089
146,37090
94,37228
475,37302
382,37319
465,37351
433,37354
135,37409
136,37410
287,37427
433,37479
206,37540
136,37541
466,37582
459,37593
358,37652
231,37673
281,37703
466,37821
425,37843
136,37856
137,37857
364,37867
72,37875
289,37930
290,37931
120,37975
157,37990
286,37997
287,37998
72,38019
427,38059
287,38089
224,38100
364,38152
293,38174
231,38271
487,38275
104,38375
413,38442
488,38457
121,38484
122,38485
399,38494
254,38553
364,38558
73,38671
488,38687
144,38690
466,38699
137,38764
138,38765
429,38767
287,38816
143,38858
222,38874
223,38875
489,38887
136,38968
358,38971
206,38973
136,38974
287,38997
72,39023
510,39088
511,39089
477,39142
139,39199
170,39257
137,39298
257,39416
246,39515
138,39518
139,39519
121,39525
426,39576
475,39604
120,39632
121,39633
364,39653
137,39683
170,39711
412,39736
121,39798
67,39846
287,39848
138,39887
136,39993
289,40005
120,40073
121,40074
285,40208
286,40209
429,40256
412,40358
466,40432
139,40484
120,40625
486,40663
250,40733
137,40750
357,40822
364,40847
67,40855
199,40967
171,41006
71,41024
486,41075
140,41102
194,41112
147,41233
413,41260
477,41380
287,41416
129,41642
129,41675
246,41759
250,41762
137,41872
161,41910
293,41976
287,41978
412,41996
425,42071
413,42091
140,42113
72,42156
250,42186
128,42190
358,42305
413,42426
427,42435
136,42511
412,42526
135,42600
136,42601
290,42628
433,42667
383,42672
334,42814
137,42863
73,42924
413,42985
67,43034
128,43087
249,43172
250,43173
488,43205
136,43329
477,43333
137,43356
287,43380
199,43415
235,43466
137,43526
138,43527
139,43528
199,43541
136,43616
364,43637
144,43708
222,43718
383,43753
111,43820
76,43845
72,43910
73,43911
383,43945
145,43948
456,43948
412,44024
223,44039
140,44065
433,44088
72,44099
434,44104
488,44119
396,44217
199,44225
121,44229
289,44256
250,44267
358,44277
287,44303
72,44432
73,44433
333,44514
284,44527
458,44527
73,44564
246,44634
510,44709
511,44710
136,44718
137,44719
293,44742
332,44903
120,44909
199,45023
511,45111
257,45139
249,45144
383,45157
477,45203
199,45206
224,45261
120,45353
121,45354
414,45391
136,45494
366,45538
137,45565
144,45569
145,45570
456,45570
281,45622
136,45628
137,45644
138,45645
222,45646
72,45724
136,45742
211,45782
249,45808
250,45809
287,45832
288,45833
136,45937
223,45978
73,45993
412,46240
72,46246
73,46247
414,46248
104,46286
73,46347
140,46364
286,46381
332,46396
287,46474
414,46476
413,46485
290,46541
290,46547
291,46548
73,46613
74,46614
364,46660
287,46666
287,46744
290,46752
291,46753
199,46771
250,46777
414,46780
290,46794
136,46844
281,46946
282,46947
146,46948
147,46949
167,46956
306,46989
72,47037
121,47042
149,47102
477,47178
127,47186
287,47207
73,47276
357,47302
280,47360
72,47412
72,47443
170,47506
434,47688
144,47715
249,47749
250,47750
143,47788
140,47800
141,47801
225,47819
73,47851
414,47852
232,47911
256,47955
136,48011
287,48135
434,48150
477,48164
466,48172
167,48176
332,48272
199,48364
417,48502
418,48503
382,48599
433,48631
199,48662
466,48735
72,48740
224,48759
493,48763
366,48769
67,48809
72,48851
137,48904
136,48945
137,48946
138,48947
139,48948
140,48949
284,48992
458,48992
286,49071
287,49072
414,49174
94,49195
95,49196
95,49275
383,49370
288,49465
287,49526
199,49534
139,49574
383,49637
466,49660
137,49942
94,50023
474,50081
139,50090
121,50151
488,50161
364,50185
487,50239
139,50241
487,50284
223,50354
463,50374
287,50429
364,50435
104,50522
247,50555
477,50573
199,50609
281,50630
282,50631
364,50649
121,50663
437,50672
219,50681
72,50727
137,50741
199,50857
493,50871
494,50872
137,50917
364,50998
477,51062
120,51097
137,51102
235,51154
410,51211
475,51323
235,51380
412,51390
73,51415
246,51496
234,51514
235,51515
412,51591
510,51671
511,51672
247,51683
463,51740
136,51810
254,51889
412,51939
171,51958
465,51980
433,51987
220,51991
383,52086
128,52096
223,52229
413,52419
364,52429
333,52506
334,52507
413,52614
414,52615
94,52628
231,52661
486,52684
364,52714
476,52718
223,52773
287,52798
137,52831
138,52832
477,52875
139,52896
510,52937
511,52938
413,52979
364,53038
144,53171
145,53172
456,53172
146,53173
137,53217
138,53218
333,53264
334,53265
129,53266
159,53397
246,53479
137,53628
466,53661
488,53663
410,53668
127,53846
120,53881
73,53915
414,53916
511,53930
144,53978
286,54018
94,54127
73,54141
250,54160
223,54389
224,54390
231,54393
136,54536
414,54559
136,54588
287,54625
287,54748
220,54797
221,54798
139,54799
285,54802
136,54806
220,54864
489,54866
121,54896
122,54897
425,54958
129,55012
246,55030
142,55107
143,55108
144,55109
145,55110
456,55110
412,55128
147,55133
357,55175
357,55228
135,55309
136,55310
364,55373
511,55509
382,55523
104,55612
290,55620
434,55793
286,55812
246,55870
67,55889
246,55939
249,55970
250,55971
223,56018
413,56024
466,56078
306,56100
286,56149
287,56150
364,56257
136,56417
137,56418
72,56427
128,56430
383,56433
224,56456
286,56509
287,56510
287,56547
287,56627
293,56702
384,56854
144,56867
293,56946
412,56985
199,57113
477,57126
306,57129
282,57132
136,57240
223,57352
412,57397
281,57429
282,57430
257,57442
232,57475
467,57477
287,57577
292,57659
137,57735
477,57754
137,57795
138,57796
139,57797
425,57819
122,57825
290,57918
358,57971
410,58006
139,58088
137,58113
94,58302
433,58348
474,58456
412,58485
104,58501
286,58581
289,58619
139,58631
246,58672
424,58702
511,58755
290,58844
231,58923
232,58924
136,58934
121,58955
285,58969
286,58970
293,59262
287,59348
246,59368
477,59387
105,59412
287,59492
141,59515
141,59601
223,59626
292,59629
293,59630
333,59699
334,59700
95,59760
287,59763
