163,52
163,77
459,84
514,88
175,127
338,355
383,371
362,372
430,482
431,483
517,510
121,511
264,513
173,523
334,561
492,605
173,653
507,732
120,765
333,785
381,796
382,797
264,814
459,833
460,834
282,975
419,989
423,1003
385,1035
405,1062
383,1066
498,1175
299,1227
300,1228
267,1229
335,1240
336,1241
337,1242
459,1292
438,1333
518,1354
383,1391
163,1430
406,1516
299,1518
120,1572
518,1573
143,1677
406,1713
360,1839
156,1851
157,1852
120,1887
406,1971
407,1972
264,2049
120,2073
518,2074
424,2152
477,2162
383,2201
384,2202
368,2219
384,2235
385,2236
386,2237
385,2251
386,2252
382,2269
383,2270
383,2280
456,2285
336,2348
337,2349
337,2379
272,2382
423,2439
424,2440
425,2441
361,2474
384,2475
385,2476
139,2486
270,2494
271,2495
383,2510
120,2513
382,2523
250,2579
498,2594
99,2640
181,2651
334,2681
253,2739
361,2772
299,2774
382,2826
383,2827
362,2828
383,2861
517,2880
459,2884
460,2885
232,2906
156,2923
385,3006
491,3007
477,3080
478,3081
368,3169
498,3196
250,3221
460,3237
451,3243
368,3286
456,3320
361,3332
438,3429
427,3441
428,3442
383,3468
517,3609
517,3624
362,3658
453,3669
338,3685
173,3713
361,3843
362,3844
157,3867
354,3876
382,3888
516,3965
517,3966
181,4102
253,4125
120,4128
518,4129
382,4138
383,4140
481,4249
482,4250
338,4256
438,4267
382,4281
127,4324
382,4390
383,4391
402,4401
467,4420
382,4498
308,4512
335,4516
492,4539
174,4601
272,4757
382,4850
253,4854
299,4862
406,4899
334,4902
382,4951
383,4952
451,4955
478,5040
431,5058
120,5070
120,5145
381,5149
337,5193
250,5280
477,5327
360,5368
253,5439
120,5442
361,5498
362,5499
273,5507
334,5510
250,5561
121,5563
264,5565
265,5566
264,5587
181,5602
456,5609
383,5662
174,5745
492,5755
232,5792
157,5825
431,5853
181,5869
120,5919
518,5920
360,5932
361,5933
384,5934
175,5953
181,5965
492,5993
138,6022
367,6091
368,6092
253,6156
181,6202
517,6240
299,6338
384,6347
383,6365
362,6366
363,6367
474,6397
361,6410
181,6436
359,6477
174,6570
423,6587
385,6597
386,6681
473,6770
174,6793
458,6797
175,6907
381,6915
361,6916
149,6924
438,7054
262,7152
334,7341
264,7353
175,7365
299,7408
264,7450
265,7451
517,7458
517,7495
361,7520
384,7521
385,7522
491,7523
299,7527
120,7548
264,7564
405,7578
383,7581
293,7582
174,7605
175,7606
384,7612
385,7613
386,7614
516,7616
299,7719
120,7740
361,7752
173,7784
174,7785
186,7840
517,7878
385,7946
264,7953
368,7960
120,7998
253,8004
334,8007
381,8013
173,8114
361,8127
389,8145
368,8165
368,8173
359,8177
120,8211
518,8212
385,8229
386,8230
264,8269
238,8370
157,8377
122,8387
419,8401
371,8403
517,8517
121,8518
264,8520
272,8573
175,8580
518,8659
143,8684
334,8700
426,8775
427,8776
428,8777
334,8784
382,8842
383,8843
362,8844
232,8982
154,9011
155,9012
156,9013
299,9015
428,9045
264,9121
265,9122
334,9185
155,9204
173,9242
174,9243
334,9264
335,9265
336,9266
337,9267
368,9367
173,9407
459,9418
460,9419
174,9567
518,9580
492,9640
282,9687
429,9723
299,9848
405,9876
406,9877
406,9904
102,9935
492,9984
174,10080
381,10090
406,10106
308,10209
405,10230
406,10231
456,10268
338,10276
385,10301
458,10303
427,10329
428,10330
492,10388
120,10391
121,10392
122,10393
174,10419
149,10446
120,10491
406,10506
308,10509
388,10517
384,10547
173,10631
405,10692
435,10729
459,10747
308,10764
517,10788
518,10789
361,10858
384,10859
335,10873
363,10880
120,10935
518,10936
120,10956
360,10991
438,11006
470,11045
253,11240
431,11262
516,11306
517,11307
121,11308
120,11330
334,11370
335,11371
382,11379
383,11381
478,11422
264,11541
265,11542
516,11546
517,11547
120,11554
121,11555
492,11590
262,11671
477,11717
478,11718
338,11738
339,11739
406,11766
407,11767
120,11799
385,11919
498,11938
361,12059
338,12099
477,12101
478,12102
108,12108
264,12151
380,12157
361,12205
362,12206
299,12215
460,12218
404,12257
382,12324
431,12381
438,12424
438,12474
300,12511
267,12512
334,12516
456,12587
335,12604
264,12642
139,12672
468,12674
122,12766
382,12790
405,12838
361,12937
263,12943
173,13022
174,13023
385,13106
386,13140
516,13142
120,13151
174,13173
491,13176
120,13237
388,13384
389,13385
264,13396
385,13437
181,13610
478,13745
174,13883
335,13921
273,13976
444,13978
157,14067
505,14069
335,14083
473,14174
402,14201
516,14203
517,14204
518,14205
341,14307
374,14323
385,14326
386,14327
516,14329
517,14330
431,14342
431,14415
451,14425
467,14489
120,14492
361,14544
384,14545
406,14603
232,14699
388,14706
369,14787
308,14792
334,14888
405,14961
341,15003
173,15109
175,15200
516,15237
384,15329
308,15331
370,15366
120,15369
459,15373
406,15396
323,15398
299,15410
491,15423
459,15442
460,15443
142,15485
427,15539
428,15540
334,15569
388,15592
262,15616
263,15617
120,15644
518,15645
232,15656
358,15753
359,15754
157,15756
174,15760
467,15783
468,15784
264,15815
517,15831
174,15886
253,15905
308,15911
265,15913
334,15989
262,16019
406,16028
390,16074
516,16131
517,16132
121,16133
357,16173
358,16174
359,16175
338,16183
265,16206
121,16236
423,16242
424,16243
335,16281
121,16309
467,16314
232,16419
382,16429
517,16523
517,16538
264,16677
361,16699
362,16700
361,16716
384,16717
308,16769
382,16819
262,16830
253,16850
518,16857
381,16867
517,16892
253,16898
254,16899
384,16976
368,16993
467,17033
468,17034
385,17035
338,17074
339,17075
142,17076
143,17077
174,17090
186,17115
518,17172
406,17213
384,17228
308,17230
388,17296
389,17297
467,17312
380,17335
308,17375
120,17387
492,17393
492,17442
492,17503
384,17573
492,17640
120,17666
333,17715
99,17800
250,17827
518,17829
264,17898
262,17974
263,17975
406,17996
360,18016
361,18017
299,18019
460,18022
232,18028
233,18029
235,18097
120,18119
518,18120
264,18148
517,18152
518,18153
385,18223
438,18237
382,18311
250,18334
120,18377
518,18408
338,18438
492,18443
339,18463
340,18464
341,18465
264,18491
265,18492
362,18513
482,18605
483,18606
127,18721
456,18766
405,18774
402,18836
120,18902
518,18903
491,18931
253,18935
181,18965
368,18972
438,18980
498,19015
361,19128
334,19172
406,19206
362,19247
438,19272
334,19280
380,19391
406,19408
406,19424
308,19427
265,19429
505,19540
338,19615
477,19617
478,19618
517,19640
121,19641
363,19663
381,19677
120,19727
518,19728
384,19738
372,19803
373,19804
492,19913
272,19955
334,19988
361,20021
405,20105
175,20117
492,20144
120,20168
383,20245
384,20246
323,20261
128,20422
129,20423
360,20592
272,20633
233,20695
361,20710
181,20722
299,20726
300,20727
308,20741
253,20747
334,20750
388,20804
438,20917
232,20960
483,20975
143,21027
517,21068
181,21078
382,21093
310,21123
272,21172
460,21226
380,21244
148,21270
175,21272
405,21310
406,21311
264,21318
467,21332
468,21333
263,21406
121,21429
264,21431
139,21450
175,21497
174,21527
491,21597
492,21598
492,21625
426,21738
517,21741
306,21774
382,21846
383,21847
384,21848
262,21885
447,21899
517,21933
518,21934
130,21994
431,22013
432,22014
338,22030
477,22032
478,22033
358,22125
359,22126
360,22127
382,22128
481,22192
253,22200
338,22211
336,22237
337,22238
232,22277
173,22337
335,22339
265,22355
368,22369
358,22448
359,22449
299,22458
384,22515
469,22516
254,22648
120,22693
121,22694
483,22749
263,22757
264,22758
175,22761
350,22763
253,22770
384,22776
385,22777
491,22778
382,22929
383,22930
384,22931
382,22955
383,22956
264,22996
120,23004
148,23015
426,23050
427,23051
120,23064
334,23090
368,23120
157,23144
149,23151
498,23156
156,23218
338,23257
482,23304
354,23307
492,23343
120,23346
120,23400
383,23414
384,23415
388,23522
299,23541
300,23542
460,23618
282,23673
120,23721
360,23731
492,23741
156,23800
174,23842
175,23843
373,23845
250,23870
492,23936
148,23957
149,23958
382,24000
383,24001
253,24084
299,24086
445,24087
478,24120
121,24189
122,24190
237,24380
381,24520
467,24533
468,24534
175,24590
175,24594
350,24596
299,24651
264,24705
385,24720
264,24757
129,24782
264,24886
388,24922
120,24939
121,24940
264,24942
361,24950
384,24951
385,24952
386,24953
478,24967
155,24987
156,24988
323,24990
357,25001
358,25002
359,25003
360,25004
382,25005
120,25047
518,25048
361,25103
384,25104
386,25253
429,25271
241,25288
358,25290
359,25291
360,25292
518,25298
492,25346
382,25357
468,25364
129,25411
174,25414
175,25415
337,25442
430,25517
431,25518
163,25571
460,25596
361,25613
518,25640
423,25694
232,25745
383,25782
262,25807
263,25808
148,25840
492,25885
386,25888
253,25904
406,25916
375,25966
340,25968
516,25987
517,25988
492,26040
491,26043
174,26057
120,26060
516,26068
517,26069
388,26116
125,26203
264,26240
265,26241
125,26287
333,26310
334,26311
228,26370
156,26387
149,26508
426,26514
483,26524
175,26662
350,26664
351,26665
121,26686
264,26688
262,26701
337,26752
424,26772
423,26784
299,26789
122,26808
359,26860
368,26878
369,26879
517,26968
121,26969
380,27081
460,27124
369,27155
383,27235
175,27245
175,27305
492,27348
405,27370
142,27373
306,27374
254,27378
361,27453
517,27458
382,27662
232,27675
181,27743
405,27748
148,27815
386,27819
362,27945
335,28023
175,28060
156,28064
385,28066
308,28123
309,28124
174,28149
175,28150
126,28228
119,28233
120,28234
518,28235
483,28332
425,28340
270,28359
271,28360
107,28483
469,28505
470,28506
374,28516
385,28519
333,28553
334,28554
157,28576
505,28578
469,28583
334,28591
335,28639
228,28734
271,28794
360,28877
382,28878
253,28914
174,28974
423,29039
382,29120
338,29128
339,29129
142,29130
306,29131
461,29171
381,29215
361,29216
383,29237
338,29250
377,29252
418,29252
419,29253
467,29281
406,29315
154,29326
423,29369
405,29425
431,29469
406,29639
367,29651
360,29697
382,29698
381,29740
299,29753
382,29774
423,29795
382,29858
142,29967
517,30106
367,30145
368,30146
361,30195
362,30196
478,30268
385,30285
361,30350
423,30388
424,30389
482,30391
383,30441
238,30472
262,30489
385,30535
481,30548
492,30569
468,30610
385,30611
437,30657
516,30716
517,30717
381,30755
380,30779
478,30796
377,30973
418,30973
378,30974
382,30982
423,30985
517,31032
518,31033
382,31045
282,31073
357,31112
358,31113
359,31114
427,31131
382,31165
383,31167
384,31168
469,31169
466,31191
504,31253
427,31274
428,31275
492,31301
175,31308
382,31330
517,31354
451,31361
452,31362
438,31448
381,31490
299,31589
308,31648
299,31689
156,31696
492,31735
361,31788
120,31827
336,31859
337,31860
356,31949
451,31955
452,31956
175,31979
181,32000
299,32064
120,32077
323,32111
383,32117
293,32118
478,32154
337,32161
467,32221
468,32222
385,32223
491,32224
406,32238
385,32240
491,32241
120,32377
148,32489
308,32493
157,32539
175,32551
238,32699
155,32708
156,32709
157,32710
149,32738
263,32742
264,32743
253,32762
262,32783
474,32796
406,32814
334,32817
306,32849
110,32859
483,32867
174,32890
361,32926
120,32929
173,33000
427,33114
468,33171
385,33172
358,33229
359,33230
360,33231
368,33250
498,33323
361,33380
173,33465
174,33466
385,33623
431,33652
456,33733
368,33735
492,33741
492,33754
491,33757
483,33759
173,33772
174,33773
361,33791
358,33870
359,33871
175,33910
310,33938
175,33954
181,33972
378,34008
478,34054
361,34070
362,34071
181,34097
382,34100
357,34106
358,34107
424,34111
250,34143
383,34192
362,34193
381,34216
181,34284
382,34287
383,34288
423,34295
424,34296
382,34337
473,34348
458,34384
264,34420
265,34421
236,34533
237,34534
386,34547
461,34603
338,34640
339,34641
340,34642
113,34653
354,34654
385,34689
491,34690
338,34731
339,34732
142,34733
253,34758
188,34786
516,34834
517,34835
518,34836
128,34847
129,34848
517,34883
516,34925
517,34926
492,34936
299,34977
271,35006
272,35007
338,35034
402,35047
323,35172
175,35202
157,35214
381,35237
361,35238
267,35248
232,35282
323,35334
181,35425
156,35431
385,35462
272,35496
426,35513
373,35521
263,35556
264,35557
383,35591
383,35618
299,35620
300,35621
490,35624
491,35625
122,35770
282,35801
363,35813
174,35820
491,35861
456,35922
458,35956
131,36066
363,36166
102,36178
382,36199
383,36202
155,36211
156,36212
157,36213
405,36245
388,36250
456,36279
273,36316
371,36317
360,36349
361,36350
339,36379
361,36428
120,36444
335,36475
374,36545
492,36581
384,36620
374,36642
181,36700
368,36731
175,36779
368,36791
482,36857
368,36905
461,36947
163,36956
174,36963
334,36966
163,37046
338,37070
339,37071
340,37072
481,37084
381,37128
361,37129
384,37130
405,37142
382,37253
498,37275
477,37296
478,37297
368,37332
382,37355
181,37416
406,37515
478,37522
423,37528
142,37594
306,37595
384,37685
357,37702
358,37703
181,37717
453,37719
454,37720
323,37838
334,37916
121,37944
492,37955
338,37995
338,38028
181,38068
406,38080
232,38117
361,38149
383,38166
491,38172
483,38174
438,38181
498,38249
518,38287
361,38326
163,38332
156,38433
492,38523
127,38551
381,38584
361,38585
306,38769
157,39066
323,39106
264,39146
461,39174
163,39279
406,39286
121,39341
456,39484
456,39514
155,39596
156,39597
175,39651
438,39725
156,39826
334,39829
374,39958
467,40018
517,40039
518,40040
120,40095
362,40187
467,40222
468,40223
517,40266
381,40279
361,40280
369,40335
370,40336
120,40339
121,40340
334,40363
173,40476
139,40560
323,40579
299,40645
459,40649
381,40737
333,40774
517,40823
492,40866
460,40920
102,40955
163,40989
438,40995
272,41104
130,41167
406,41182
262,41270
263,41271
382,41292
383,41293
334,41311
335,41312
467,41450
468,41451
385,41452
491,41453
389,41519
380,41537
253,41541
516,41549
517,41550
334,41573
299,41604
467,41613
388,41639
368,41643
478,41660
479,41661
480,41662
481,41663
481,41669
368,41676
361,41743
130,41782
174,41868
361,41903
492,41916
267,41958
478,41972
482,41975
483,41976
337,42028
338,42055
459,42093
460,42094
461,42095
253,42126
262,42172
263,42173
264,42174
265,42175
368,42228
108,42249
377,42256
418,42256
378,42257
388,42260
156,42296
323,42298
174,42316
333,42342
334,42343
491,42355
338,42361
459,42428
460,42429
461,42430
99,42447
517,42514
235,42549
299,42729
368,42750
120,42802
121,42803
428,42814
492,42816
334,42819
459,42840
149,42910
263,42914
498,43002
492,43017
334,43042
120,43194
121,43195
122,43196
402,43231
385,43252
491,43253
492,43254
368,43272
405,43332
188,43359
157,43384
120,43456
518,43457
461,43564
381,43625
361,43626
120,43629
388,43667
373,43742
456,43792
354,43852
363,43860
516,43915
517,43916
469,43961
423,44008
127,44134
128,44135
129,44136
388,44147
516,44188
517,44189
121,44190
459,44306
272,44409
406,44455
517,44478
121,44479
426,44513
427,44514
381,44526
516,44561
517,44562
492,44661
482,44741
483,44742
498,44888
336,44982
337,44983
361,45044
148,45051
236,45092
237,45093
157,45099
361,45107
362,45108
478,45137
405,45202
271,45213
338,45229
367,45233
368,45234
406,45247
334,45250
423,45273
308,45296
265,45298
334,45323
498,45330
377,45400
418,45400
273,45419
371,45420
174,45434
138,45456
388,45483
469,45490
361,45539
467,45581
468,45582
385,45583
491,45584
492,45585
174,45618
358,45622
482,45726
385,45736
384,45788
385,45789
163,45870
458,45915
405,45924
406,45925
147,45935
174,45947
381,45982
361,45983
361,46061
282,46071
467,46097
468,46098
517,46118
368,46146
175,46165
385,46171
386,46172
175,46206
380,46378
338,46458
467,46504
130,46508
431,46528
460,46540
354,46579
109,46600
110,46601
492,46631
174,46657
175,46658
406,46687
282,46706
237,46718
238,46719
181,46732
385,46749
459,46792
460,46793
460,46796
388,46882
498,46911
406,46922
358,46946
359,46947
340,46950
139,46965
431,46980
516,47017
517,47018
384,47135
385,47136
250,47150
385,47184
386,47185
148,47194
149,47195
174,47253
517,47274
517,47303
335,47314
121,47341
377,47366
418,47366
517,47396
518,47397
139,47564
426,47576
238,47664
129,47743
264,47757
492,47822
334,47825
262,47832
361,47843
361,47919
299,47933
368,47996
517,48014
482,48017
478,48020
383,48051
361,48116
384,48117
299,48212
181,48231
368,48248
264,48291
155,48303
156,48304
361,48314
339,48322
142,48323
306,48324
423,48333
380,48386
382,48632
383,48633
385,48778
458,48780
492,48793
334,48796
334,48936
147,48943
181,48989
388,49003
516,49019
517,49020
385,49086
273,49138
371,49139
498,49241
334,49248
368,49304
384,49349
206,49377
334,49383
264,49394
426,49514
461,49539
361,49552
384,49553
308,49555
323,49560
175,49589
388,49626
389,49627
232,49712
383,49725
253,49766
383,49938
262,49963
271,50027
361,50080
181,50125
406,50209
407,50210
206,50229
460,50303
517,50364
102,50377
406,50400
334,50439
335,50440
229,50467
230,50468
179,50555
357,50629
358,50630
359,50631
337,50635
120,50639
382,50645
383,50646
385,50776
368,50786
385,50817
491,50818
492,50819
478,50834
479,50835
334,50841
120,50855
467,50880
361,50887
157,50897
385,51135
491,51136
120,51165
406,51204
175,51216
492,51232
402,51306
388,51308
282,51338
456,51369
517,51413
157,51476
381,51482
232,51500
492,51539
179,51683
481,51709
482,51710
388,51748
335,51829
120,51944
361,51988
390,51992
363,52032
173,52080
174,52081
491,52084
492,52085
492,52098
405,52119
406,52120
362,52165
174,52174
175,52175
458,52193
127,52271
299,52384
175,52431
384,52454
427,52506
428,52507
323,52770
423,52814
374,52843
478,52862
175,52889
406,52959
174,53001
458,53005
175,53036
232,53093
181,53104
175,53117
406,53196
334,53199
384,53231
385,53232
386,53233
163,53255
459,53262
427,53264
428,53265
368,53267
338,53394
385,53424
380,53466
382,53605
467,53650
468,53651
270,53657
367,53705
368,53706
385,53757
431,53776
384,53825
385,53826
386,53827
386,53845
264,53907
438,53910
174,54043
492,54053
406,54071
407,54072
351,54089
380,54104
406,54148
459,54157
299,54218
385,54318
517,54325
121,54326
406,54334
380,54458
120,54492
300,54581
405,54657
406,54672
380,54702
308,54706
431,54751
350,54754
250,54759
517,54809
121,54820
181,54858
361,54861
253,54884
337,54904
306,54994
491,54996
406,55017
361,55064
142,55134
143,55135
517,55176
264,55197
517,55229
518,55230
335,55260
361,55457
405,55463
406,55464
334,55467
362,55473
481,55547
386,55567
492,55607
334,55610
369,55644
361,55730
459,55789
338,55810
264,55818
368,55829
456,55869
368,55925
369,55926
456,55938
99,56003
460,56009
361,56056
362,56057
375,56064
407,56104
254,56120
473,56307
492,56432
335,56485
491,56505
383,56642
374,56651
492,56671
483,56702
129,56728
181,56767
380,56784
334,56821
481,56858
334,56862
335,56863
334,56871
438,56884
483,56946
264,57029
299,57095
359,57132
388,57151
389,57152
405,57207
438,57244
383,57297
424,57354
261,57396
357,57428
358,57429
359,57430
478,57440
384,57464
385,57465
361,57504
381,57580
361,57581
482,57665
120,57692
381,57709
374,57768
156,57774
492,57804
120,57831
518,57832
467,57930
492,57948
354,58024
355,58025
138,58055
271,58091
350,58129
351,58130
120,58157
518,58158
507,58183
438,58235
439,58236
121,58248
122,58249
123,58250
361,58349
264,58373
155,58410
156,58411
385,58413
406,58469
406,58517
163,58532
308,58697
382,58711
139,58748
149,58766
228,58783
272,58805
469,58878
498,58881
456,58887
382,58946
299,58990
262,59116
156,59252
483,59262
120,59404
518,59405
381,59436
361,59437
338,59520
423,59564
406,59569
299,59571
229,59589
483,59630
175,59658
308,59671
333,59680
427,59699
428,59700
163,59744
498,59765
