135,19
290,69
172,130
297,171
321,188
258,266
269,266
138,289
160,303
268,368
268,369
268,370
449,393
99,425
152,458
196,469
201,477
202,478
203,479
204,480
485,489
130,512
204,545
486,547
73,561
295,576
454,609
273,645
274,646
275,647
276,648
478,648
259,650
132,722
266,796
267,797
268,798
258,799
269,799
152,835
106,855
516,856
175,907
396,925
268,937
268,938
454,958
133,969
321,976
134,1009
278,1029
216,1058
428,1058
268,1065
480,1067
99,1121
531,1131
227,1167
228,1168
282,1192
133,1223
480,1226
514,1254
306,1269
246,1275
276,1301
478,1301
154,1368
175,1371
390,1441
369,1460
129,1576
258,1581
269,1581
172,1599
449,1640
450,1641
451,1642
171,1667
172,1668
259,1727
292,1753
128,1767
106,1770
313,1821
486,1830
312,1946
313,1947
520,2050
135,2068
369,2069
131,2122
268,2200
321,2227
396,2239
267,2269
278,2271
268,2278
268,2279
307,2292
308,2293
309,2294
486,2346
487,2347
516,2370
354,2403
161,2442
277,2474
479,2474
268,2489
268,2490
268,2491
268,2492
268,2493
244,2519
267,2523
155,2529
106,2583
448,2617
476,2634
477,2635
88,2648
81,2672
73,2681
277,2772
479,2772
480,2773
354,2803
172,2820
407,2822
276,2825
478,2825
267,2826
162,2886
515,2888
502,2900
289,2903
290,2904
486,2915
282,2956
518,2963
519,2964
520,2965
282,2989
134,3103
518,3105
519,3106
427,3167
453,3253
521,3257
128,3276
106,3279
107,3280
277,3332
479,3332
480,3333
155,3396
306,3432
268,3465
268,3466
268,3467
106,3516
499,3530
134,3558
135,3559
369,3560
369,3635
203,3643
204,3644
216,3645
428,3645
131,3664
389,3667
487,3724
308,3741
309,3742
60,3786
270,3836
277,3843
479,3843
388,3846
530,3849
315,3854
274,3883
267,3888
95,3894
98,3973
99,3974
139,4014
172,4038
407,4040
513,4042
514,4043
134,4122
267,4138
268,4139
512,4199
530,4205
138,4212
267,4281
258,4282
269,4282
407,4346
276,4349
478,4349
276,4357
478,4357
267,4390
172,4424
246,4449
246,4491
267,4498
268,4499
462,4548
508,4644
518,4653
281,4767
274,4795
275,4796
334,4810
518,4832
267,4850
73,4902
370,4905
107,4906
99,4907
138,4947
267,4951
480,4953
315,5006
160,5047
272,5080
132,5099
460,5126
106,5148
266,5149
106,5157
516,5158
134,5190
270,5230
172,5244
515,5270
106,5324
107,5325
370,5376
508,5379
520,5414
134,5427
135,5428
369,5429
97,5447
486,5478
75,5480
276,5497
478,5497
277,5498
479,5498
200,5506
73,5510
448,5531
130,5564
74,5594
129,5674
130,5675
485,5697
486,5698
487,5699
488,5700
519,5701
277,5933
479,5933
165,6093
425,6093
274,6103
275,6104
128,6215
246,6261
155,6295
197,6308
198,6309
268,6364
277,6410
479,6410
480,6411
88,6433
106,6447
107,6469
99,6470
129,6484
130,6485
313,6520
161,6531
321,6553
131,6556
460,6590
282,6595
283,6596
480,6606
278,6828
480,6874
227,6889
228,6890
258,6896
269,6896
106,6914
266,6915
277,6916
479,6916
74,7027
75,7028
156,7133
309,7150
309,7168
480,7238
308,7256
73,7341
152,7395
480,7407
277,7520
479,7520
280,7608
281,7609
98,7672
277,7752
479,7752
480,7753
131,7798
132,7799
274,7858
253,7868
172,7875
73,8007
266,8013
172,8046
259,8111
276,8126
478,8126
277,8127
479,8127
480,8128
317,8189
274,8206
275,8207
106,8217
452,8238
99,8252
520,8270
390,8303
486,8325
487,8326
321,8329
172,8358
516,8366
129,8386
228,8424
229,8425
315,8507
130,8519
369,8546
283,8553
106,8570
196,8639
73,8700
282,8730
72,8783
73,8784
252,8811
267,8842
449,8989
150,9004
351,9004
334,9037
486,9047
129,9059
130,9060
321,9091
131,9094
132,9095
130,9120
204,9146
480,9183
73,9185
259,9239
73,9264
204,9365
486,9375
487,9376
243,9400
251,9439
252,9440
253,9441
131,9453
132,9454
133,9455
247,9480
204,9638
74,9684
321,9688
508,9792
306,9812
273,9819
313,9902
508,9945
321,9949
166,9981
426,9981
427,9982
480,10051
106,10089
266,10090
313,10104
132,10211
283,10300
95,10311
204,10367
290,10380
172,10473
131,10594
172,10656
135,10700
172,10731
276,10857
478,10857
277,10858
479,10858
488,10874
132,10876
133,10877
282,10878
135,10897
369,10898
134,10918
129,10939
388,10976
119,11054
389,11083
227,11282
228,11283
229,11284
230,11285
130,11309
131,11310
491,11351
73,11370
267,11379
268,11380
480,11382
131,11394
132,11395
133,11396
282,11397
245,11447
135,11497
462,11508
151,11522
152,11523
106,11550
427,11588
211,11647
119,11659
134,11730
120,11780
128,11792
129,11793
136,11824
176,11937
274,11965
275,11966
277,12059
479,12059
164,12077
454,12154
383,12196
277,12205
479,12205
106,12212
315,12259
462,12273
192,12303
267,12324
258,12325
269,12325
383,12332
448,12456
227,12477
73,12516
292,12541
268,12550
265,12572
283,12582
278,12600
488,12605
74,12622
75,12623
486,12660
313,12678
133,12712
282,12713
267,12790
268,12791
315,12844
316,12845
317,12846
274,12922
277,12937
479,12937
337,12967
338,12968
518,12980
519,12981
485,13046
486,13047
204,13050
216,13051
428,13051
395,13058
512,13112
270,13199
274,13279
466,13363
520,13397
518,13474
152,13484
135,13559
136,13560
128,13593
380,13605
74,13626
382,13654
120,13676
132,13681
74,13691
75,13692
74,13698
75,13699
175,13715
160,13716
309,13738
193,13765
407,13806
513,13808
514,13809
297,13819
128,13887
488,13922
369,13972
200,13975
306,13993
477,14026
280,14055
281,14056
282,14057
165,14079
425,14079
488,14084
135,14118
369,14119
508,14184
282,14349
499,14519
276,14543
478,14543
277,14544
479,14544
334,14586
486,14626
333,14735
106,14741
440,14802
120,14817
453,14834
521,14838
106,14855
107,14856
99,14857
73,14888
172,14900
337,14925
338,14926
317,14986
216,14988
428,14988
131,14997
197,15028
198,15029
199,15030
281,15163
407,15171
259,15187
280,15202
448,15234
315,15281
271,15308
520,15333
279,15398
282,15408
227,15533
73,15569
74,15600
75,15601
290,15613
131,15618
132,15619
133,15620
282,15621
290,15654
274,15773
275,15774
309,15791
274,15855
133,15866
120,15878
133,15900
133,15985
282,15986
73,15989
454,16005
200,16006
395,16050
431,16105
202,16143
167,16172
131,16197
132,16198
133,16199
466,16221
265,16230
154,16244
321,16284
245,16296
246,16297
130,16310
282,16406
186,16409
187,16410
267,16429
518,16432
519,16433
187,16567
477,16637
431,16649
276,16657
478,16657
129,16683
277,16699
479,16699
277,16716
479,16716
245,16749
246,16750
476,16764
477,16765
267,16819
268,16820
266,16867
204,17279
253,17320
155,17345
106,17383
485,17441
129,17462
486,17498
204,17501
131,17516
389,17519
128,17576
515,17587
274,17625
438,17880
520,17899
133,17909
315,17982
75,17990
277,18017
479,18017
480,18018
162,18023
389,18039
422,18097
282,18221
283,18222
172,18233
267,18311
259,18331
486,18344
75,18346
338,18382
81,18418
85,18424
74,18469
274,18527
275,18528
155,18584
228,18658
135,18786
228,18871
306,18893
486,18932
172,18950
153,18958
306,18983
331,19016
201,19027
277,19128
479,19128
278,19129
282,19169
73,19172
73,19280
156,19294
306,19343
74,19347
75,19468
369,19474
487,19476
134,19503
134,19509
166,19611
426,19611
130,19642
382,19651
369,19675
370,19676
266,19677
172,19697
274,19715
383,19717
272,19750
486,19810
135,19842
129,19851
160,19893
381,19941
73,19988
277,20021
479,20021
313,20046
369,20053
172,20102
280,20119
281,20120
268,20123
258,20124
269,20124
270,20125
317,20141
175,20173
278,20260
279,20261
134,20274
454,20283
512,20377
106,20405
282,20459
396,20499
129,20523
87,20589
487,20611
488,20612
283,20647
162,20668
163,20669
276,20709
478,20709
277,20710
479,20710
283,20739
73,20750
274,20766
282,20780
99,20851
487,20865
274,20880
275,20881
276,20882
478,20882
516,20927
321,20936
317,20944
172,20954
317,20977
216,20979
428,20979
150,21012
351,21012
151,21013
274,21090
275,21091
276,21092
478,21092
267,21093
274,21161
275,21162
201,21173
202,21174
307,21175
162,21227
161,21290
268,21348
258,21349
269,21349
270,21350
486,21361
309,21381
133,21394
282,21395
130,21430
517,21486
95,21500
96,21501
72,21659
204,21705
216,21706
428,21706
160,21737
438,21841
276,21845
478,21845
267,21846
317,21890
515,21951
520,21965
274,21997
274,22006
383,22008
317,22026
318,22027
74,22051
162,22076
131,22086
133,22105
480,22108
267,22128
74,22189
75,22190
487,22236
499,22290
99,22296
427,22367
338,22371
407,22397
408,22398
389,22399
282,22416
414,22497
166,22502
426,22502
129,22537
370,22575
107,22576
130,22695
480,22701
265,22847
317,22883
267,22929
138,22951
267,22955
480,22957
251,22994
520,22997
128,23020
160,23049
480,23085
73,23090
331,23157
332,23158
166,23184
426,23184
427,23185
216,23186
428,23186
161,23253
129,23263
265,23435
454,23518
282,23539
516,23562
517,23563
518,23564
451,23579
452,23580
162,23603
526,23611
253,23637
321,23674
86,23746
134,23766
317,23792
216,23794
428,23794
192,23807
165,23859
425,23859
274,23884
197,23925
198,23926
199,23927
267,24000
486,24081
274,24116
282,24156
514,24193
515,24194
516,24195
334,24208
516,24228
517,24229
454,24264
280,24284
281,24285
274,24317
275,24318
486,24334
460,24338
166,24400
426,24400
106,24519
266,24520
166,24559
426,24559
187,24580
120,24585
508,24600
477,24606
276,24607
478,24607
480,24650
99,24674
187,24751
229,24925
130,24941
520,24943
277,24950
479,24950
279,24990
280,24991
267,25005
268,25006
268,25007
225,25066
172,25074
202,25092
203,25093
277,25103
479,25103
517,25172
518,25173
519,25174
454,25177
487,25181
488,25182
267,25357
131,25388
131,25400
276,25404
478,25404
280,25417
281,25418
106,25432
517,25440
454,25522
513,25594
277,25613
479,25613
490,25749
491,25750
128,25845
454,25929
427,26012
119,26033
516,26045
283,26093
128,26096
106,26147
107,26148
99,26149
486,26173
75,26175
134,26229
172,26275
172,26282
407,26284
73,26311
307,26315
252,26319
334,26459
514,26522
317,26526
270,26644
130,26687
520,26689
521,26690
153,26692
321,26716
312,26729
313,26730
154,26773
155,26774
204,26852
164,27078
516,27082
466,27105
161,27121
162,27122
321,27175
282,27196
480,27236
280,27351
281,27352
282,27353
389,27392
308,27400
277,27453
479,27453
480,27454
251,27490
314,27500
150,27508
351,27508
352,27509
321,27585
297,27610
196,27648
452,27652
453,27653
267,27662
317,27666
161,27792
162,27793
132,27890
133,27891
462,27922
119,27966
120,27967
449,27970
488,28024
519,28025
204,28101
486,28103
74,28154
135,28175
369,28176
290,28208
477,28298
317,28334
216,28336
428,28336
152,28338
153,28339
161,28341
162,28342
172,28407
353,28472
515,28546
516,28547
73,28554
73,28591
259,28622
268,28677
258,28678
269,28678
259,28800
525,28833
526,28834
317,28847
276,28853
478,28853
204,28857
216,28858
428,28858
164,28869
267,28878
258,28879
269,28879
480,28896
162,28903
407,28907
321,28938
282,28945
229,28972
240,28991
227,29004
276,29013
478,29013
72,29099
267,29120
453,29145
201,29166
161,29170
250,29190
216,29195
428,29195
166,29201
426,29201
427,29202
216,29203
428,29203
266,29215
277,29216
479,29216
480,29217
197,29349
198,29350
199,29351
200,29352
74,29486
454,29502
200,29503
515,29551
134,29616
282,29643
499,29665
213,29675
267,29698
215,29727
266,29740
267,29774
268,29775
258,29776
269,29776
508,29778
460,29799
407,29846
408,29847
267,29858
258,29859
269,29859
270,29860
272,29865
534,29869
535,29869
536,29869
534,29870
535,29870
536,29870
534,29871
535,29871
536,29871
534,29872
535,29872
536,29872
534,29873
535,29873
536,29873
534,29874
535,29874
536,29874
534,29875
535,29875
536,29875
534,29876
535,29876
536,29876
534,29877
535,29877
536,29877
534,29878
535,29878
536,29878
534,29879
535,29879
536,29879
534,29880
535,29880
536,29880
534,29881
535,29881
536,29881
534,29882
535,29882
536,29882
534,29883
535,29883
536,29883
534,29884
535,29884
536,29884
534,29885
535,29885
536,29885
534,29886
535,29886
536,29886
534,29887
535,29887
536,29887
534,29888
535,29888
536,29888
534,29889
535,29889
536,29889
534,29890
535,29890
536,29890
534,29891
535,29891
536,29891
534,29892
535,29892
536,29892
534,29893
535,29893
536,29893
165,30147
425,30147
277,30195
479,30195
390,30226
200,30228
106,30282
268,30320
268,30321
277,30350
479,30350
162,30402
227,30416
203,30468
204,30469
283,30534
228,30650
530,30710
106,30754
266,30755
161,30799
161,30814
162,30815
268,30911
268,30912
106,30939
267,30982
258,30983
269,30983
151,31026
162,31027
267,31045
292,31066
129,31071
516,31085
203,31110
129,31152
267,31165
268,31166
160,31171
152,31180
369,31194
271,31202
516,31247
369,31269
280,31310
267,31330
268,31331
106,31357
369,31369
334,31445
106,31461
266,31490
451,31521
452,31522
74,31626
75,31627
258,31665
269,31665
259,31666
204,31733
517,31743
277,31788
479,31788
480,31789
249,31815
106,31830
516,31831
487,31858
276,31900
478,31900
130,31935
317,31948
172,32030
317,32038
106,32061
515,32067
273,32103
279,32111
280,32112
281,32113
268,32116
290,32131
228,32142
526,32177
486,32242
370,32278
516,32279
253,32283
136,32369
162,32371
515,32373
486,32470
132,32495
133,32496
317,32518
243,32570
191,32627
154,32634
480,32650
74,32664
75,32665
520,32744
273,32748
73,32817
248,32830
480,32910
277,32926
479,32926
297,32978
136,32996
486,33057
75,33059
197,33085
151,33104
274,33144
427,33248
89,33303
331,33324
204,33362
150,33376
351,33376
352,33377
277,33380
479,33380
491,33478
271,33482
532,33499
448,33524
134,33551
321,33581
176,33650
515,33671
119,33752
106,33763
516,33764
297,33782
480,33787
277,33791
479,33791
480,33792
520,33801
85,33804
229,33805
466,33811
317,33828
486,33840
480,33901
98,33917
99,33918
517,33935
518,33936
276,34069
478,34069
277,34070
479,34070
274,34086
275,34087
267,34100
258,34101
269,34101
515,34135
448,34157
315,34163
454,34179
268,34191
106,34215
266,34216
259,34233
276,34254
478,34254
267,34287
480,34289
267,34337
251,34359
520,34425
193,34431
448,34499
521,34513
424,34519
423,34533
513,34563
514,34564
245,34570
81,34586
316,34633
108,34652
161,34670
162,34671
163,34672
164,34673
106,34682
106,34702
172,34724
449,34750
282,34801
283,34802
448,34857
502,34912
515,35015
107,35016
99,35017
133,35068
268,35083
258,35084
269,35084
274,35114
275,35115
279,35172
128,35209
106,35212
313,35228
106,35236
266,35237
277,35238
479,35238
427,35271
216,35272
428,35272
279,35334
280,35335
281,35336
106,35395
107,35396
106,35437
161,35468
162,35469
201,35497
202,35498
520,35506
160,35512
520,35558
480,35619
136,35654
129,35769
427,35784
216,35785
428,35785
321,35802
213,35855
486,35862
176,35935
177,35936
178,35937
274,35963
106,36003
518,36098
513,36102
267,36199
268,36200
268,36201
278,36203
152,36282
200,36315
277,36350
479,36350
315,36354
245,36368
274,36407
275,36408
277,36428
479,36428
488,36476
519,36477
520,36478
128,36550
129,36551
477,36562
129,36573
99,36613
99,36690
317,36692
105,36856
280,36862
73,36966
74,36967
75,36968
192,36985
176,36994
250,37000
74,37081
75,37082
266,37128
277,37129
479,37129
133,37193
282,37194
289,37217
520,37243
267,37253
315,37266
316,37267
333,37269
315,37304
316,37305
267,37355
175,37466
268,37591
172,37610
321,37622
274,37819
279,37838
280,37839
281,37840
290,37851
73,37916
274,37923
275,37924
161,37930
162,37931
481,38053
307,38058
106,38091
82,38111
389,38112
290,38115
480,38126
277,38149
479,38149
278,38150
268,38165
480,38167
333,38177
334,38178
201,38237
395,38265
277,38326
479,38326
74,38384
268,38392
268,38393
268,38394
272,38412
273,38413
274,38414
275,38415
521,38428
193,38462
266,38584
277,38585
479,38585
274,38604
275,38605
212,38634
106,38818
156,38886
304,38993
106,38999
516,39000
517,39001
518,39002
519,39003
201,39014
202,39015
308,39087
279,39106
280,39107
130,39145
193,39148
282,39247
130,39342
131,39343
132,39344
133,39345
271,39376
272,39377
282,39434
513,39495
74,39503
75,39504
134,39520
276,39544
478,39544
128,39620
172,39682
187,39686
282,39721
73,39829
282,39892
283,39928
161,40005
152,40006
282,40033
192,40091
172,40101
266,40279
277,40280
479,40280
130,40341
164,40350
290,40355
73,40363
480,40422
431,40474
278,40578
279,40579
201,40598
515,40632
480,40644
227,40689
106,40736
266,40737
172,40749
407,40751
204,40879
216,40880
428,40880
85,40984
451,41035
452,41036
297,41128
499,41134
134,41145
198,41210
247,41217
226,41225
267,41292
73,41311
488,41313
132,41315
133,41316
81,41436
516,41538
73,41573
282,41602
135,41636
106,41664
516,41665
159,41713
213,41736
276,41742
478,41742
277,41743
479,41743
274,41823
275,41824
277,41903
479,41903
480,41904
105,41923
106,41924
106,41998
225,42004
292,42008
515,42016
517,42026
271,42031
272,42032
273,42033
274,42034
276,42069
478,42069
74,42103
292,42154
155,42168
98,42254
229,42263
230,42264
279,42298
280,42299
281,42300
334,42308
73,42343
499,42377
526,42392
521,42453
106,42517
516,42518
106,42528
516,42529
455,42540
422,42549
516,42562
499,42613
162,42628
369,42670
486,42708
135,42716
369,42717
480,42728
129,42772
480,42793
73,42819
172,42862
407,42864
315,42918
448,42940
73,43042
226,43085
106,43176
486,43185
283,43251
274,43297
131,43341
407,43357
106,43382
74,43445
75,43446
131,43449
480,43496
172,43525
515,43537
516,43538
460,43615
266,43625
277,43626
479,43626
131,43699
129,43704
130,43705
282,43760
274,43778
197,43833
198,43834
199,43835
282,43868
165,43903
425,43903
133,43934
200,43987
201,43988
273,44003
274,44004
275,44005
309,44022
281,44064
448,44074
270,44105
130,44191
282,44236
161,44256
272,44350
491,44448
369,44524
370,44525
266,44526
321,44587
227,44654
228,44655
229,44656
282,44676
407,44720
297,44824
228,44866
172,44898
166,44940
426,44940
427,44941
216,44942
428,44942
228,44961
487,44981
283,44985
292,45020
277,45044
479,45044
204,45055
423,45092
277,45107
479,45107
306,45114
283,45120
530,45143
82,45172
530,45175
526,45181
73,45250
131,45276
336,45303
81,45309
480,45321
73,45323
271,45413
272,45414
135,45477
369,45478
460,45493
277,45539
479,45539
172,45564
306,45577
187,45597
245,45647
132,45695
133,45696
476,45705
477,45706
486,45748
313,45784
527,45846
281,45891
187,45920
515,45981
266,45982
277,45983
479,45983
277,46061
479,46061
165,46147
425,46147
518,46302
489,46303
515,46310
200,46342
107,46379
99,46380
315,46472
162,46541
163,46542
164,46543
162,46547
466,46562
354,46577
518,46604
519,46605
253,46617
486,46625
448,46645
449,46646
227,46672
512,46682
89,46700
90,46701
106,46746
162,46752
162,46794
176,46910
331,46912
332,46913
333,46914
512,46955
193,47121
164,47129
369,47180
370,47181
488,47315
130,47342
490,47344
491,47345
98,47364
106,47402
516,47403
388,47435
530,47438
292,47441
512,47489
160,47534
204,47568
306,47582
203,47583
216,47597
428,47597
166,47615
426,47615
167,47616
250,47721
175,47731
190,47781
73,47825
212,47830
277,47843
479,47843
480,47844
74,47878
75,47879
276,47918
478,47918
277,47919
479,47919
74,48007
460,48010
480,48052
515,48063
516,48064
277,48116
479,48116
135,48128
136,48129
106,48137
276,48149
478,48149
270,48151
274,48170
130,48200
480,48211
131,48225
132,48226
274,48277
277,48314
479,48314
480,48315
270,48344
292,48361
466,48492
216,48561
428,48561
245,48578
246,48579
274,48619
267,48632
534,48723
535,48723
536,48723
534,48724
535,48724
536,48724
106,48742
516,48743
230,48750
283,48777
515,48782
73,48796
448,48861
449,48862
450,48863
517,48871
518,48872
489,48873
273,48891
172,48903
73,48936
308,48939
176,48976
520,49147
321,49171
502,49204
176,49240
73,49248
304,49280
466,49281
172,49340
73,49383
130,49393
106,49429
156,49456
157,49457
95,49481
480,49508
175,49512
160,49513
200,49530
201,49531
381,49549
276,49551
478,49551
277,49552
479,49552
279,49560
280,49561
282,49575
245,49653
315,49685
274,49907
275,49908
480,49939
274,50067
275,50068
277,50080
479,50080
270,50093
192,50110
128,50115
274,50134
275,50135
313,50207
282,50242
133,50260
202,50317
106,50431
73,50439
488,50441
88,50482
282,50541
429,50555
383,50603
517,50633
267,50645
278,50647
271,50660
89,50695
210,50765
211,50766
212,50767
213,50768
204,50784
198,50794
199,50795
73,50841
282,50852
276,50886
478,50886
277,50887
479,50887
145,50945
129,50962
130,50963
192,50974
151,51019
129,51051
265,51085
516,51086
407,51103
486,51137
133,51161
282,51162
228,51293
315,51325
307,51330
308,51331
133,51383
191,51408
172,51440
85,51463
86,51464
87,51465
266,51482
369,51511
186,51562
187,51563
74,51568
203,51578
204,51579
448,51585
449,51586
212,51589
271,51636
282,51645
307,51669
308,51670
316,51679
317,51680
216,51682
428,51682
429,51683
388,51741
389,51742
390,51743
448,51753
449,51799
450,51800
451,51801
452,51802
488,51830
489,51831
192,51862
172,51923
277,51988
479,51988
480,51989
439,52060
315,52313
282,52321
283,52322
448,52338
74,52492
388,52535
274,52552
274,52645
275,52646
276,52647
478,52647
517,52678
518,52679
486,52688
317,52722
513,52730
486,52745
279,52770
280,52771
106,52800
282,52805
172,52830
166,52881
426,52881
308,52936
243,52945
306,53096
243,53125
133,53164
134,53165
135,53166
81,53186
73,53199
172,53216
228,53235
280,53252
281,53253
193,53279
166,53327
426,53327
166,53451
426,53451
427,53452
486,53454
380,53497
381,53498
131,53576
74,53584
75,53585
484,53591
276,53604
478,53604
267,53605
268,53606
407,53629
106,53682
165,53707
425,53707
283,53756
105,53789
271,53819
272,53820
175,53848
160,53849
486,53886
75,53888
297,53992
85,54000
99,54017
454,54101
516,54105
369,54107
487,54109
454,54188
81,54362
274,54407
320,54413
516,54459
166,54471
426,54471
427,54472
216,54473
428,54473
129,54485
480,54660
132,54708
133,54709
228,54813
130,54821
172,54833
277,54861
479,54861
480,54862
480,54907
276,54956
478,54956
277,55064
479,55064
130,55078
135,55099
369,55100
98,55132
499,55180
130,55196
488,55261
380,55420
381,55421
277,55457
479,55457
480,55458
73,55467
106,55548
73,55610
162,55620
134,55632
424,55643
448,55668
277,55730
479,55730
480,55731
172,55760
129,55816
130,55817
227,55985
276,56055
478,56055
277,56056
479,56056
274,56076
99,56148
106,56152
132,56190
152,56262
131,56265
452,56275
317,56279
216,56281
428,56281
427,56466
216,56467
428,56467
488,56486
107,56507
99,56508
228,56542
480,56643
427,56682
486,56684
268,56760
248,56776
249,56777
486,56790
73,56821
73,56862
488,56864
73,56871
204,56874
334,56938
317,56948
216,56950
428,56950
451,56988
452,56989
315,57003
316,57004
317,57005
274,57063
275,57064
106,57092
172,57182
85,57184
268,57296
133,57347
282,57348
298,57367
106,57399
516,57400
508,57433
509,57434
274,57481
275,57482
276,57503
478,57503
277,57504
479,57504
480,57505
229,57509
454,57512
455,57513
193,57560
106,57579
266,57580
277,57581
479,57581
105,57664
192,57679
177,57695
266,57709
282,57798
200,57873
258,57892
269,57892
336,57908
162,57918
228,57921
274,57938
283,58013
106,58040
155,58086
532,58097
407,58114
172,58270
129,58284
130,58285
131,58286
513,58289
150,58311
351,58311
151,58312
277,58349
479,58349
480,58350
130,58372
448,58443
309,58483
486,58499
133,58548
284,58566
99,58580
161,58619
245,58628
516,58637
276,58710
478,58710
267,58711
258,58712
269,58712
270,58713
486,58761
192,58822
193,58823
162,58844
163,58845
164,58846
487,58850
488,58851
283,58877
176,58880
133,58902
267,58946
268,58947
136,58950
513,58985
514,58986
515,58987
95,59006
516,59027
176,59055
484,59147
132,59208
133,59209
133,59296
317,59305
200,59318
454,59328
499,59332
106,59350
212,59395
213,59396
228,59415
265,59435
266,59436
277,59437
479,59437
516,59703
97,59737
133,59742
