365,0
80,18
429,75
26,244
237,259
341,290
508,290
198,366
192,368
192,369
192,370
193,371
198,381
199,382
365,400
366,401
317,403
318,404
319,405
237,423
238,424
84,429
271,450
278,513
249,576
250,577
97,646
429,681
142,706
164,723
340,737
507,737
444,738
445,739
192,798
278,814
279,815
280,816
102,827
348,856
365,865
462,912
192,937
192,938
25,940
26,941
27,942
198,970
82,973
367,1001
81,1010
194,1029
47,1035
437,1044
192,1065
193,1066
223,1094
445,1107
433,1108
108,1113
512,1131
222,1158
198,1224
315,1316
95,1344
428,1345
429,1346
429,1360
81,1362
371,1378
193,1391
218,1400
395,1436
25,1459
74,1569
200,1582
315,1592
316,1593
317,1594
340,1630
507,1630
341,1631
508,1631
37,1707
318,1715
319,1716
198,1725
199,1726
132,1773
133,1774
471,1778
474,1802
475,1803
476,1804
510,1804
369,1825
370,1826
399,1850
198,1875
284,1981
410,1987
411,1988
241,2027
278,2049
80,2067
418,2080
124,2100
355,2107
418,2145
395,2151
509,2156
437,2159
367,2169
201,2171
26,2174
192,2200
193,2201
47,2236
301,2248
47,2251
437,2268
193,2270
194,2271
192,2278
192,2279
193,2280
346,2286
233,2303
234,2304
235,2305
306,2309
431,2351
432,2352
347,2369
348,2370
350,2378
474,2434
395,2463
396,2464
95,2467
437,2473
438,2474
47,2476
161,2482
192,2489
192,2490
192,2491
192,2492
192,2493
204,2495
193,2510
202,2522
444,2537
445,2538
433,2539
241,2546
473,2575
233,2624
506,2651
462,2690
444,2709
442,2724
221,2756
438,2772
429,2812
193,2827
193,2861
399,2922
241,2948
74,2952
198,2960
47,3006
445,3010
74,3042
318,3044
341,3055
508,3055
315,3059
341,3073
508,3073
315,3077
404,3114
316,3117
106,3166
107,3167
108,3168
315,3179
99,3187
315,3191
74,3201
239,3281
312,3296
272,3307
346,3321
445,3324
433,3325
220,3331
438,3332
432,3405
192,3465
192,3466
192,3467
193,3468
199,3478
218,3584
396,3617
442,3631
102,3648
103,3649
160,3649
161,3650
232,3662
233,3663
74,3759
370,3776
371,3777
281,3778
199,3835
202,3842
438,3843
318,3845
511,3849
97,3883
98,3884
315,3886
202,3887
103,3907
160,3907
404,3909
316,3912
418,3923
164,3931
142,3962
432,3996
340,4013
507,4013
477,4101
478,4101
479,4101
480,4101
481,4101
482,4101
483,4101
484,4101
485,4101
486,4101
487,4101
488,4101
489,4101
490,4101
491,4101
492,4101
493,4101
494,4101
495,4101
496,4101
497,4101
498,4101
499,4101
500,4101
501,4101
502,4101
503,4101
504,4101
505,4101
506,4102
317,4105
192,4139
193,4140
198,4192
511,4205
341,4213
508,4213
509,4214
71,4253
72,4254
73,4255
79,4255
202,4280
317,4304
412,4325
203,4350
221,4358
222,4359
402,4360
258,4375
437,4389
193,4391
198,4440
199,4441
432,4443
25,4483
428,4488
192,4499
25,4501
46,4510
461,4545
462,4546
218,4600
197,4767
136,4789
97,4795
217,4823
129,4836
437,4849
279,4866
315,4949
202,4950
193,4952
217,4974
271,5050
164,5100
316,5103
286,5114
348,5158
350,5192
80,5194
109,5204
317,5225
198,5228
199,5229
317,5272
301,5318
437,5448
462,5452
438,5498
27,5513
466,5542
467,5543
25,5551
26,5552
278,5565
258,5584
233,5586
278,5587
506,5602
346,5610
347,5611
471,5627
193,5662
311,5708
400,5737
471,5759
164,5804
165,5805
442,5839
506,5869
438,5933
506,5965
404,6029
97,6103
367,6105
471,6160
46,6172
506,6202
437,6204
432,6207
218,6282
27,6286
198,6345
192,6364
193,6365
315,6386
437,6409
438,6410
201,6419
506,6436
340,6437
507,6437
256,6442
257,6443
258,6444
317,6449
444,6461
445,6462
347,6468
201,6524
202,6525
232,6554
233,6555
412,6567
367,6585
396,6588
397,6589
47,6597
468,6634
44,6735
45,6736
48,6796
221,6813
412,6822
413,6823
194,6828
367,6860
368,6861
432,6898
438,6916
398,6923
440,6940
441,6941
312,6968
371,7086
432,7176
233,7352
278,7353
279,7354
470,7355
278,7450
271,7483
300,7508
301,7509
438,7520
47,7522
347,7524
278,7564
279,7565
280,7566
281,7567
193,7581
367,7587
217,7603
218,7604
196,7608
197,7609
198,7610
47,7613
48,7623
142,7677
306,7702
315,7750
202,7751
438,7752
233,7797
164,7800
444,7804
367,7843
432,7845
97,7858
315,7910
202,7911
46,7945
47,7946
233,7952
278,7953
279,7954
470,7955
281,7992
428,8025
406,8028
199,8110
438,8127
419,8188
420,8189
347,8192
317,8194
432,8202
97,8206
47,8229
278,8269
468,8353
469,8354
348,8366
83,8387
365,8407
366,8408
462,8430
367,8465
368,8466
369,8467
278,8520
365,8529
366,8530
317,8532
25,8545
198,8674
437,8841
193,8843
45,8876
434,8891
258,8912
142,8996
219,9012
364,9027
365,9028
366,9029
468,9053
232,9092
233,9093
164,9096
278,9121
419,9199
219,9204
400,9205
74,9268
27,9321
74,9324
108,9366
286,9451
315,9465
279,9520
218,9566
471,9754
368,9824
202,9942
107,9982
240,10093
395,10143
398,10205
164,10212
258,10247
73,10275
79,10275
412,10290
47,10301
48,10302
108,10368
346,10387
83,10393
84,10394
141,10396
198,10440
398,10445
471,10484
315,10583
84,10664
141,10666
142,10667
80,10699
198,10755
394,10768
74,10836
438,10858
468,10890
469,10891
73,10895
79,10895
80,10896
319,10902
315,10913
316,10914
317,10915
81,10919
73,10952
79,10952
74,10953
318,10975
221,10992
218,11017
279,11122
455,11124
80,11237
192,11380
193,11381
233,11393
405,11447
124,11488
73,11495
79,11495
80,11496
278,11541
107,11588
74,11722
74,11796
46,11837
370,11845
347,11849
317,11851
73,11898
79,11898
47,11919
48,11920
49,11921
97,11965
431,11978
84,11985
437,12058
438,12059
431,12074
367,12145
233,12150
278,12151
419,12175
437,12204
438,12205
399,12228
165,12281
446,12289
339,12374
433,12468
434,12469
445,12487
192,12550
74,12567
317,12574
198,12598
194,12600
398,12620
278,12642
369,12682
50,12722
83,12766
84,12767
141,12769
437,12789
192,12791
350,12794
420,12846
432,12864
433,12865
432,12884
394,12912
97,12922
429,12931
220,12936
438,12937
365,12955
300,12974
301,12975
287,12997
74,13083
365,13102
366,13103
47,13106
198,13120
73,13196
79,13196
199,13198
131,13217
97,13279
271,13324
278,13396
46,13436
47,13437
199,13534
429,13557
445,13586
433,13587
477,13609
478,13609
479,13609
480,13609
481,13609
482,13609
483,13609
484,13609
485,13609
486,13609
487,13609
488,13609
489,13609
490,13609
491,13609
492,13609
493,13609
494,13609
495,13609
496,13609
497,13609
498,13609
499,13609
500,13609
501,13609
502,13609
503,13609
504,13609
505,13609
506,13610
316,13619
398,13629
418,13634
419,13635
124,13671
164,13682
103,13736
160,13736
165,13754
316,13844
48,13850
368,13867
218,13882
340,13936
507,13936
74,13943
196,14055
197,14056
73,14116
79,14116
80,14117
73,14180
79,14180
199,14182
312,14234
475,14266
437,14269
394,14311
47,14326
432,14485
270,14514
271,14515
272,14516
273,14517
404,14528
438,14544
319,14619
346,14625
365,14685
367,14726
474,14727
437,14730
428,14746
46,14790
44,14884
45,14885
306,14956
420,14986
312,15068
367,15088
368,15089
301,15092
165,15141
365,15154
366,15155
197,15163
198,15164
202,15185
196,15202
412,15216
340,15265
507,15265
302,15306
257,15346
258,15347
142,15377
195,15398
434,15403
347,15424
317,15426
369,15431
73,15466
79,15466
80,15467
350,15469
429,15576
81,15578
218,15610
368,15635
218,15651
97,15773
367,15775
418,15787
419,15788
462,15805
278,15815
279,15816
280,15817
281,15818
406,15829
403,15838
97,15855
218,15885
198,15901
132,15934
131,15944
74,15968
233,15997
398,16054
25,16063
477,16103
478,16103
479,16103
480,16103
481,16103
482,16103
483,16103
484,16103
485,16103
486,16103
487,16103
488,16103
489,16103
490,16103
491,16103
492,16103
493,16103
494,16103
495,16103
496,16103
497,16103
498,16103
499,16103
500,16103
501,16103
502,16103
503,16103
504,16103
505,16103
73,16182
79,16182
218,16189
199,16240
471,16279
405,16296
233,16305
234,16311
371,16331
467,16333
394,16436
445,16437
433,16438
234,16446
132,16451
301,16576
286,16595
287,16596
404,16613
233,16676
278,16677
472,16697
220,16698
438,16699
202,16715
438,16716
396,16745
404,16748
405,16749
279,16771
192,16820
84,16832
347,16866
221,16868
271,16878
312,16936
233,16986
108,16992
346,17007
347,17008
317,17010
47,17035
365,17056
366,17057
410,17061
411,17062
412,17063
218,17083
162,17182
428,17197
223,17267
400,17276
401,17277
223,17278
198,17355
241,17380
73,17399
79,17399
80,17400
81,17401
91,17460
124,17468
369,17491
346,17497
233,17515
444,17521
445,17522
198,17571
317,17589
318,17590
319,17591
97,17625
406,17651
394,17700
437,17723
221,17724
222,17725
232,17746
199,17750
475,17752
476,17753
510,17753
477,17754
478,17754
479,17754
480,17754
481,17754
482,17754
483,17754
484,17754
485,17754
486,17754
487,17754
488,17754
489,17754
490,17754
491,17754
492,17754
493,17754
494,17754
495,17754
496,17754
497,17754
498,17754
499,17754
500,17754
501,17754
502,17754
503,17754
504,17754
505,17754
419,17832
280,17861
467,17863
411,17867
278,17898
73,17930
79,17930
365,17936
366,17937
317,17939
371,17959
281,17960
222,18005
223,18006
438,18017
364,18059
365,18060
366,18061
223,18131
445,18137
404,18140
278,18148
279,18149
47,18223
432,18269
445,18298
437,18310
25,18313
437,18329
74,18374
233,18490
278,18491
442,18498
73,18510
79,18510
97,18527
198,18573
233,18588
198,18620
218,18643
412,18722
80,18785
317,18886
318,18887
319,18888
393,18917
394,18939
445,18940
404,18943
316,18946
506,18965
364,18986
223,19010
312,19049
315,19126
202,19127
438,19128
194,19129
411,19133
412,19134
92,19152
301,19160
371,19199
334,19312
89,19313
317,19335
318,19336
319,19337
461,19354
46,19383
347,19417
429,19439
81,19510
287,19552
84,19553
141,19555
142,19556
73,19614
79,19614
339,19623
340,19624
507,19624
234,19643
235,19644
198,19672
25,19674
221,19678
97,19715
461,19754
80,19789
73,19816
79,19816
80,19841
412,19877
438,20021
379,20024
257,20038
258,20039
201,20050
410,20057
364,20060
365,20061
217,20068
433,20094
196,20119
197,20120
198,20121
192,20123
419,20140
420,20141
73,20202
79,20202
237,20208
221,20210
131,20235
193,20245
194,20260
195,20261
468,20340
70,20347
315,20413
445,20445
433,20446
241,20503
369,20528
429,20534
433,20577
95,20643
428,20644
429,20645
218,20651
388,20664
347,20674
398,20689
429,20700
438,20710
506,20722
97,20766
98,20767
97,20880
73,20893
79,20893
80,20894
348,20927
420,20944
347,20947
420,20977
445,21059
506,21078
340,21079
507,21079
97,21090
97,21161
317,21164
278,21318
279,21319
192,21348
418,21366
278,21431
279,21432
315,21445
316,21446
161,21475
349,21486
350,21487
341,21503
508,21503
257,21535
258,21536
462,21556
258,21570
346,21686
347,21687
257,21721
258,21722
87,21800
294,21807
37,21837
193,21847
429,21861
420,21890
395,21897
46,21902
346,21957
132,21971
74,21981
97,21997
97,22006
201,22019
316,22020
420,22026
73,22029
79,22029
412,22038
258,22083
233,22085
198,22106
366,22118
369,22144
370,22145
419,22315
142,22349
107,22367
108,22368
428,22388
131,22469
131,22529
73,22593
79,22593
475,22624
437,22627
131,22629
293,22707
371,22740
281,22741
278,22758
198,22774
47,22777
431,22795
82,22810
46,22816
73,22835
79,22835
74,22836
140,22860
141,22861
222,22867
223,22868
419,22882
420,22883
193,22930
315,22953
202,22954
193,22956
198,22969
131,22971
110,22987
111,22988
233,22995
278,22996
217,23033
218,23034
198,23083
370,23169
102,23183
107,23185
74,23205
257,23210
258,23211
399,23217
394,23297
193,23414
271,23442
412,23466
348,23562
349,23563
445,23589
433,23590
280,23648
401,23665
223,23666
418,23669
221,23732
222,23733
412,23735
281,23745
81,23767
419,23791
420,23792
399,23799
218,23841
319,23853
97,23884
365,23941
366,23942
370,23971
73,23978
79,23978
132,23981
236,23997
237,23998
193,24001
393,24012
315,24014
445,24053
462,24063
97,24116
83,24190
348,24195
348,24228
349,24229
196,24284
197,24285
367,24311
368,24312
96,24316
97,24317
418,24323
223,24358
224,24359
37,24375
471,24409
428,24418
429,24419
198,24526
46,24546
370,24643
73,24647
79,24647
437,24692
278,24705
279,24706
280,24707
46,24719
47,24720
233,24756
278,24757
279,24758
367,24776
475,24813
315,24833
437,24878
278,24886
371,24923
281,24924
278,24942
438,24950
47,24952
218,24986
219,24987
195,24990
196,24991
192,25006
192,25007
71,25011
72,25012
73,25013
79,25013
74,25014
440,25016
441,25017
73,25043
79,25043
74,25044
241,25052
418,25082
437,25102
438,25103
240,25122
201,25170
349,25172
395,25226
257,25302
258,25303
437,25356
131,25359
196,25417
197,25418
349,25440
350,25441
360,25460
361,25461
347,25465
104,25543
73,25557
79,25557
438,25613
271,25633
347,25691
104,25728
369,25754
198,25763
199,25764
193,25782
98,25795
433,25852
73,25900
79,25900
80,25901
318,25906
319,25907
73,25941
79,25941
80,25942
81,25943
198,25974
439,25976
179,25996
107,26012
445,26016
433,26017
347,26044
348,26045
394,26051
429,26091
394,26103
218,26130
277,26177
278,26240
346,26256
347,26257
474,26259
80,26267
258,26300
472,26386
317,26388
233,26392
166,26398
410,26423
399,26434
400,26435
401,26436
445,26472
420,26526
315,26550
462,26572
136,26595
278,26688
84,26703
141,26705
28,26714
232,26717
350,26751
82,26756
394,26770
395,26771
431,26783
83,26808
346,26817
471,26845
432,26863
413,26917
380,27010
437,27017
131,27019
258,27047
73,27060
79,27060
199,27062
348,27082
218,27140
123,27229
193,27235
124,27329
367,27334
368,27335
196,27351
197,27352
258,27406
438,27453
367,27485
73,27626
79,27626
315,27660
202,27661
420,27666
258,27692
477,27742
478,27742
479,27742
480,27742
481,27742
482,27742
483,27742
484,27742
485,27742
486,27742
487,27742
488,27742
489,27742
490,27742
491,27742
492,27742
493,27742
494,27742
495,27742
496,27742
497,27742
498,27742
499,27742
500,27742
501,27742
502,27742
503,27742
504,27742
505,27742
506,27743
340,27744
507,27744
393,27757
355,27830
198,27892
258,27898
44,27955
45,27956
279,28026
432,28039
47,28066
48,28067
198,28079
217,28147
218,28148
73,28173
79,28173
80,28174
25,28218
389,28228
370,28270
371,28271
281,28272
95,28287
428,28288
429,28289
420,28334
204,28360
396,28392
223,28464
46,28504
74,28509
47,28519
315,28533
348,28547
401,28548
46,28582
432,28611
404,28614
165,28615
365,28648
198,28675
192,28677
96,28772
432,28778
437,28792
203,28793
204,28794
199,28799
166,28812
420,28847
221,28854
222,28855
223,28856
75,28946
393,28949
142,28957
370,28969
371,28970
281,28971
364,29010
365,29011
366,29012
198,29026
199,29027
432,29029
364,29034
365,29035
366,29036
367,29037
437,29119
432,29138
433,29139
432,29154
107,29202
347,29214
438,29216
193,29237
73,29249
79,29249
80,29271
365,29293
366,29294
469,29336
431,29368
396,29370
341,29388
508,29388
315,29392
395,29523
396,29524
44,29587
45,29588
178,29663
357,29675
368,29711
359,29727
347,29729
221,29741
192,29775
201,29792
75,29810
525,29869
525,29870
525,29871
525,29872
525,29873
525,29874
525,29875
525,29876
525,29877
525,29878
525,29879
525,29880
525,29881
525,29882
525,29883
525,29884
525,29885
525,29886
525,29887
525,29888
525,29889
525,29890
525,29891
525,29892
525,29893
364,29943
365,29944
366,29945
367,29946
432,29948
433,29949
428,29954
429,29955
132,29958
75,29982
370,30077
471,30079
365,30121
366,30122
82,30125
437,30177
221,30178
222,30179
438,30195
165,30199
475,30219
218,30276
47,30285
192,30320
192,30321
199,30343
315,30348
202,30349
438,30350
193,30441
108,30470
406,30477
318,30520
319,30521
74,30533
47,30535
315,30551
26,30554
315,30586
198,30603
199,30604
47,30611
48,30612
95,30670
428,30671
429,30672
511,30710
142,30713
432,30758
346,30848
236,30872
237,30873
412,30902
192,30911
192,30912
258,30945
318,30968
201,30980
202,30981
237,31016
437,31044
348,31085
88,31119
192,31166
193,31167
237,31199
368,31201
403,31216
348,31247
401,31248
106,31264
410,31304
196,31310
437,31329
192,31331
436,31362
73,31391
79,31391
74,31392
73,31402
79,31402
431,31404
198,31468
221,31491
394,31524
74,31546
198,31550
131,31552
461,31559
445,31618
392,31624
399,31695
241,31705
365,31740
366,31741
349,31743
438,31788
348,31831
364,31889
419,31947
420,31948
436,31956
368,31958
428,31982
368,31991
506,32000
340,32001
507,32001
444,32002
445,32003
131,32023
420,32038
195,32111
196,32112
197,32113
198,32114
192,32116
193,32117
350,32160
431,32163
432,32164
47,32223
347,32225
317,32227
47,32240
369,32273
348,32279
82,32281
201,32301
367,32396
368,32397
369,32398
368,32453
369,32454
70,32467
73,32478
79,32478
74,32479
420,32518
133,32680
218,32707
219,32708
398,32737
278,32743
477,32752
478,32752
479,32752
480,32752
481,32752
482,32752
483,32752
484,32752
485,32752
486,32752
487,32752
488,32752
489,32752
490,32752
491,32752
492,32752
493,32752
494,32752
495,32752
496,32752
497,32752
498,32752
499,32752
500,32752
501,32752
502,32752
503,32752
504,32752
505,32752
166,32787
316,32835
182,32842
369,32897
201,32924
202,32925
438,32926
393,32944
198,32993
25,32995
165,33012
202,33120
200,33122
201,33123
316,33124
97,33144
98,33145
47,33172
48,33173
314,33178
132,33186
367,33196
368,33197
106,33247
107,33248
108,33249
75,33287
445,33308
201,33340
199,33347
315,33357
202,33358
221,33359
222,33360
223,33361
347,33364
437,33379
438,33380
218,33441
103,33473
160,33473
437,33504
221,33505
142,33576
28,33579
442,33587
443,33588
47,33623
347,33690
74,33714
315,33722
348,33764
198,33785
220,33790
438,33791
420,33828
346,33839
368,33873
198,33899
393,33913
349,33935
506,33972
340,33973
507,33973
429,33990
234,34057
438,34070
165,34074
97,34086
341,34094
508,34094
509,34095
476,34096
510,34096
506,34097
437,34099
432,34103
395,34110
26,34132
175,34141
73,34188
79,34188
192,34191
193,34192
199,34232
139,34241
221,34255
506,34284
437,34286
193,34288
220,34292
429,34327
404,34333
202,34336
25,34339
48,34383
278,34420
73,34457
79,34457
405,34570
396,34584
318,34648
402,34665
46,34688
47,34689
217,34710
73,34730
79,34730
428,34772
370,34880
241,34900
401,34916
365,34956
437,34971
200,34973
201,34974
316,34975
204,35006
258,35026
445,35058
198,35069
198,35081
192,35083
200,35085
318,35100
97,35114
236,35168
237,35169
195,35172
199,35179
279,35222
438,35238
439,35239
107,35271
428,35330
429,35331
75,35333
195,35334
196,35335
197,35336
431,35338
432,35339
364,35364
142,35369
475,35423
476,35424
510,35424
506,35425
317,35432
47,35462
278,35557
193,35591
193,35618
198,35694
468,35729
109,35747
83,35770
317,35776
107,35784
306,35788
428,35840
428,35849
429,35850
357,35855
142,35888
365,35895
103,35900
160,35900
104,35901
74,35906
48,35955
97,35963
98,35964
82,35988
418,35999
164,36050
165,36051
80,36096
300,36106
301,36107
399,36129
166,36159
437,36198
192,36200
192,36201
193,36202
194,36203
219,36211
103,36222
160,36222
371,36251
372,36252
244,36285
84,36310
302,36321
438,36350
164,36367
405,36368
70,36392
97,36407
438,36428
444,36558
367,36563
399,36611
238,36689
420,36692
506,36700
201,36771
316,36772
428,36782
166,36785
108,36790
26,36806
27,36807
418,36830
196,36862
74,36886
222,36929
223,36930
431,37007
164,37054
165,37055
317,37113
438,37129
369,37145
419,37167
96,37226
131,37255
315,37353
202,37354
45,37369
506,37416
315,37431
316,37432
315,37478
202,37479
131,37491
431,37527
396,37529
397,37530
398,37531
410,37538
198,37589
192,37591
223,37667
477,37716
478,37716
479,37716
480,37716
481,37716
482,37716
483,37716
484,37716
485,37716
486,37716
487,37716
488,37716
489,37716
490,37716
491,37716
492,37716
493,37716
494,37716
495,37716
496,37716
497,37716
498,37716
499,37716
500,37716
501,37716
502,37716
503,37716
504,37716
505,37716
506,37717
366,37738
411,37749
95,37817
96,37818
97,37819
98,37820
429,37835
75,37837
195,37838
196,37839
197,37840
198,37841
222,37843
388,37873
347,37905
429,37912
96,37922
97,37923
198,37959
403,38059
477,38067
478,38067
479,38067
480,38067
481,38067
482,38067
483,38067
484,38067
485,38067
486,38067
487,38067
488,38067
489,38067
490,38067
491,38067
492,38067
493,38067
494,38067
495,38067
496,38067
497,38067
498,38067
499,38067
500,38067
501,38067
502,38067
503,38067
504,38067
505,38067
506,38068
317,38093
73,38123
79,38123
437,38148
438,38149
194,38150
192,38165
193,38166
235,38185
236,38186
237,38187
368,38274
364,38319
365,38320
99,38322
437,38325
438,38326
429,38330
241,38345
364,38359
365,38360
277,38379
192,38392
192,38393
192,38394
97,38414
367,38416
368,38417
399,38432
347,38538
442,38566
438,38585
97,38604
355,38633
356,38634
432,38659
264,38681
229,38695
399,38851
388,38865
165,38875
166,38876
428,38890
218,38904
428,38934
468,38950
469,38951
434,38967
348,39000
349,39001
315,39064
316,39065
195,39106
196,39107
82,39144
278,39146
74,39155
406,39161
198,39200
432,39241
429,39277
306,39291
73,39318
79,39318
74,39319
394,39323
369,39348
368,39375
429,39379
419,39401
428,39408
287,39416
346,39485
277,39506
364,39541
365,39542
366,39543
402,39576
233,39580
234,39581
219,39596
73,39612
79,39612
74,39613
258,39642
393,39654
445,39699
140,39703
141,39704
429,39757
418,39846
258,39855
279,39863
74,39927
347,39966
412,40060
432,40111
433,40112
198,40185
233,40191
264,40237
438,40280
281,40308
282,40309
394,40314
73,40419
79,40419
198,40485
439,40487
74,40543
462,40571
194,40578
195,40579
429,40656
430,40657
369,40664
412,40723
142,40734
221,40738
240,40761
315,40777
432,40780
418,40855
419,40856
410,40877
404,40924
398,40931
281,41098
475,41112
371,41247
437,41291
193,41293
198,41317
26,41382
80,41401
395,41433
396,41434
47,41452
368,41498
348,41538
25,41556
371,41619
467,41621
73,41634
79,41634
80,41635
348,41665
198,41683
25,41685
26,41686
80,41692
357,41736
364,41739
365,41740
366,41741
438,41743
233,41764
198,41789
233,41802
234,41803
271,41814
97,41823
394,41836
438,41903
346,41915
411,41946
412,41947
394,41951
395,41952
429,41990
349,42026
350,42027
97,42034
98,42035
240,42057
221,42070
222,42071
317,42110
364,42150
241,42165
278,42174
142,42187
371,42261
281,42262
399,42295
195,42298
196,42299
197,42300
232,42385
403,42435
198,42437
348,42518
401,42519
348,42529
348,42562
412,42570
413,42571
164,42641
201,42666
202,42667
221,42668
25,42669
432,42679
406,42696
73,42714
79,42714
80,42715
198,42726
340,42780
507,42780
198,42791
347,42798
80,42806
80,42853
26,42971
418,43034
419,43035
164,43069
317,43074
370,43134
142,43174
317,43178
346,43184
74,43191
83,43196
109,43215
47,43252
96,43296
97,43297
98,43298
445,43326
433,43327
434,43328
241,43347
445,43441
433,43442
277,43448
429,43493
296,43503
198,43529
348,43538
396,43556
236,43570
313,43571
26,43584
347,43624
438,43626
258,43696
233,43698
97,43778
98,43779
346,43793
44,43820
45,43821
244,43846
367,43874
201,43876
103,43904
160,43904
416,43957
46,43960
97,44004
367,44006
404,44038
165,44039
197,44064
202,44088
221,44089
25,44090
437,44103
429,44181
234,44192
26,44413
473,44459
129,44580
183,44585
399,44809
429,44820
241,44862
142,44886
102,44939
107,44941
74,44984
218,45031
341,45040
508,45040
437,45043
438,45044
368,45080
467,45083
438,45107
429,45118
287,45139
511,45143
511,45175
204,45213
388,45218
428,45258
198,45319
431,45336
432,45337
80,45394
368,45412
439,45442
218,45469
80,45476
371,45484
281,45485
46,45510
472,45537
220,45538
438,45539
468,45543
47,45583
218,45617
405,45647
429,45654
198,45697
46,45735
47,45736
109,45765
47,45789
48,45790
142,45810
429,45868
197,45891
369,45894
48,45914
371,45942
164,45977
165,45978
166,45979
438,45983
439,45984
313,46006
470,46025
471,46026
371,46035
437,46060
438,46061
312,46092
341,46131
508,46131
413,46150
47,46171
258,46190
221,46219
74,46251
395,46261
235,46304
236,46305
313,46306
46,46385
182,46411
394,46421
80,46479
429,46511
469,46591
36,46598
37,46599
38,46600
218,46656
506,46732
47,46749
142,46778
429,46848
132,46968
133,46969
47,47136
429,47160
199,47162
47,47184
218,47252
234,47343
25,47350
348,47403
511,47438
140,47514
141,47515
271,47537
46,47561
223,47567
347,47570
462,47611
102,47614
437,47687
432,47690
228,47708
140,47709
141,47710
233,47712
278,47757
279,47758
280,47759
281,47760
282,47761
327,47804
432,47818
354,47828
355,47829
356,47830
363,47837
364,47838
437,47842
438,47843
395,47871
218,47876
74,47883
445,47913
438,47919
313,47923
445,47925
67,47947
286,47955
80,48045
193,48051
348,48064
401,48065
432,48093
438,48116
46,48121
429,48126
97,48170
98,48171
364,48180
365,48181
366,48182
462,48186
198,48209
164,48227
476,48230
510,48230
506,48231
340,48232
507,48232
462,48262
96,48276
97,48277
278,48291
218,48302
219,48303
438,48314
429,48330
430,48331
431,48332
369,48345
394,48348
395,48349
89,48411
419,48441
84,48501
85,48502
428,48506
353,48523
371,48543
405,48578
467,48581
468,48582
469,48583
428,48587
201,48611
97,48619
164,48628
202,48631
193,48633
439,48634
233,48643
525,48723
525,48724
365,48733
348,48743
220,48769
131,48771
47,48778
48,48779
418,48809
201,48835
316,48836
218,48845
349,48871
506,48989
437,48991
48,49036
46,49085
47,49086
437,49090
203,49091
388,49120
109,49229
367,49328
368,49329
369,49330
467,49336
198,49347
73,49352
79,49352
91,49365
73,49379
79,49379
74,49380
278,49394
229,49411
312,49487
218,49494
129,49506
87,49519
218,49522
438,49552
195,49560
196,49561
73,49610
79,49610
405,49653
312,49667
73,49718
79,49718
74,49719
193,49725
198,49762
218,49805
198,49815
97,49907
367,49909
432,49911
193,49938
74,49966
366,50014
437,50025
203,50026
204,50027
365,50037
445,50040
97,50067
367,50069
368,50070
438,50080
198,50091
199,50092
506,50125
97,50134
26,50138
237,50190
370,50198
73,50231
79,50231
74,50232
410,50253
198,50261
367,50282
368,50283
365,50298
96,50324
106,50332
165,50354
318,50374
279,50449
340,50485
507,50485
365,50601
349,50633
350,50634
74,50636
193,50646
194,50647
393,50650
300,50656
301,50657
302,50658
73,50687
79,50687
356,50767
357,50768
47,50776
48,50777
108,50785
47,50817
27,50844
438,50887
74,51072
279,51079
280,51080
348,51086
47,51135
340,51178
507,51178
108,51227
312,51257
271,51289
346,51370
198,51384
221,51483
25,51484
347,51554
355,51588
356,51589
399,51606
317,51642
92,51668
420,51680
318,51740
394,51804
394,51864
241,51899
365,51909
445,51912
394,51934
315,51986
202,51987
438,51988
317,52031
102,52132
218,52173
218,52182
48,52192
365,52205
164,52228
165,52229
406,52369
315,52381
316,52382
198,52405
131,52407
139,52484
395,52528
396,52529
397,52530
398,52531
367,52540
368,52541
96,52551
97,52552
96,52574
317,52600
369,52605
97,52645
131,52649
349,52678
420,52722
195,52770
196,52771
165,52773
428,52779
317,52802
75,52806
365,52810
366,52811
367,52812
396,52815
431,52898
429,52910
81,52912
410,52934
412,52970
413,52971
218,53000
48,53004
429,53014
368,53023
103,53068
160,53068
161,53069
477,53103
478,53103
479,53103
480,53103
481,53103
482,53103
483,53103
484,53103
485,53103
486,53103
487,53103
488,53103
489,53103
490,53103
491,53103
492,53103
493,53103
494,53103
495,53103
496,53103
497,53103
498,53103
499,53103
500,53103
501,53103
502,53103
503,53103
504,53103
505,53103
506,53104
353,53128
396,53184
313,53223
445,53225
47,53232
282,53236
196,53252
197,53253
293,53319
102,53326
284,53339
91,53341
73,53393
79,53393
47,53424
334,53433
107,53452
73,53515
79,53515
80,53516
462,53566
192,53606
25,53608
26,53609
73,53654
79,53654
258,53693
428,53753
429,53754
47,53757
429,53822
47,53826
258,53834
278,53907
412,53964
348,54105
240,54255
131,54311
47,54318
165,54389
97,54407
71,54411
348,54459
102,54470
107,54472
45,54503
317,54512
80,54562
340,54612
507,54612
444,54613
445,54614
365,54642
406,54685
279,54770
271,54790
198,54800
477,54856
478,54856
479,54856
480,54856
481,54856
482,54856
483,54856
484,54856
485,54856
486,54856
487,54856
488,54856
489,54856
490,54856
491,54856
492,54856
493,54856
494,54856
495,54856
496,54856
497,54856
498,54856
499,54856
500,54856
501,54856
502,54856
503,54856
504,54856
505,54856
477,54857
478,54857
479,54857
480,54857
481,54857
482,54857
483,54857
484,54857
485,54857
486,54857
487,54857
488,54857
489,54857
490,54857
491,54857
492,54857
493,54857
494,54857
495,54857
496,54857
497,54857
498,54857
499,54857
500,54857
501,54857
502,54857
503,54857
504,54857
505,54857
506,54858
437,54860
438,54861
350,54903
471,54910
221,54957
222,54958
412,54960
80,54978
81,54979
406,55037
73,55046
79,55046
74,55047
341,55060
508,55060
437,55063
438,55064
237,55068
80,55098
278,55197
312,55223
431,55340
432,55341
89,55358
218,55362
394,55364
223,55416
258,55441
312,55454
237,55455
438,55457
327,55531
346,55606
428,55650
371,55718
438,55730
429,55772
437,55792
278,55818
108,55828
258,55847
404,55875
418,55889
31,55907
271,55942
467,55987
165,56018
365,56053
366,56054
438,56056
96,56075
97,56076
98,56077
428,56123
429,56124
164,56191
236,56207
237,56208
428,56223
420,56279
271,56284
37,56397
433,56457
107,56466
462,56479
347,56506
315,56631
193,56642
223,56654
107,56682
468,56696
469,56697
198,56758
192,56760
506,56767
462,56772
368,56786
466,56830
467,56831
379,56855
347,56876
420,56948
312,56978
420,57005
366,57010
410,57017
411,57018
278,57029
96,57062
97,57063
315,57100
469,57121
346,57163
433,57190
192,57296
193,57297
364,57312
365,57313
315,57316
316,57317
199,57332
165,57352
348,57400
223,57426
287,57442
47,57465
96,57480
97,57481
365,57501
366,57502
438,57504
281,57508
80,57539
438,57581
439,57582
364,57611
365,57612
366,57613
367,57614
102,57635
106,57641
131,57711
317,57775
222,57819
223,57820
221,57884
97,57938
98,57939
84,57989
429,58011
284,58064
198,58089
204,58091
428,58107
217,58238
83,58249
288,58250
444,58322
202,58348
438,58349
278,58373
445,58388
162,58391
219,58410
47,58413
48,58414
306,58431
429,58508
429,58530
405,58628
348,58637
401,58638
412,58640
413,58641
466,58675
467,58676
46,58695
429,58719
315,58741
398,58765
429,58875
315,58926
316,58927
317,58928
192,58947
25,58949
431,58960
348,59027
258,59062
257,59161
258,59162
315,59172
198,59210
454,59229
455,59230
399,59251
467,59293
198,59297
419,59304
420,59305
102,59371
413,59374
356,59395
357,59396
438,59437
394,59481
433,59487
73,59519
79,59519
431,59563
396,59565
201,59621
316,59622
317,59623
165,59626
166,59627
400,59682
347,59702
348,59703
200,59784
201,59785
