80,29
381,107
18,108
381,136
77,138
339,161
215,163
248,266
478,268
419,270
468,289
247,367
183,368
183,369
183,370
184,371
213,371
434,371
185,372
381,418
442,433
19,525
328,534
76,558
19,562
472,593
402,599
300,649
249,650
250,651
19,655
469,738
160,796
299,796
433,797
183,798
248,799
61,827
93,836
499,836
215,842
159,855
298,855
228,891
375,893
247,936
183,937
183,938
417,942
477,1002
435,1029
432,1044
161,1045
183,1065
184,1066
213,1066
434,1066
214,1067
80,1114
233,1138
349,1156
264,1192
81,1198
214,1226
520,1239
302,1245
303,1246
161,1302
344,1384
311,1385
345,1385
184,1391
213,1391
434,1391
247,1481
414,1571
247,1580
248,1581
351,1582
475,1633
507,1635
508,1636
292,1672
474,1673
249,1727
472,1733
473,1734
474,1735
159,1770
298,1770
506,1771
507,1772
75,1778
76,1779
106,1786
476,1801
441,1812
442,1813
404,1826
256,1839
247,1876
250,1920
57,1951
352,1951
32,2080
303,2086
215,2094
32,2145
297,2153
432,2159
21,2175
67,2187
247,2199
183,2200
184,2201
213,2201
434,2201
432,2268
433,2269
184,2270
213,2270
434,2270
435,2271
436,2272
247,2277
183,2278
183,2279
184,2280
213,2280
434,2280
338,2369
505,2369
475,2436
476,2437
477,2438
442,2471
432,2473
196,2477
348,2486
349,2487
182,2488
183,2489
183,2490
183,2491
183,2492
183,2493
184,2510
213,2510
434,2510
414,2512
433,2523
469,2537
18,2541
521,2542
250,2577
159,2583
298,2583
170,2651
418,2660
19,2682
469,2709
257,2756
258,2757
214,2773
292,2800
474,2801
284,2807
285,2808
433,2826
184,2827
213,2827
434,2827
185,2828
186,2829
328,2850
184,2861
213,2861
434,2861
339,2889
264,2956
264,2989
19,2995
292,3052
474,3053
510,3092
413,3118
292,3175
474,3176
78,3227
215,3242
77,3273
159,3279
298,3279
214,3333
403,3337
429,3368
412,3384
475,3402
476,3403
477,3404
399,3409
183,3465
183,3466
183,3467
184,3468
213,3468
434,3468
478,3480
159,3516
298,3516
506,3517
507,3518
61,3648
185,3658
382,3675
509,3678
521,3715
404,3776
185,3844
227,3847
218,3850
433,3888
32,3923
58,3934
353,3934
413,3943
475,3972
475,3993
476,3994
477,3995
170,4102
414,4127
433,4138
183,4139
184,4140
213,4140
434,4140
399,4171
19,4180
468,4212
77,4231
158,4249
445,4252
433,4281
248,4282
257,4358
250,4368
432,4389
433,4390
184,4391
213,4391
434,4391
475,4410
341,4422
433,4498
183,4499
286,4510
475,4641
476,4642
263,4767
376,4809
432,4849
433,4850
412,4860
19,4903
468,4947
433,4951
184,4952
213,4952
434,4952
214,4953
215,4954
413,4968
414,5069
344,5092
490,5126
159,5148
298,5148
160,5149
299,5149
300,5150
159,5157
298,5157
399,5221
400,5222
339,5271
159,5324
298,5324
382,5331
289,5359
290,5360
256,5368
19,5374
445,5432
414,5441
432,5448
504,5477
185,5499
19,5511
20,5512
417,5513
68,5556
250,5559
170,5602
413,5605
338,5611
505,5611
339,5612
75,5627
76,5628
184,5662
213,5662
434,5662
519,5714
520,5715
418,5729
381,5732
77,5749
75,5759
76,5760
63,5781
476,5788
444,5841
445,5842
170,5869
341,5910
256,5932
76,5952
170,5965
344,5971
80,6013
292,6030
91,6031
374,6032
215,6059
477,6106
476,6120
520,6153
521,6154
75,6160
520,6161
19,6162
285,6171
286,6172
170,6202
432,6204
300,6205
273,6278
19,6284
20,6285
417,6286
247,6363
183,6364
184,6365
213,6365
434,6365
185,6366
507,6388
285,6398
292,6406
474,6407
475,6408
432,6409
214,6411
507,6421
170,6436
159,6447
298,6447
339,6448
469,6461
376,6464
338,6468
505,6468
22,6475
255,6477
411,6477
80,6497
429,6503
412,6515
287,6517
288,6518
344,6565
477,6586
490,6590
264,6595
196,6598
214,6606
76,6654
77,6679
78,6680
77,6760
448,6772
77,6794
78,6795
257,6813
435,6828
214,6874
285,6879
248,6896
159,6914
298,6914
160,6915
299,6915
382,6989
80,6998
17,7025
18,7026
290,7058
291,7059
57,7064
352,7064
76,7125
477,7175
214,7238
344,7342
76,7364
342,7367
429,7381
214,7407
472,7463
344,7474
338,7524
505,7524
339,7525
76,7545
184,7581
213,7581
434,7581
263,7609
77,7621
78,7622
19,7642
401,7695
402,7696
285,7717
214,7753
77,7786
292,7801
474,7802
469,7804
477,7844
508,7926
509,7927
286,7945
508,7979
342,7987
414,7997
160,8013
299,8013
49,8064
249,8111
250,8112
214,8128
49,8157
255,8177
411,8177
338,8192
505,8192
339,8193
68,8199
477,8201
413,8209
414,8210
159,8217
298,8217
339,8218
519,8450
76,8451
76,8562
77,8563
78,8564
159,8570
298,8570
285,8697
19,8701
264,8730
19,8785
432,8841
433,8842
184,8843
213,8843
434,8843
185,8844
520,8895
521,8896
258,8972
376,9036
349,9181
214,9183
19,9186
472,9228
473,9229
474,9230
475,9231
249,9239
250,9240
341,9287
289,9292
290,9293
520,9318
19,9319
20,9320
417,9321
18,9362
344,9363
311,9364
345,9364
19,9409
522,9413
519,9427
76,9428
77,9736
443,9746
75,9754
76,9755
76,9765
475,9789
476,9790
476,9823
76,9843
300,9943
303,9980
62,9981
80,10012
214,10051
402,10064
159,10089
298,10089
160,10090
299,10090
520,10116
80,10200
77,10207
17,10235
382,10236
80,10369
233,10397
149,10428
75,10484
520,10485
19,10486
149,10552
48,10590
49,10591
77,10762
520,10872
264,10878
414,10934
414,10955
256,10991
257,10992
258,10993
303,11026
49,11033
76,11059
233,11204
399,11298
400,11299
401,11300
382,11336
433,11379
183,11380
184,11381
213,11381
434,11381
214,11382
264,11397
63,11484
247,11528
159,11550
298,11550
339,11551
413,11552
414,11553
420,11558
489,11560
381,11576
80,11661
328,11778
414,11798
419,11812
286,11837
404,11845
338,11849
505,11849
339,11850
194,11934
402,11990
403,11991
475,12057
432,12058
231,12077
302,12147
520,12171
521,12172
475,12203
432,12204
185,12206
159,12212
298,12212
339,12213
215,12271
433,12324
248,12325
241,12418
183,12550
339,12573
435,12600
341,12601
342,12602
343,12603
520,12612
344,12613
18,12621
348,12672
287,12675
288,12676
429,12683
303,12690
381,12692
264,12713
76,12759
432,12789
433,12790
183,12791
18,12867
445,12925
311,13049
345,13049
196,13107
77,13138
78,13139
413,13149
414,13150
77,13174
78,13175
508,13218
273,13315
418,13328
508,13412
509,13413
285,13435
286,13436
77,13590
170,13610
472,13616
413,13620
520,13625
77,13631
32,13634
292,13683
474,13684
475,13685
303,13735
77,13848
78,13849
476,13866
77,13884
443,13914
344,14008
521,14034
522,14035
20,14044
21,14045
263,14056
264,14057
520,14075
19,14076
381,14081
18,14082
470,14224
419,14226
303,14257
432,14269
470,14312
264,14349
402,14431
403,14432
477,14484
414,14491
376,14585
303,14689
475,14729
432,14730
159,14741
298,14741
339,14742
340,14743
286,14790
159,14855
298,14855
19,14889
508,14936
509,14937
342,15079
343,15080
71,15095
19,15111
340,15157
341,15158
263,15163
300,15186
249,15187
250,15188
19,15222
264,15408
195,15422
338,15424
505,15424
339,15425
76,15433
76,15509
49,15556
19,15570
264,15621
149,15696
253,15752
254,15753
308,15753
410,15753
255,15754
411,15754
412,15755
32,15787
197,15798
419,15848
477,15952
264,15986
382,16055
247,16061
254,16174
308,16174
410,16174
255,16175
411,16175
303,16266
75,16279
520,16280
518,16329
341,16352
342,16353
382,16367
264,16406
327,16412
328,16413
433,16429
418,16483
429,16534
521,16584
292,16614
474,16615
328,16619
521,16680
522,16681
519,16696
185,16700
287,16718
80,16760
433,16819
183,16820
258,16822
442,16836
521,16848
338,16866
505,16866
160,16867
299,16867
257,16868
18,16951
338,17008
505,17008
339,17009
196,17036
197,17037
443,17043
413,17059
414,17060
476,17188
57,17190
352,17190
19,17293
339,17336
159,17383
298,17383
339,17384
413,17385
414,17386
311,17500
345,17500
472,17510
469,17521
282,17529
339,17588
215,17605
508,17633
509,17634
414,17665
432,17723
257,17724
289,17742
344,17778
256,18016
214,18018
76,18068
412,18073
312,18132
264,18221
196,18224
197,18225
475,18266
476,18267
477,18268
150,18308
432,18310
433,18311
432,18329
300,18330
249,18331
250,18332
503,18342
504,18343
414,18376
232,18381
290,18460
185,18513
283,18759
446,18759
284,18760
285,18761
287,18822
339,18885
77,18929
78,18930
340,18947
341,18948
295,18957
296,18958
170,18965
349,19073
419,19098
520,19103
521,19104
435,19129
264,19169
19,19173
20,19174
18,19217
344,19218
311,19219
345,19219
185,19247
19,19281
412,19334
18,19346
77,19357
286,19383
287,19384
495,19385
339,19392
338,19417
505,19417
339,19418
378,19484
285,19520
303,19610
62,19611
403,19626
160,19677
299,19677
257,19678
349,19736
247,19818
442,19883
443,19884
77,20001
233,20012
76,20033
342,20115
263,20120
247,20122
183,20123
248,20124
272,20126
77,20179
69,20209
257,20210
182,20244
184,20245
213,20245
434,20245
435,20260
77,20343
159,20405
298,20405
339,20406
340,20407
264,20459
429,20529
256,20592
161,20593
215,20620
68,20630
382,20657
230,20669
338,20674
505,20674
339,20675
413,20676
382,20690
170,20722
521,20745
264,20780
338,20947
505,20947
506,20948
170,21078
433,21093
228,21132
519,21218
520,21219
19,21220
339,21245
77,21282
78,21283
196,21284
287,21334
247,21347
183,21348
248,21349
311,21363
345,21363
32,21366
264,21395
436,21413
247,21418
348,21450
379,21473
17,21593
77,21595
78,21596
382,21606
328,21622
18,21645
344,21646
338,21687
505,21687
506,21688
507,21689
520,21780
433,21846
184,21847
213,21847
434,21847
246,21862
247,21863
286,21902
403,22048
520,22050
475,22098
476,22099
214,22108
254,22125
308,22125
410,22125
255,22126
411,22126
256,22127
433,22128
404,22145
285,22149
343,22188
158,22192
521,22312
232,22370
290,22414
264,22416
330,22447
254,22448
308,22448
410,22448
255,22449
411,22449
508,22470
303,22501
62,22502
63,22503
349,22513
418,22563
432,22627
508,22630
344,22666
311,22667
345,22667
214,22701
182,22766
475,22807
286,22816
77,22822
77,22900
77,22906
433,22929
184,22930
213,22930
434,22930
17,22934
382,22935
468,22951
433,22955
184,22956
213,22956
434,22956
214,22957
76,23001
77,23017
76,23061
80,23074
214,23085
303,23106
399,23140
400,23141
404,23169
61,23183
62,23184
517,23323
63,23370
184,23414
213,23414
434,23414
506,23436
507,23437
508,23438
509,23439
161,23513
264,23539
328,23584
18,23592
344,23593
519,23612
76,23613
382,23622
32,23669
256,23731
257,23732
520,23787
521,23788
404,23971
69,23999
433,24000
184,24001
213,24001
434,24001
339,24045
521,24070
419,24129
289,24153
290,24154
264,24156
520,24279
521,24280
263,24285
32,24323
80,24330
490,24338
76,24342
328,24365
329,24366
57,24396
352,24396
303,24399
62,24400
75,24409
76,24410
77,24411
78,24412
79,24413
80,24414
81,24415
233,24442
159,24519
298,24519
160,24520
299,24520
161,24521
258,24528
259,24529
285,24537
286,24546
287,24547
303,24558
62,24559
470,24573
327,24582
328,24583
342,24592
374,24616
382,24624
404,24643
214,24650
475,24691
432,24692
161,24693
286,24719
19,24733
76,24737
302,24778
303,24779
432,24878
161,24879
19,24928
414,24938
508,24974
340,24989
254,25002
308,25002
410,25002
255,25003
411,25003
256,25004
433,25005
183,25006
183,25007
414,25046
32,25082
312,25094
442,25100
432,25102
429,25191
520,25244
521,25245
76,25250
77,25251
78,25252
143,25289
254,25290
308,25290
410,25290
255,25291
411,25291
256,25292
70,25293
71,25294
432,25356
433,25357
287,25365
263,25418
159,25432
298,25432
338,25465
505,25465
442,25587
443,25588
338,25691
505,25691
477,25693
429,25755
388,25777
184,25782
213,25782
434,25782
402,25796
77,25842
76,25871
78,25887
376,25937
402,25962
401,25981
149,26024
78,26042
338,26044
505,26044
315,26049
159,26147
298,26147
382,26156
338,26257
505,26257
521,26312
522,26313
507,26430
77,26462
296,26692
297,26693
233,26706
272,26734
341,26739
75,26845
76,26846
255,26860
411,26860
477,26862
518,26932
519,26933
508,26948
432,27017
374,27065
231,27078
327,27086
328,27087
436,27133
429,27162
264,27196
247,27234
184,27235
213,27235
434,27235
214,27236
272,27336
263,27352
264,27353
285,27377
436,27379
340,27395
214,27454
349,27462
182,27463
477,27486
478,27487
419,27489
467,27509
476,27511
477,27512
433,27662
76,27709
170,27743
342,27767
77,27769
303,27774
77,27817
78,27818
68,27855
185,27945
520,28022
477,28038
507,28047
508,28048
509,28049
342,28062
77,28121
342,28152
343,28153
520,28185
349,28216
404,28270
215,28277
508,28292
296,28339
476,28452
57,28454
352,28454
470,28456
286,28504
250,28536
19,28555
292,28572
474,28573
475,28574
285,28581
286,28582
521,28592
477,28610
249,28622
250,28623
247,28676
183,28677
248,28678
478,28680
287,28700
476,28776
477,28777
475,28791
432,28792
249,28800
519,28835
76,28836
257,28854
231,28869
256,28877
433,28878
248,28879
301,28880
302,28881
303,28882
391,28891
214,28896
215,28897
264,28945
265,28946
341,28947
342,28948
404,28969
402,28980
477,29038
77,29101
432,29119
433,29120
382,29141
476,29152
477,29153
420,29191
62,29201
338,29214
505,29214
160,29215
299,29215
214,29217
182,29236
184,29237
213,29237
434,29237
341,29283
399,29374
443,29377
442,29386
328,29404
419,29411
475,29429
380,29449
327,29512
328,29513
339,29552
518,29623
264,29643
382,29658
382,29678
256,29697
433,29698
473,29707
474,29708
475,29709
476,29710
338,29729
505,29729
477,29731
160,29740
299,29740
257,29741
508,29748
339,29751
433,29774
183,29775
248,29776
477,29794
489,29798
490,29799
265,29810
341,29811
342,29812
433,29858
248,29859
477,29947
392,29975
265,29982
341,29983
342,29984
403,30076
404,30077
75,30079
520,30080
19,30081
432,30177
257,30178
185,30196
76,30256
159,30282
298,30282
339,30283
247,30319
183,30320
183,30321
477,30387
297,30390
184,30441
213,30441
434,30441
509,30457
80,30471
233,30482
79,30536
80,30537
158,30548
504,30568
341,30655
159,30754
298,30754
160,30755
299,30755
300,30756
477,30767
343,30788
521,30789
419,30802
247,30910
183,30911
183,30912
290,30932
159,30939
298,30939
476,30978
433,30982
248,30983
477,31018
150,31042
432,31044
433,31045
20,31106
254,31113
308,31113
410,31113
255,31114
411,31114
433,31165
183,31166
184,31167
213,31167
434,31167
423,31172
375,31175
19,31257
432,31329
433,31330
183,31331
159,31357
298,31357
339,31358
215,31360
431,31362
476,31363
477,31364
159,31461
298,31461
506,31462
507,31463
160,31490
299,31490
257,31491
399,31584
400,31585
343,31625
342,31644
77,31646
248,31665
249,31666
77,31675
344,31731
311,31732
345,31732
214,31789
414,31826
159,31830
298,31830
161,31901
215,31954
431,31956
476,31957
215,31968
476,31990
170,32000
469,32002
399,32007
508,32024
159,32061
298,32061
339,32062
413,32075
414,32076
340,32110
263,32113
247,32115
183,32116
184,32117
213,32117
434,32117
338,32225
505,32225
339,32226
520,32275
19,32276
339,32374
413,32375
414,32376
382,32417
77,32447
78,32448
150,32450
476,32452
77,32491
350,32528
301,32529
412,32538
76,32550
342,32553
507,32583
508,32584
219,32627
220,32628
214,32650
18,32663
285,32797
521,32818
220,32826
477,32882
77,32891
520,32899
214,32910
215,32911
476,32922
414,32928
292,32981
293,32982
344,33041
311,33042
345,33042
377,33065
300,33121
351,33122
340,33125
341,33126
77,33134
300,33203
253,33228
254,33229
308,33229
410,33229
255,33230
411,33230
256,33231
300,33232
301,33233
265,33287
507,33342
328,33350
257,33359
338,33364
505,33364
467,33377
432,33379
441,33392
442,33393
328,33409
218,33492
442,33502
432,33504
257,33505
338,33690
505,33690
292,33718
474,33719
78,33756
159,33763
298,33763
76,33779
214,33787
214,33792
19,33858
253,33869
254,33870
308,33870
410,33870
255,33871
411,33871
214,33901
215,33902
76,33909
342,33912
475,33916
76,33944
342,33956
343,33957
19,33958
80,33965
170,33972
403,33975
215,33993
185,34071
170,34097
432,34099
433,34100
248,34101
254,34107
308,34107
410,34107
339,34136
247,34190
183,34191
184,34192
213,34192
434,34192
185,34193
380,34196
159,34215
298,34215
160,34216
299,34216
249,34233
257,34255
258,34256
170,34284
432,34286
433,34287
184,34288
213,34288
434,34288
214,34289
300,34293
433,34337
78,34382
77,34545
78,34546
230,34672
231,34673
159,34682
298,34682
477,34684
286,34688
159,34702
298,34702
339,34703
413,34704
508,34746
521,34756
264,34801
17,34805
18,34806
344,34807
311,34808
345,34808
520,34844
344,34845
404,34880
432,34971
300,34972
351,34973
247,35082
183,35083
248,35084
351,35085
413,35096
507,35117
508,35118
509,35119
510,35120
340,35171
147,35197
17,35200
342,35204
77,35206
159,35212
298,35212
339,35213
159,35236
298,35236
160,35237
299,35237
508,35251
292,35296
474,35297
265,35333
263,35336
159,35395
298,35395
170,35425
159,35437
298,35437
520,35550
521,35551
444,35579
445,35580
184,35591
213,35591
434,35591
247,35617
184,35618
213,35618
434,35618
214,35619
220,35707
340,35837
77,35859
78,35860
303,35899
77,35953
78,35954
32,35999
159,36003
298,36003
506,36004
349,36061
520,36071
19,36072
472,36157
150,36196
432,36198
433,36199
183,36200
183,36201
184,36202
213,36202
434,36202
435,36203
341,36204
342,36205
487,36284
488,36285
489,36286
256,36349
80,36530
220,36532
469,36558
470,36559
328,36578
81,36639
341,36645
342,36646
96,36665
68,36688
170,36700
342,36739
476,36769
417,36807
32,36830
443,36851
77,36890
77,36896
77,36974
303,37021
77,37035
342,37060
18,37080
158,37084
412,37112
57,37118
352,37118
160,37128
299,37128
264,37194
19,37206
303,37219
476,37230
405,37247
433,37253
433,37355
170,37416
292,37474
474,37475
414,37537
402,37582
247,37590
183,37591
341,37608
254,37703
308,37703
410,37703
445,37706
170,37717
312,37734
328,37772
329,37773
76,37804
402,37821
265,37837
263,37840
342,37867
343,37868
19,37869
338,37905
505,37905
506,37906
507,37907
507,37926
303,37949
520,37986
343,38012
170,38068
159,38091
298,38091
339,38092
214,38126
215,38127
472,38144
473,38145
474,38146
475,38147
432,38148
435,38150
341,38151
342,38152
247,38164
183,38165
184,38166
213,38166
434,38166
214,38167
77,38170
78,38171
340,38189
341,38190
17,38297
77,38299
475,38324
432,38325
343,38383
247,38391
183,38392
183,38393
183,38394
518,38404
340,38434
341,38435
77,38514
494,38515
412,38530
338,38538
505,38538
339,38539
413,38540
342,38558
517,38578
160,38584
299,38584
507,38607
508,38608
477,38658
402,38699
349,38710
225,38780
159,38818
298,38818
506,38819
507,38847
507,38853
159,38999
298,38999
215,39036
321,39081
340,39105
233,39135
378,39207
509,39215
76,39219
477,39240
264,39247
215,39288
63,39385
17,39387
18,39388
344,39389
311,39390
345,39390
312,39391
77,39422
264,39434
17,39501
18,39502
18,39535
344,39536
311,39537
345,39537
289,39565
290,39566
77,39617
76,39650
342,39653
233,39705
264,39721
376,39748
377,39749
510,39801
32,39846
285,39867
264,39892
76,39920
77,39921
287,39929
220,39944
341,39961
338,39966
505,39966
339,39967
413,39968
124,40002
264,40033
215,40035
344,40058
477,40110
18,40114
413,40140
185,40187
412,40197
413,40198
160,40279
299,40279
231,40350
214,40422
215,40423
402,40432
403,40433
76,40435
77,40439
341,40450
49,40464
19,40478
20,40479
17,40553
348,40560
435,40578
311,40606
345,40606
214,40644
520,40666
344,40667
159,40736
298,40736
160,40737
299,40737
257,40738
258,40739
149,40766
477,40779
518,40819
470,40828
342,40847
32,40855
76,40884
77,40885
508,40891
429,40981
519,41059
419,41203
432,41291
433,41292
184,41293
213,41293
434,41293
285,41330
503,41458
344,41574
264,41602
157,41662
158,41663
159,41664
298,41664
158,41669
214,41904
159,41924
298,41924
339,41925
508,41965
159,41998
298,41998
339,42017
257,42070
18,42102
339,42109
106,42148
340,42297
263,42300
339,42349
77,42353
78,42354
47,42388
519,42393
470,42499
159,42517
298,42517
159,42528
298,42528
344,42568
257,42668
476,42677
477,42678
214,42728
214,42793
338,42798
505,42798
339,42799
413,42800
414,42801
344,42820
311,42821
345,42821
21,42972
32,43034
19,43043
149,43058
292,43070
474,43071
475,43072
344,43079
220,43112
404,43134
159,43176
298,43176
339,43177
414,43193
376,43268
57,43324
352,43324
159,43382
298,43382
339,43383
18,43444
414,43455
246,43494
214,43496
328,43605
490,43615
338,43624
505,43624
160,43625
299,43625
414,43628
342,43637
292,43719
474,43720
436,43741
264,43760
487,43845
488,43846
264,43868
412,43949
285,43953
285,43959
286,43960
215,43999
477,44007
263,44064
257,44089
432,44103
300,44104
264,44236
233,44268
382,44398
477,44460
344,44467
311,44468
345,44468
422,44512
160,44526
299,44526
80,44570
264,44676
419,44829
61,44939
62,44940
475,45042
432,45043
18,45052
344,45053
311,45054
345,45054
476,45079
185,45108
227,45173
519,45182
520,45183
344,45251
214,45321
19,45324
77,45380
476,45411
490,45493
286,45510
77,45619
254,45622
308,45622
410,45622
429,45649
246,45655
286,45735
196,45737
285,45878
263,45891
77,45912
78,45913
77,45948
160,45982
299,45982
75,46026
518,46033
432,46060
475,46133
257,46219
18,46284
286,46385
315,46428
508,46514
230,46542
231,46543
315,46553
251,46598
504,46630
342,46660
170,46732
215,46736
159,46746
298,46746
339,46747
149,46774
472,46782
375,46803
376,46804
382,46836
377,46915
378,46916
254,46946
308,46946
410,46946
255,46947
411,46947
348,46965
508,46977
76,47023
520,47063
520,47091
377,47117
231,47129
246,47161
391,47170
339,47182
247,47348
253,47360
144,47361
215,47392
159,47402
298,47402
198,47415
227,47436
506,47484
507,47485
233,47516
508,47520
509,47521
286,47561
348,47564
338,47570
505,47570
303,47591
61,47614
62,47615
475,47686
432,47687
300,47688
250,47703
233,47751
476,47816
477,47817
19,47826
432,47842
214,47844
490,48010
184,48051
213,48051
434,48051
214,48052
77,48055
68,48090
477,48092
285,48120
286,48121
159,48137
298,48137
339,48138
300,48150
402,48172
214,48211
292,48228
293,48229
170,48231
214,48315
350,48343
339,48387
49,48498
80,48537
518,48541
476,48609
433,48632
184,48633
213,48633
434,48633
402,48735
159,48742
298,48742
412,48765
339,48783
19,48797
20,48798
32,48809
63,48885
392,48898
344,48937
311,48973
345,48973
170,48989
432,48991
349,49024
77,49034
78,49035
76,49076
286,49085
150,49088
432,49090
194,49157
443,49196
444,49197
445,49198
344,49249
311,49250
345,49250
442,49274
443,49275
76,49343
19,49384
159,49429
298,49429
339,49430
214,49508
149,49537
264,49575
247,49612
339,49619
287,49621
375,49642
402,49660
184,49725
213,49725
434,49725
520,49779
19,49780
476,49825
477,49826
477,49910
247,49937
184,49938
213,49938
434,49938
214,49939
215,49940
442,49989
432,50025
77,50060
77,50112
170,50125
442,50174
342,50185
404,50198
264,50242
63,50333
159,50431
298,50431
339,50432
340,50433
341,50434
342,50435
264,50541
254,50630
308,50630
410,50630
255,50631
411,50631
414,50638
433,50645
184,50646
213,50646
434,50646
435,50647
341,50648
342,50649
403,50652
429,50653
412,50774
19,50842
20,50843
417,50844
264,50852
414,50854
149,50860
328,50875
471,50985
472,50986
342,50998
343,50999
518,51028
508,51039
419,51107
264,51162
414,51164
80,51228
219,51408
220,51409
508,51459
509,51460
160,51482
299,51482
257,51483
338,51554
505,51554
339,51555
285,51559
520,51567
507,51608
508,51609
412,51641
264,51645
158,51709
405,51749
339,51879
413,51880
470,51935
225,51949
214,51989
77,52082
78,52083
521,52114
61,52132
185,52165
344,52184
311,52185
345,52185
78,52191
264,52321
508,52408
477,52412
340,52427
341,52428
342,52429
76,52607
520,52706
521,52707
342,52714
347,52724
159,52800
298,52800
339,52801
264,52805
265,52806
477,52813
340,52871
303,52880
62,52881
347,52883
76,52888
18,52967
344,52968
77,53002
78,53003
220,53009
476,53022
342,53038
343,53039
170,53104
344,53200
263,53253
377,53275
61,53326
62,53327
378,53364
68,53421
196,53425
303,53450
62,53451
433,53605
183,53606
76,53614
247,53656
402,53661
159,53682
298,53682
196,53758
302,53765
77,53802
78,53803
246,53823
76,53842
77,53843
78,53844
521,54032
77,54047
233,54161
419,54221
215,54336
445,54410
61,54470
62,54471
414,54491
215,54505
68,54510
469,54613
520,54631
19,54632
214,54660
339,54703
76,54836
170,54858
432,54860
214,54862
214,54907
75,54910
520,54911
49,54938
257,54957
394,54966
80,55013
475,55062
432,55063
475,55104
215,55190
412,55267
342,55373
69,55456
214,55458
215,55459
349,55471
185,55473
158,55547
159,55548
298,55548
339,55549
77,55565
78,55566
413,55707
214,55731
215,55732
432,55792
300,55793
32,55889
19,56034
185,56057
402,56078
215,56090
520,56097
302,56109
303,56110
159,56152
298,56152
339,56153
194,56215
495,56217
375,56232
376,56233
77,56251
494,56252
342,56257
343,56258
19,56259
76,56471
18,56484
17,56501
77,56503
78,56504
338,56506
505,56506
77,56523
380,56618
247,56641
184,56642
213,56642
434,56642
214,56643
215,56644
379,56719
380,56720
247,56759
183,56760
170,56767
19,56822
158,56858
344,56872
311,56873
345,56873
338,56876
505,56876
339,56877
413,56878
504,56944
471,56962
413,57012
414,57016
159,57092
298,57092
339,57093
255,57132
411,57132
18,57192
19,57193
20,57194
80,57200
374,57211
183,57296
184,57297
213,57297
434,57297
357,57336
349,57340
350,57341
264,57348
159,57399
298,57399
254,57429
308,57429
410,57429
255,57430
411,57430
214,57505
159,57579
298,57579
160,57580
299,57580
61,57635
413,57690
414,57691
160,57709
299,57709
508,57712
509,57713
264,57798
325,57841
376,57847
377,57848
257,57884
247,57891
248,57892
475,57895
159,58040
298,58040
339,58041
429,58111
378,58122
379,58123
285,58154
414,58156
469,58322
520,58328
214,58350
521,58376
522,58377
473,58585
474,58586
422,58618
508,58634
403,58686
76,58688
286,58695
433,58711
248,58712
348,58748
230,58845
231,58846
149,58912
433,58946
183,58947
339,58988
508,59121
509,59122
473,59168
474,59169
477,59174
478,59175
419,59177
521,59194
80,59279
71,59338
159,59350
298,59350
477,59352
61,59371
413,59402
414,59403
160,59436
299,59436
285,59547
508,59582
509,59583
77,59669
338,59702
505,59702
106,59722
443,59760
351,59784
