316,19
268,33
300,138
103,161
104,162
105,163
283,253
284,254
287,267
190,290
251,302
302,302
303,303
411,424
168,480
165,524
168,545
469,558
85,574
398,597
180,599
254,606
254,640
177,645
178,646
286,649
332,649
165,654
283,736
105,842
252,908
315,1009
330,1043
285,1044
331,1044
440,1068
282,1134
357,1134
241,1253
165,1383
166,1384
445,1384
167,1385
164,1400
322,1436
119,1516
252,1589
282,1628
357,1628
283,1629
190,1631
85,1654
57,1706
119,1713
141,1731
469,1779
283,1799
284,1800
359,1805
281,1812
330,1814
119,1971
316,2068
105,2094
322,2151
284,2158
285,2159
331,2159
284,2267
285,2268
331,2268
383,2274
88,2292
102,2369
277,2373
284,2415
104,2417
440,2418
463,2441
304,2442
474,2462
322,2463
362,2465
330,2472
285,2473
331,2473
246,2482
284,2652
141,2659
84,2736
85,2737
209,2798
297,2818
103,2889
208,2953
209,2954
208,2957
209,2958
209,2987
165,2994
208,3043
190,3055
190,3073
315,3103
253,3225
289,3236
105,3242
106,3243
300,3273
338,3327
442,3328
443,3329
253,3345
254,3346
255,3347
330,3412
255,3427
287,3479
208,3555
209,3556
315,3558
316,3559
164,3584
168,3644
268,3646
245,3649
246,3650
330,3668
165,3714
84,3723
144,3786
434,3807
358,3848
178,3883
179,3884
245,3907
283,3951
284,3952
85,4075
358,4100
284,4103
315,4122
330,4174
397,4201
358,4204
190,4213
284,4216
100,4221
300,4231
152,4232
348,4248
287,4283
156,4302
138,4382
285,4389
331,4389
438,4420
287,4442
164,4600
100,4674
178,4795
157,4797
253,4801
330,4848
285,4849
331,4849
104,4861
119,4899
105,4954
106,4955
338,4962
253,5043
301,5045
251,5046
302,5046
303,5047
166,5092
445,5092
286,5150
332,5150
315,5190
156,5223
209,5226
103,5271
193,5417
194,5418
195,5419
321,5420
315,5427
316,5428
285,5448
331,5448
383,5547
260,5553
410,5556
358,5601
284,5603
102,5611
103,5612
469,5628
470,5629
471,5630
211,5652
212,5653
440,5680
300,5749
254,5756
469,5760
330,5787
140,5794
358,5868
469,5952
358,5964
166,5971
445,5971
105,6059
138,6069
244,6093
178,6103
284,6119
440,6158
358,6201
284,6203
285,6204
331,6204
286,6205
332,6205
287,6206
163,6281
164,6282
165,6283
285,6409
331,6409
103,6448
102,6468
304,6531
166,6565
445,6565
338,6579
440,6607
441,6608
468,6653
469,6654
300,6679
460,6716
261,6755
300,6760
152,6761
300,6794
170,6797
213,6816
214,6817
440,6875
287,6897
127,6924
128,6951
338,6965
424,7024
434,7115
469,7125
298,7136
299,7137
255,7139
443,7337
299,7338
166,7342
445,7342
468,7363
469,7364
214,7377
461,7383
166,7474
445,7474
440,7492
102,7524
103,7525
104,7526
460,7532
468,7544
469,7545
164,7604
300,7621
443,7655
299,7656
209,7661
180,7696
254,7746
300,7786
402,7826
178,7858
442,7873
268,7948
299,7988
85,8002
291,8061
440,8129
102,8192
103,8193
410,8199
178,8206
103,8218
104,8219
440,8220
442,8356
469,8451
383,8541
468,8561
469,8562
300,8563
299,8579
209,8672
284,8840
285,8841
331,8841
209,8845
440,8878
468,8894
104,9014
121,9032
470,9040
471,9041
168,9146
166,9363
445,9363
167,9364
168,9365
165,9408
85,9412
86,9413
469,9428
261,9435
262,9436
84,9474
175,9521
164,9566
168,9638
254,9641
255,9642
256,9643
253,9732
254,9733
300,9736
469,9755
468,9764
469,9765
177,9819
330,9822
469,9843
119,9877
119,9904
253,9912
286,9943
332,9943
254,9985
180,10064
141,10096
119,10106
460,10121
322,10143
300,10207
119,10231
170,10303
168,10367
406,10396
127,10446
338,10455
383,10458
119,10506
165,10632
406,10666
316,10700
300,10762
208,10837
142,10844
156,10856
208,10879
316,10897
209,10916
315,10918
158,10969
164,11017
253,11042
301,11044
468,11058
469,11059
141,11078
330,11084
172,11348
440,11383
440,11399
316,11497
76,11531
103,11551
254,11591
253,11685
315,11730
119,11766
305,11806
102,11849
103,11850
254,11868
250,11935
251,11936
302,11936
178,11965
288,11979
180,11990
64,11996
285,12058
331,12058
288,12075
243,12077
269,12126
468,12170
285,12204
331,12204
103,12213
104,12214
193,12247
104,12270
105,12271
287,12326
470,12354
471,12355
266,12394
141,12564
103,12573
209,12575
299,12594
444,12603
166,12613
445,12613
269,12648
468,12686
440,12715
469,12759
406,12769
284,12788
285,12789
331,12789
178,12922
84,13007
167,13049
168,13050
142,13070
300,13138
165,13167
300,13174
289,13180
84,13224
452,13253
178,13279
121,13301
472,13302
214,13311
440,13522
316,13559
474,13585
300,13590
358,13608
300,13631
277,13693
383,13706
303,13716
245,13736
209,13840
104,13845
300,13848
330,13865
164,13882
300,13884
165,13920
166,14008
445,14008
86,14035
468,14074
244,14079
316,14118
442,14168
386,14251
387,14252
284,14268
285,14269
331,14269
402,14332
83,14391
106,14425
180,14431
438,14489
119,14603
434,14693
285,14730
331,14730
103,14742
121,14965
472,14966
473,14967
444,15080
165,15110
339,15161
286,15186
332,15186
434,15218
290,15374
119,15396
102,15424
103,15425
209,15427
469,15433
469,15509
164,15610
440,15623
164,15651
140,15658
178,15773
438,15783
178,15855
164,15885
470,15887
261,15917
141,15965
119,16028
120,16029
440,16072
358,16102
209,16114
164,16189
287,16241
104,16276
440,16277
438,16314
299,16354
440,16399
208,16407
268,16416
291,16417
338,16440
442,16441
86,16681
253,16739
213,16810
214,16811
330,16837
102,16866
85,16896
141,16907
254,16925
247,16968
267,16999
102,17008
103,17009
209,17011
438,17033
163,17082
164,17083
165,17084
119,17213
104,17273
168,17279
438,17312
103,17336
209,17353
103,17384
167,17500
168,17501
254,17504
252,17532
103,17588
105,17605
178,17625
471,17642
330,17722
285,17723
331,17723
166,17778
445,17778
387,17852
209,17940
119,17996
290,18025
291,18026
157,18062
469,18068
470,18069
471,18070
472,18071
104,18074
163,18162
434,18202
195,18275
440,18304
285,18310
331,18310
285,18329
331,18329
286,18330
332,18330
402,18379
261,18393
178,18527
157,18529
214,18536
141,18629
142,18630
164,18643
209,18667
442,18726
316,18786
103,18885
257,18910
338,18914
442,18915
443,18916
300,18929
85,18933
360,18957
462,18958
338,18997
339,18998
338,19046
261,19056
434,19085
119,19206
166,19218
445,19218
167,19219
141,19230
267,19320
268,19321
269,19322
300,19357
103,19392
119,19408
102,19417
103,19418
119,19424
277,19469
315,19503
315,19509
406,19555
128,19573
178,19715
181,19826
468,19834
128,19836
316,19842
303,19893
434,19924
300,20001
152,20002
209,20007
468,20032
469,20033
299,20116
283,20156
300,20179
421,20239
315,20274
253,20336
300,20343
257,20373
103,20406
474,20444
84,20610
104,20619
105,20620
410,20630
164,20651
172,20670
102,20674
103,20675
284,20723
104,20725
178,20766
179,20767
209,20778
440,20782
386,20791
387,20792
84,20864
178,20880
254,20914
255,20915
83,20925
102,20947
268,20980
291,20981
85,20991
338,21035
442,21036
443,21037
299,21038
282,21076
357,21076
358,21077
178,21090
178,21161
88,21175
103,21245
300,21282
304,21290
305,21291
119,21311
175,21320
438,21332
167,21363
383,21415
246,21475
298,21478
299,21479
157,21485
190,21503
300,21595
254,21599
166,21646
445,21646
89,21648
102,21687
168,21705
303,21737
468,21779
57,21836
84,21876
322,21897
178,21997
178,22006
104,22021
165,22041
386,22164
387,22165
442,22186
443,22187
444,22188
138,22241
99,22244
100,22245
165,22338
181,22402
104,22457
282,22486
357,22486
283,22487
251,22517
302,22517
84,22572
138,22596
284,22626
285,22627
331,22627
166,22666
445,22666
167,22667
440,22702
209,22772
300,22822
152,22823
406,22861
254,22897
300,22900
152,22901
300,22906
468,23000
469,23001
300,23017
164,23034
303,23049
468,23060
469,23061
257,23134
156,23142
127,23151
128,23152
268,23181
128,23249
304,23253
84,23334
402,23402
166,23593
445,23593
469,23613
283,23662
284,23663
338,23715
442,23716
443,23717
299,23718
254,23742
434,23747
315,23766
173,23806
164,23841
244,23859
178,23884
84,23949
127,23958
443,24011
103,24045
85,24082
178,24116
208,24157
209,24158
241,24192
84,24222
468,24278
434,24306
178,24317
100,24328
468,24341
469,24342
104,24406
440,24407
469,24410
300,24411
252,24461
84,24468
438,24533
299,24593
285,24692
331,24692
469,24737
420,24848
421,24849
284,24877
285,24878
331,24878
165,24927
164,24986
330,25101
285,25102
331,25102
99,25125
322,25226
468,25243
469,25250
300,25251
209,25328
285,25356
331,25356
169,25460
102,25465
236,25568
102,25691
253,25720
179,25795
180,25796
300,25842
468,25870
469,25871
119,25916
180,25962
102,26044
163,26129
164,26130
253,26161
254,26162
209,26227
315,26229
102,26257
86,26313
87,26314
88,26315
300,26462
442,26485
127,26508
241,26521
141,26655
461,26691
462,26692
253,26694
254,26695
406,26705
141,26713
468,26768
322,26771
469,26846
168,26852
284,26922
104,26924
330,27016
285,27017
331,27017
243,27078
304,27121
164,27140
252,27150
471,27184
472,27185
440,27237
208,27354
209,27355
330,27393
440,27455
156,27484
288,27513
138,27548
266,27571
289,27595
252,27684
468,27708
469,27709
282,27740
357,27740
358,27741
299,27768
300,27769
142,27784
304,27792
300,27817
410,27855
121,28034
472,28035
284,28045
256,28074
168,28101
300,28121
164,28148
444,28153
316,28175
434,28201
105,28277
462,28339
463,28340
304,28341
254,28345
209,28367
362,28393
148,28406
265,28438
266,28439
252,28486
253,28487
267,28496
85,28558
104,28589
289,28652
287,28679
470,28729
330,28775
285,28792
331,28792
469,28836
168,28857
252,28864
243,28869
471,28874
472,28875
105,28897
268,28954
180,28980
287,29028
300,29101
301,29102
285,29119
331,29119
287,29137
304,29170
102,29214
440,29218
438,29281
137,29302
119,29315
190,29388
209,29399
322,29523
103,29552
315,29616
119,29639
209,29641
208,29644
254,29683
102,29729
103,29751
104,29752
254,29759
470,29766
253,29819
254,29820
338,29951
289,30016
157,30123
244,30147
285,30177
331,30177
209,30197
469,30256
164,30276
103,30283
121,30383
472,30384
168,30469
252,30583
287,30605
358,30709
253,30734
254,30735
286,30756
332,30756
287,30757
298,30787
444,30788
304,30799
304,30814
100,30894
287,30984
288,31019
285,31044
331,31044
171,31052
100,31089
84,31104
251,31170
302,31170
303,31171
464,31172
165,31256
253,31282
285,31329
331,31329
104,31340
103,31358
104,31359
105,31360
106,31361
254,31383
441,31385
442,31386
208,31547
209,31548
156,31586
104,31588
444,31625
277,31628
454,31630
460,31638
299,31645
300,31646
121,31657
300,31675
165,31730
166,31731
445,31731
167,31732
168,31733
157,31742
283,31892
105,31954
106,31955
104,31967
105,31968
358,31999
103,32062
104,32063
177,32103
209,32185
438,32221
102,32225
103,32226
119,32238
261,32330
103,32374
300,32447
85,32471
300,32491
468,32549
469,32550
299,32554
277,32666
100,32675
101,32676
164,32707
127,32738
128,32739
177,32748
358,32751
440,32799
119,32814
251,32822
302,32822
173,32825
104,32836
440,32837
300,32891
152,32892
105,32911
284,32984
166,33041
445,33041
167,33042
286,33121
332,33121
299,33133
300,33134
152,33135
178,33144
179,33145
156,33195
286,33203
332,33203
287,33204
286,33232
332,33232
254,33254
168,33362
102,33364
285,33379
331,33379
121,33382
281,33392
163,33440
164,33441
245,33473
330,33503
285,33504
331,33504
338,33513
442,33514
338,33520
442,33521
261,33527
315,33551
102,33690
208,33715
209,33716
254,33742
468,33778
469,33779
141,33798
165,33857
105,33902
469,33909
468,33943
469,33944
444,33957
358,33971
105,33993
338,34039
209,34072
178,34086
190,34094
284,34098
285,34099
331,34099
287,34102
474,34109
322,34110
330,34129
103,34136
121,34138
104,34176
193,34275
358,34283
284,34285
285,34286
331,34286
286,34293
332,34293
287,34294
252,34379
253,34380
170,34384
128,34432
138,34475
300,34545
454,34631
412,34652
304,34670
243,34673
103,34703
165,34755
166,34807
445,34807
167,34808
166,34845
445,34845
254,34937
285,34971
331,34971
286,34972
332,34972
104,34976
178,35114
299,35205
300,35206
103,35213
291,35280
284,35426
104,35428
99,35444
100,35445
338,35456
304,35468
303,35512
470,35664
471,35665
472,35666
473,35667
474,35668
173,35706
209,35740
440,35759
283,35773
284,35774
209,35777
142,35831
300,35859
245,35900
300,35953
170,35956
178,35963
179,35964
157,35986
440,36038
253,36044
165,36057
121,36120
289,36160
285,36198
331,36198
299,36206
245,36222
338,36288
120,36345
121,36346
472,36347
178,36407
440,36497
254,36522
173,36531
398,36561
299,36647
454,36659
410,36688
411,36689
282,36698
357,36698
358,36699
284,36701
299,36740
330,36768
104,36773
300,36890
152,36891
300,36896
277,36969
300,36974
152,36975
173,36984
300,37035
299,37061
253,37085
471,37087
472,37088
209,37114
165,37205
330,37229
83,37318
254,37320
284,37417
104,37433
421,37495
119,37515
163,37546
180,37582
387,37629
358,37715
284,37718
157,37739
268,37786
291,37787
469,37804
178,37819
179,37820
180,37821
444,37868
471,37889
472,37890
102,37905
178,37923
304,37930
444,38012
253,38021
301,38023
88,38058
358,38066
284,38069
119,38080
103,38092
105,38127
285,38148
331,38148
299,38153
300,38170
300,38299
152,38300
285,38325
331,38325
298,38382
444,38383
277,38398
420,38409
421,38410
177,38413
178,38414
236,38453
99,38505
104,38511
300,38514
121,38532
102,38538
103,38539
299,38559
250,38589
178,38604
180,38699
253,38736
340,38780
172,38878
261,38900
164,38904
165,38905
105,39036
468,39218
469,39219
119,39286
105,39288
166,39389
445,39389
167,39390
330,39396
300,39422
301,39423
251,39424
302,39424
252,39425
208,39435
315,39520
166,39536
445,39536
167,39537
300,39617
468,39649
469,39650
252,39677
253,39678
406,39704
254,39823
104,39827
267,39884
469,39920
300,39921
301,39922
254,39934
441,39936
339,39937
173,39943
102,39966
103,39967
165,39982
304,40005
361,40007
438,40018
105,40035
166,40058
445,40058
291,40078
141,40084
438,40222
440,40306
289,40316
243,40350
253,40360
254,40361
105,40423
180,40432
469,40435
300,40439
165,40477
208,40544
167,40606
236,40610
386,40613
166,40667
445,40667
270,40685
297,40747
269,40807
152,40868
168,40879
468,40883
469,40884
300,40885
301,40886
199,40908
292,40908
141,41003
209,41108
315,41145
119,41182
440,41184
82,41224
285,41291
331,41291
140,41300
252,41336
322,41433
438,41450
453,41552
166,41574
445,41574
438,41613
316,41636
253,41670
254,41671
252,41714
253,41715
268,41760
178,41823
254,41917
255,41918
103,41925
104,41926
387,41931
322,41952
209,41961
301,41985
103,42017
177,42033
178,42034
179,42035
289,42038
290,42039
269,42040
156,42068
103,42109
209,42111
199,42205
292,42205
254,42214
257,42266
103,42349
104,42350
300,42353
128,42423
166,42568
445,42568
421,42593
471,42673
316,42716
440,42794
102,42798
103,42799
254,42817
166,42820
445,42820
167,42821
297,42860
440,42882
127,42910
128,42911
261,42926
121,42934
268,43059
291,43060
166,43079
445,43079
289,43092
173,43111
195,43122
321,43123
269,43147
282,43170
357,43170
103,43177
254,43255
178,43297
179,43298
163,43316
103,43383
102,43624
299,43638
470,43639
471,43640
213,43712
214,43713
253,43752
471,43754
472,43755
121,43762
178,43778
179,43779
156,43873
244,43903
245,43904
253,43944
471,43946
472,43947
251,43962
302,43962
105,43999
177,44003
178,44004
339,44062
285,44103
331,44103
286,44104
332,44104
304,44256
289,44264
290,44265
338,44289
339,44290
209,44319
163,44330
266,44372
267,44373
119,44455
166,44467
445,44467
167,44468
100,44568
138,44583
252,44594
253,44595
83,44603
84,44604
468,44637
209,44647
267,44687
472,44751
141,44770
283,44780
284,44781
209,44995
164,45031
190,45040
285,45043
331,45043
166,45053
445,45053
167,45054
168,45055
330,45078
358,45142
253,45156
471,45158
472,45159
358,45174
119,45247
166,45251
445,45251
300,45380
301,45381
164,45469
128,45471
316,45477
438,45581
254,45586
164,45617
300,45619
152,45620
141,45692
300,45912
170,45915
119,45925
300,45948
253,46002
330,46059
285,46060
331,46060
438,46097
190,46131
104,46135
440,46136
244,46147
440,46253
322,46261
438,46504
243,46543
254,46632
164,46656
299,46661
119,46687
284,46733
104,46735
105,46736
103,46747
268,46775
454,46827
119,46922
209,46924
210,46925
469,47023
470,47024
471,47025
128,47122
243,47129
287,47163
103,47182
127,47195
164,47252
470,47254
165,47313
105,47392
268,47418
358,47437
406,47515
193,47524
303,47534
168,47568
102,47570
268,47598
291,47599
285,47687
331,47687
286,47688
332,47688
287,47689
406,47710
234,47769
284,47792
104,47794
254,47823
330,47841
285,47842
331,47842
440,47845
322,47871
164,47876
165,47877
254,47967
300,48055
410,48090
316,48128
103,48138
121,48140
286,48150
332,48150
104,48158
178,48170
179,48171
180,48172
288,48239
289,48240
178,48277
164,48302
104,48305
322,48349
103,48387
104,48388
440,48389
299,48462
83,48598
254,48600
284,48608
178,48619
330,48698
180,48735
257,48752
104,48766
170,48780
103,48783
104,48784
254,48794
104,48837
164,48845
330,48869
177,48891
148,48902
254,48934
166,48937
445,48937
167,48973
358,48988
284,48990
285,48991
331,48991
300,49034
469,49076
285,49090
331,49090
100,49227
253,49245
254,49246
166,49249
445,49249
167,49250
247,49293
468,49342
469,49343
253,49369
471,49371
103,49430
164,49494
440,49509
303,49513
164,49522
103,49619
471,49638
180,49660
291,49710
253,49786
164,49805
288,49827
178,49907
105,49940
291,49960
330,49990
157,50015
330,50024
285,50025
331,50025
300,50060
178,50067
121,50082
300,50112
228,50122
284,50126
178,50134
157,50136
330,50175
299,50186
119,50209
121,50244
254,50268
440,50293
441,50294
289,50302
115,50328
267,50389
119,50400
120,50401
103,50432
299,50436
442,50451
443,50452
299,50453
470,50454
471,50455
472,50456
468,50508
267,50554
83,50586
84,50587
288,50624
288,50714
168,50784
254,50820
438,50880
100,50925
101,50926
195,50946
173,50973
444,50999
283,51131
284,51132
282,51194
357,51194
283,51195
119,51204
442,51237
88,51330
268,51497
291,51498
437,51508
254,51540
102,51554
103,51555
168,51579
209,51643
195,51649
321,51650
88,51669
442,51750
291,51780
470,51857
471,51858
103,51879
289,51929
468,51932
253,51941
340,51949
440,51990
268,52013
269,52014
300,52082
119,52120
164,52173
164,52182
165,52183
166,52184
445,52184
167,52185
252,52188
253,52189
170,52193
259,52241
209,52319
104,52383
299,52430
442,52435
322,52528
387,52543
178,52552
156,52598
209,52601
469,52607
128,52611
178,52645
468,52705
299,52715
470,52716
420,52725
421,52726
103,52801
209,52803
297,52828
420,52884
421,52885
469,52888
288,52899
119,52959
120,52960
121,52961
166,52968
445,52968
164,53000
300,53002
170,53005
171,53006
172,53007
173,53008
330,53021
444,53039
245,53068
246,53069
247,53070
253,53075
254,53076
255,53077
261,53083
358,53102
284,53105
338,53144
442,53145
315,53165
316,53166
119,53196
166,53200
445,53200
338,53291
410,53421
141,53490
156,53603
469,53614
438,53650
180,53661
244,53707
440,53734
300,53802
141,53814
468,53841
469,53842
300,53843
303,53849
277,53889
140,53932
140,53959
300,54047
254,54054
119,54071
330,54128
261,54143
119,54148
290,54158
283,54214
284,54215
104,54217
383,54251
119,54334
105,54336
178,54407
105,54505
410,54510
253,54578
254,54579
227,54608
228,54609
440,54661
119,54672
103,54703
253,54722
254,54723
175,54771
468,54835
469,54836
358,54855
284,54859
285,54860
331,54860
440,54863
440,54908
434,54962
119,55017
190,55060
285,55063
331,55063
104,55070
316,55099
193,55170
105,55190
165,55259
164,55362
105,55459
119,55464
189,55480
83,55522
103,55549
121,55551
472,55552
255,55555
300,55565
254,55608
267,55618
253,55628
315,55632
283,55704
284,55705
440,55711
105,55732
285,55792
331,55792
286,55793
332,55793
282,55968
357,55968
289,56008
178,56076
179,56077
180,56078
105,56090
468,56096
103,56153
104,56154
440,56155
300,56251
444,56258
121,56346
468,56470
469,56471
300,56503
102,56506
300,56523
105,56644
254,56672
284,56768
470,56853
253,56859
254,56860
166,56872
445,56872
167,56873
168,56874
102,56876
103,56877
254,57051
178,57063
104,57066
103,57093
104,57094
76,57103
104,57318
208,57349
209,57350
267,57451
178,57481
157,57483
440,57506
298,57523
128,57546
254,57805
141,57814
438,57930
178,57938
179,57939
252,57975
128,58032
103,58041
121,58043
420,58056
242,58290
172,58291
330,58303
289,58324
468,58327
86,58377
87,58378
121,58457
472,58458
119,58469
119,58517
85,58612
304,58619
469,58688
99,58758
100,58759
101,58760
127,58766
330,58775
243,58846
299,58865
251,58879
302,58879
193,58953
103,58988
104,58989
253,59048
330,59067
421,59109
267,59143
121,59184
165,59193
440,59228
268,59369
195,59422
321,59423
348,59555
119,59569
209,59624
254,59655
443,59667
299,59668
300,59669
102,59702
289,59708
