247,33
474,33
257,159
258,160
259,161
260,162
282,240
419,241
144,365
145,366
422,368
423,368
424,368
422,369
423,369
424,369
422,370
423,370
424,370
425,371
145,381
230,411
507,431
125,459
141,483
142,484
196,492
429,559
430,560
133,573
430,607
431,608
432,609
102,613
389,661
295,674
229,706
427,761
428,762
410,785
421,797
422,798
423,798
424,798
132,908
422,937
423,937
424,937
422,938
423,938
424,938
432,958
195,964
145,970
133,979
491,1000
363,1001
422,1065
423,1065
424,1065
425,1066
426,1067
261,1068
306,1085
389,1098
228,1137
249,1137
476,1137
427,1142
344,1151
145,1224
426,1226
460,1240
488,1244
362,1300
231,1366
232,1367
466,1373
425,1391
195,1402
359,1408
390,1424
192,1447
345,1516
89,1519
132,1589
274,1598
133,1653
345,1713
145,1725
429,1780
430,1781
193,1849
145,1875
94,1930
345,1971
244,2135
363,2169
422,2200
423,2200
424,2200
425,2201
230,2229
25,2242
421,2269
425,2270
422,2278
423,2278
424,2278
422,2279
423,2279
424,2279
425,2280
228,2301
249,2301
476,2301
250,2302
192,2341
442,2368
443,2369
413,2371
260,2417
261,2418
422,2489
423,2489
424,2489
422,2490
423,2490
424,2490
422,2491
423,2491
424,2491
422,2492
423,2492
424,2492
422,2493
423,2493
424,2493
434,2497
128,2504
425,2510
421,2523
429,2572
430,2573
411,2574
444,2584
133,2598
427,2680
426,2773
273,2818
274,2819
362,2824
421,2826
425,2827
425,2861
259,2889
442,2914
144,2955
144,2959
145,2960
144,2988
347,2991
361,3045
143,3050
133,3147
493,3181
413,3193
427,3209
426,3333
427,3334
137,3363
429,3426
246,3443
473,3443
344,3462
422,3465
423,3465
424,3465
422,3466
423,3466
424,3466
422,3467
423,3467
424,3467
425,3468
144,3557
330,3581
247,3646
474,3646
248,3647
475,3647
161,3660
162,3661
192,3702
180,3718
421,3888
228,3961
249,3961
476,3961
229,3962
133,4074
359,4119
144,4121
421,4138
422,4139
423,4139
424,4139
425,4140
466,4148
218,4182
145,4192
421,4281
362,4348
421,4390
425,4391
311,4411
145,4440
421,4498
422,4499
423,4499
424,4499
460,4516
358,4601
251,4781
252,4782
334,4791
413,4798
421,4850
260,4861
496,4867
345,4899
427,4901
421,4951
425,4952
426,4953
359,4980
246,5020
473,5020
140,5057
141,5058
197,5065
144,5227
145,5228
128,5236
259,5271
444,5377
144,5426
134,5479
343,5572
443,5611
259,5612
230,5619
425,5662
261,5680
246,5683
473,5683
230,5727
429,5734
430,5735
411,5736
412,5737
357,5744
358,5745
429,5746
430,5747
428,5748
141,5853
428,5916
402,5956
442,5992
363,6105
261,6158
89,6339
145,6345
422,6364
423,6364
424,6364
425,6365
379,6403
380,6404
426,6411
427,6412
428,6413
359,6414
144,6416
259,6448
443,6468
358,6570
359,6571
363,6585
426,6606
261,6607
262,6608
441,6697
133,6711
231,6785
358,6793
363,6860
364,6861
445,6861
426,6874
261,6875
403,7023
429,7138
466,7214
426,7238
90,7279
429,7339
430,7340
125,7384
426,7407
261,7492
443,7524
259,7525
260,7526
425,7581
363,7587
358,7605
145,7610
193,7619
144,7662
229,7677
245,7698
246,7699
473,7699
427,7736
428,7737
430,7747
426,7753
358,7785
250,7796
362,7842
363,7843
427,7892
428,7893
247,7948
474,7948
248,7949
475,7949
228,7950
249,7950
476,7950
250,7951
429,7989
133,8001
427,8006
426,8128
261,8129
395,8190
443,8192
259,8193
259,8218
260,8219
261,8220
442,8324
230,8331
359,8452
363,8465
364,8466
445,8466
101,8473
403,8649
144,8673
145,8674
427,8699
380,8728
246,8778
473,8778
228,8809
249,8809
476,8809
250,8810
421,8842
425,8843
261,8878
133,8928
133,8937
248,8994
475,8994
228,8995
249,8995
476,8995
229,8996
260,9014
367,9143
368,9144
442,9167
426,9183
427,9184
412,9205
230,9225
358,9243
429,9262
430,9263
460,9265
402,9289
429,9429
102,9563
358,9567
230,9589
133,9665
306,9705
430,9734
428,9735
359,9756
133,9777
364,9824
445,9824
345,9877
345,9904
144,9915
494,9918
380,9938
426,10051
358,10080
345,10106
77,10145
379,10186
380,10187
345,10231
133,10250
429,10261
329,10285
358,10419
145,10440
274,10472
345,10506
320,10517
330,10639
229,10667
230,10745
145,10755
460,10873
496,10892
360,10901
144,10917
359,10946
491,10980
359,11060
248,11202
475,11202
228,11203
249,11203
476,11203
140,11261
141,11262
142,11263
196,11302
427,11369
460,11371
421,11379
422,11380
423,11380
424,11380
425,11381
426,11382
261,11383
329,11387
261,11399
429,11431
259,11551
429,11578
89,11593
231,11608
414,11696
94,11731
292,11762
343,11764
344,11765
345,11766
133,11802
230,11814
26,11824
443,11849
259,11850
430,11869
428,11870
359,11871
507,11987
281,12109
307,12109
499,12110
363,12145
250,12149
432,12154
380,12179
259,12213
260,12214
488,12265
489,12266
490,12267
491,12268
260,12270
195,12305
421,12324
359,12340
140,12380
141,12381
442,12436
88,12510
427,12515
422,12550
423,12550
424,12550
259,12573
359,12595
144,12597
145,12598
460,12604
231,12639
245,12658
261,12715
230,12720
162,12745
421,12790
422,12791
423,12791
424,12791
230,12897
427,12934
411,12935
133,12990
358,13023
429,13024
228,13096
249,13096
476,13096
359,13117
144,13119
145,13120
442,13129
357,13166
358,13173
245,13201
246,13202
473,13202
25,13381
320,13384
498,13426
261,13522
26,13560
221,13826
222,13827
260,13845
427,13846
428,13847
364,13867
445,13867
358,13883
460,13921
133,14042
427,14059
347,14068
460,14083
304,14089
305,14090
304,14098
144,14123
367,14147
368,14148
369,14149
466,14188
466,14333
140,14341
141,14342
141,14415
429,14423
490,14429
427,14443
428,14444
230,14551
429,14589
430,14590
345,14603
218,14629
219,14630
244,14668
427,14674
320,14706
403,14708
363,14726
259,14742
434,14750
428,14771
429,14772
427,14887
395,14987
363,15088
364,15089
445,15089
379,15117
245,15135
246,15136
473,15136
145,15164
429,15197
430,15198
428,15199
369,15239
248,15375
475,15375
228,15376
249,15376
476,15376
229,15377
345,15396
443,15424
259,15425
144,15428
162,15498
246,15541
473,15541
427,15568
320,15592
128,15603
261,15623
364,15635
445,15635
347,15757
358,15760
429,15761
363,15775
380,15820
140,15834
358,15886
145,15901
427,15988
432,16005
345,16028
261,16072
260,16276
261,16277
460,16281
163,16285
359,16355
193,16366
261,16399
247,16416
474,16416
421,16429
133,16526
136,16540
415,16540
137,16541
134,16556
328,16572
492,16638
362,16656
421,16819
422,16820
423,16820
424,16820
507,16834
443,16866
133,16895
257,16923
333,16957
443,17008
259,17009
133,17048
358,17090
246,17110
473,17110
429,17144
248,17153
475,17153
228,17154
249,17154
476,17154
250,17155
345,17213
89,17249
260,17273
427,17274
411,17275
412,17276
494,17290
320,17296
259,17336
144,17354
145,17355
332,17368
259,17384
479,17436
250,17514
132,17532
444,17547
145,17571
259,17588
332,17703
410,17715
428,17716
480,17743
162,17745
390,17955
134,17989
128,17992
345,17996
426,18018
413,18063
260,18074
427,18075
257,18098
261,18304
246,18307
473,18307
421,18311
134,18345
380,18426
413,18530
145,18573
145,18620
195,18645
335,18744
429,18828
258,18884
259,18885
335,18926
427,18937
124,18957
268,19013
133,19031
197,19065
228,19113
249,19113
476,19113
368,19132
427,19171
345,19206
427,19279
247,19321
474,19321
193,19345
259,19392
345,19408
427,19410
428,19411
429,19412
443,19417
259,19418
345,19424
88,19451
89,19452
134,19467
347,19539
229,19556
230,19557
145,19672
427,19723
428,19724
94,19790
442,19809
329,19847
492,19943
493,19944
427,19987
427,19999
428,20000
359,20097
274,20101
145,20121
422,20123
423,20123
424,20123
395,20142
402,20148
427,20164
428,20165
128,20214
425,20245
304,20251
143,20272
144,20273
94,20275
193,20281
432,20283
196,20301
344,20327
259,20406
260,20619
442,20673
443,20674
259,20675
260,20725
427,20749
144,20779
261,20782
320,20804
246,20807
473,20807
362,20849
258,20926
395,20945
443,20947
395,20978
247,20980
474,20980
133,20990
192,21033
421,21093
259,21245
142,21277
345,21311
422,21348
423,21348
424,21348
358,21527
231,21578
193,21605
428,21660
443,21687
497,21805
427,21821
428,21822
362,21844
421,21846
425,21847
395,21891
333,21906
230,21911
231,21912
140,22012
141,22013
260,22021
427,22022
442,22094
145,22106
426,22108
427,22109
421,22128
133,22193
133,22235
460,22339
248,22347
475,22347
228,22348
249,22348
476,22348
229,22349
479,22413
260,22457
497,22552
344,22620
368,22651
369,22652
344,22698
426,22701
261,22702
144,22773
145,22774
413,22809
250,22862
133,22893
430,22898
428,22899
344,22917
421,22929
425,22930
421,22955
425,22956
426,22957
145,22969
467,22987
468,22988
145,23083
426,23085
427,23086
428,23087
429,23088
430,23089
347,23145
247,23181
474,23181
248,23182
475,23182
466,23403
425,23414
432,23518
320,23522
133,23556
429,23614
133,23655
128,23702
144,23765
395,23793
358,23842
128,23922
421,24000
425,24001
259,24045
442,24080
144,24159
140,24214
432,24264
362,24310
363,24311
364,24312
445,24312
365,24313
446,24313
442,24333
134,24335
359,24343
246,24350
473,24350
94,24357
344,24383
260,24406
261,24407
222,24433
223,24447
132,24461
145,24526
426,24650
429,24738
250,24755
496,24759
497,24760
491,24775
363,24776
320,24922
421,25005
422,25006
423,25006
424,25006
422,25007
423,25007
424,25007
432,25177
245,25270
245,25344
421,25357
362,25403
358,25414
493,25434
443,25465
347,25497
141,25518
431,25521
432,25522
230,25525
231,25526
251,25546
252,25547
252,25636
442,25690
443,25691
444,25692
145,25763
425,25782
359,25872
345,25916
432,25929
133,25946
145,25974
196,25983
352,25996
443,26044
357,26056
358,26057
427,26101
320,26116
193,26155
134,26174
427,26182
197,26223
144,26228
443,26257
444,26258
410,26310
319,26384
369,26424
412,26435
488,26502
442,26568
230,26778
77,26786
245,26906
260,26924
427,26925
444,26939
252,26971
88,27075
131,27149
132,27150
133,27151
230,27177
425,27235
426,27236
261,27237
402,27248
413,27312
362,27333
363,27334
364,27335
445,27335
368,27398
230,27431
426,27454
261,27455
363,27485
250,27559
291,27567
421,27662
488,27672
132,27684
230,27694
231,27695
196,27849
390,27861
145,27892
219,27928
460,28023
142,28076
143,28077
144,28078
145,28079
191,28099
427,28119
428,28120
358,28149
133,28320
395,28335
144,28368
131,28485
132,28486
410,28553
347,28577
260,28589
427,28590
460,28639
145,28675
422,28677
423,28677
424,28677
442,28684
132,28864
421,28878
426,28896
245,28952
246,28953
473,28953
247,28954
474,28954
248,28955
475,28955
228,28956
249,28956
476,28956
229,28957
311,28961
493,28962
358,28974
245,28982
145,29026
363,29037
428,29100
421,29120
443,29214
426,29217
261,29218
425,29237
345,29315
496,29337
144,29400
102,29414
311,29430
140,29468
141,29469
304,29474
432,29502
259,29552
94,29617
345,29639
144,29642
421,29698
364,29711
445,29711
443,29729
444,29730
259,29751
260,29752
430,29760
421,29774
422,29775
423,29775
424,29775
430,29821
428,29822
359,29823
421,29858
363,29946
344,29964
24,30069
346,30094
413,30124
230,30159
230,30251
259,30283
422,30320
423,30320
424,30320
422,30321
423,30321
424,30321
133,30435
425,30441
140,30498
268,30547
131,30582
132,30583
145,30603
245,30626
246,30627
473,30627
228,30712
249,30712
476,30712
229,30713
422,30911
423,30911
424,30911
422,30912
423,30912
424,30912
361,30969
362,30970
421,30982
499,31005
421,31045
493,31116
421,31165
422,31166
423,31166
424,31166
425,31167
28,31173
125,31181
364,31201
445,31201
140,31212
258,31246
25,31268
193,31306
421,31330
422,31331
423,31331
424,31331
260,31340
259,31358
260,31359
25,31368
262,31385
401,31387
402,31388
145,31468
144,31549
145,31550
257,31565
260,31588
344,31662
89,31690
245,31712
246,31713
473,31713
426,31789
427,31790
133,31857
364,31958
445,31958
365,31959
446,31959
260,31967
364,31991
445,31991
395,32039
259,32062
260,32063
493,32069
491,32108
145,32114
422,32116
423,32116
424,32116
425,32117
427,32147
431,32148
443,32225
259,32226
344,32237
345,32238
143,32269
144,32270
413,32280
493,32303
133,32348
26,32369
259,32374
491,32395
363,32396
364,32397
445,32397
364,32453
445,32453
390,32546
429,32555
143,32593
144,32594
426,32650
427,32651
428,32652
444,32730
304,32778
261,32799
345,32814
427,32816
260,32836
261,32837
497,32839
347,32887
358,32890
344,32907
426,32910
347,32977
380,32979
311,32985
493,32986
494,32987
145,32993
26,32996
134,33058
363,33196
364,33197
445,33197
443,33364
444,33447
358,33466
359,33467
248,33574
475,33574
228,33575
249,33575
476,33575
229,33576
230,33577
428,33600
140,33651
141,33652
443,33690
231,33708
232,33709
358,33773
429,33774
380,33783
145,33785
426,33787
427,33788
411,33789
426,33792
364,33873
445,33873
145,33899
426,33901
131,34017
192,34037
367,34041
368,34042
421,34100
259,34136
260,34176
427,34177
431,34178
432,34179
422,34191
423,34191
424,34191
425,34192
379,34239
421,34287
425,34288
426,34289
427,34290
411,34291
24,34303
25,34304
421,34337
304,34352
131,34378
132,34379
333,34490
442,34507
245,34572
246,34573
473,34573
361,34649
362,34650
444,34683
259,34703
442,34795
497,34852
429,34893
442,34935
260,34976
146,35005
230,35028
145,35069
145,35081
422,35083
423,35083
424,35083
133,35159
304,35188
259,35213
434,35314
228,35368
249,35368
476,35368
229,35369
230,35370
251,35414
260,35428
427,35429
411,35430
311,35494
425,35591
425,35618
426,35619
26,35654
145,35694
144,35741
245,35745
261,35759
144,35778
358,35820
429,35821
491,35835
150,35843
229,35888
230,35889
196,35966
413,35987
261,36038
357,36056
429,36153
421,36199
422,36200
423,36200
424,36200
422,36201
423,36201
424,36201
425,36202
347,36214
320,36250
125,36283
126,36284
492,36409
492,36468
460,36475
261,36497
430,36523
428,36524
429,36525
363,36563
192,36609
193,36610
359,36648
252,36675
133,36724
359,36741
146,36750
260,36773
427,36888
428,36889
413,36920
358,36963
429,36964
430,36965
144,37115
218,37208
321,37247
421,37253
140,37279
430,37321
305,37329
421,37355
347,37371
260,37433
344,37514
345,37515
246,37550
473,37550
145,37589
422,37591
423,37591
424,37591
181,37678
362,37724
368,37748
247,37786
474,37786
429,37805
145,37841
443,37905
427,37915
144,37958
145,37959
146,37960
488,38062
489,38063
345,38080
346,38081
259,38092
426,38126
88,38141
429,38154
422,38165
423,38165
424,38165
425,38166
426,38167
427,38168
428,38169
429,38212
364,38274
445,38274
347,38307
422,38392
423,38392
424,38392
422,38393
423,38393
424,38393
422,38394
423,38394
424,38394
363,38416
364,38417
445,38417
260,38511
427,38512
428,38513
443,38538
259,38539
429,38560
360,38693
507,38696
245,38926
246,38927
473,38927
496,38952
145,39200
380,39245
345,39286
427,39321
466,39357
364,39375
445,39375
132,39425
144,39433
162,39449
94,39521
427,39615
428,39616
195,39655
196,39656
28,39670
132,39677
380,39719
347,39787
430,39824
411,39825
260,39827
427,39828
496,39864
144,39891
262,39936
497,39949
402,39963
443,39966
259,39967
380,40183
145,40185
244,40234
245,40249
246,40250
473,40250
347,40282
292,40301
261,40306
430,40362
426,40422
429,40436
430,40437
428,40438
145,40485
442,40526
429,40555
426,40644
248,40732
475,40732
228,40733
249,40733
476,40733
229,40734
273,40747
274,40748
410,40774
329,40917
380,40986
380,41100
144,41109
342,41179
343,41180
344,41181
345,41182
261,41184
246,41187
473,41187
421,41292
425,41293
430,41310
460,41312
145,41317
132,41336
25,41342
401,41375
28,41464
444,41497
364,41498
445,41498
245,41500
427,41572
498,41588
143,41600
144,41601
320,41639
413,41666
145,41683
132,41714
247,41760
474,41760
248,41761
475,41761
228,41762
249,41762
476,41762
250,41763
144,41788
145,41789
250,41801
379,41830
358,41868
429,41869
426,41904
427,41905
195,41907
259,41925
260,41926
427,41927
144,41962
133,41980
444,41999
259,42017
193,42101
259,42109
144,42112
196,42160
197,42161
198,42162
228,42186
249,42186
476,42186
229,42187
281,42250
307,42250
308,42251
309,42252
310,42253
320,42260
347,42285
369,42306
358,42316
429,42317
410,42342
259,42349
260,42350
427,42351
428,42352
359,42381
161,42383
162,42384
145,42437
413,42530
433,42540
257,42550
362,42636
492,42637
493,42638
244,42684
245,42685
246,42686
473,42686
145,42726
426,42728
427,42760
145,42791
426,42793
261,42794
443,42798
259,42799
430,42818
359,42831
429,42848
273,42860
274,42861
261,42882
246,42885
473,42885
442,43016
430,43041
247,43059
474,43059
228,43173
249,43173
476,43173
229,43174
259,43177
134,43240
135,43241
259,43383
426,43496
427,43497
428,43498
145,43529
413,43539
492,43547
196,43573
25,43583
442,43623
443,43624
403,43660
320,43667
144,43759
257,43784
126,43845
363,43874
311,43921
493,43922
94,43928
179,43967
363,44006
442,44044
320,44147
144,44235
248,44266
475,44266
228,44267
249,44267
476,44267
369,44278
144,44320
429,44345
430,44346
25,44412
345,44455
427,44457
411,44458
389,44464
131,44593
132,44594
429,44617
304,44631
305,44632
181,44641
144,44648
380,44674
390,44800
192,44807
193,44808
390,44815
347,44823
198,44859
229,44886
133,44980
428,44999
77,45011
161,45015
364,45080
445,45080
345,45247
427,45249
347,45267
380,45317
145,45319
426,45321
427,45322
429,45377
430,45378
428,45379
364,45412
445,45412
358,45434
320,45483
274,45563
358,45618
145,45697
228,45809
249,45809
476,45809
229,45810
345,45925
358,45947
328,46081
171,46090
133,46121
260,46135
261,46136
146,46195
261,46253
244,46330
458,46419
195,46430
196,46431
140,46527
141,46528
496,46592
231,46614
245,46623
358,46657
345,46687
427,46689
260,46735
259,46747
247,46775
474,46775
248,46776
475,46776
228,46777
249,46777
476,46777
229,46778
230,46779
320,46882
344,46921
345,46922
141,46980
142,46981
369,47115
259,47182
305,47246
128,47250
358,47253
460,47314
247,47418
474,47418
359,47433
360,47434
443,47570
247,47598
474,47598
380,47699
250,47711
466,47733
228,47750
249,47750
476,47750
260,47794
427,47795
428,47796
359,47797
144,47799
430,47824
426,47844
261,47845
329,47861
128,47874
362,47917
89,47934
347,47980
425,48051
426,48052
427,48053
428,48054
342,48069
430,48099
26,48129
259,48138
365,48152
446,48152
260,48158
145,48209
426,48211
260,48305
426,48315
77,48351
390,48369
259,48387
260,48388
261,48389
251,48446
429,48463
213,48502
442,48511
390,48547
421,48632
425,48633
260,48766
427,48767
411,48768
259,48783
260,48784
442,48792
430,48795
260,48837
195,48847
430,48935
381,48999
320,49003
359,49013
219,49167
230,49173
430,49247
369,49296
363,49328
364,49329
445,49329
274,49339
359,49344
144,49346
145,49347
427,49382
507,49412
259,49430
171,49479
426,49508
261,49509
477,49566
259,49619
320,49626
230,49692
425,49725
150,49742
145,49762
492,49792
145,49815
28,49851
230,49894
363,49909
425,49938
426,49939
371,49955
28,50004
427,50058
428,50059
363,50069
364,50070
445,50070
245,50072
246,50073
473,50073
145,50091
194,50158
311,50176
345,50209
145,50261
430,50269
363,50282
364,50283
445,50283
261,50293
262,50294
345,50400
496,50411
259,50432
429,50437
430,50438
460,50440
144,50540
28,50556
421,50645
425,50646
195,50670
380,50720
381,50721
133,50729
197,50803
89,50822
427,50840
442,50935
230,51109
304,51121
345,51204
442,51231
380,51295
320,51308
246,51311
473,51311
145,51384
186,51406
247,51497
474,51497
442,51538
496,51551
443,51554
259,51555
144,51644
395,51681
28,51684
133,51723
320,51748
321,51749
466,51773
460,51829
259,51879
426,51989
261,51990
245,52011
246,52012
473,52012
247,52013
474,52013
192,52044
358,52081
345,52120
248,52131
475,52131
358,52174
132,52188
292,52225
144,52320
260,52383
145,52405
444,52411
135,52493
359,52533
360,52534
491,52539
363,52540
364,52541
445,52541
144,52602
429,52608
430,52609
245,52686
442,52744
259,52801
144,52804
363,52812
434,52825
273,52828
274,52829
491,52869
428,52949
344,52958
345,52959
380,52987
358,53001
364,53023
445,53023
311,53106
345,53196
427,53198
274,53215
25,53331
421,53605
422,53606
423,53606
424,53606
261,53734
444,53763
140,53775
141,53776
142,53777
133,53790
134,53887
357,54042
358,54043
429,54044
430,54045
428,54046
89,54056
345,54071
193,54099
432,54101
345,54148
248,54159
475,54159
228,54160
249,54160
476,54160
432,54188
260,54217
28,54237
345,54334
28,54417
306,54568
426,54660
261,54661
345,54672
259,54703
140,54750
141,54751
497,54783
145,54800
274,54832
426,54862
261,54863
413,54872
426,54907
261,54908
359,54924
344,55016
345,55017
427,55019
260,55070
311,55105
493,55106
342,55140
28,55152
357,55258
460,55260
492,55423
493,55424
426,55458
345,55464
427,55466
259,55549
430,55609
144,55631
344,55686
261,55711
246,55714
473,55714
426,55731
143,55746
413,55751
246,55765
473,55765
228,55971
249,55971
476,55971
250,55972
259,56153
260,56154
261,56155
413,56210
430,56249
428,56250
395,56280
133,56300
493,56316
460,56485
443,56506
245,56571
442,56601
425,56642
426,56643
442,56670
430,56673
496,56698
427,56708
145,56758
422,56760
423,56760
424,56760
444,56785
364,56786
445,56786
245,56788
134,56791
430,56820
430,56861
460,56863
430,56870
443,56876
259,56877
257,56919
395,56949
260,57066
133,57078
259,57093
260,57094
320,57151
304,57160
305,57161
28,57219
422,57296
423,57296
424,57296
425,57297
260,57318
427,57319
413,57484
426,57505
261,57506
432,57512
433,57513
170,57521
268,57599
363,57614
245,57647
133,57761
430,57806
257,57912
304,57956
132,57975
395,58026
259,58041
145,58089
146,58090
311,58304
426,58350
345,58469
427,58471
428,58472
429,58473
94,58510
345,58517
427,58519
362,58578
133,58611
143,58626
359,58689
421,58711
191,58736
192,58737
193,58738
194,58739
134,58762
429,58866
246,58870
473,58870
488,58904
421,58946
422,58947
423,58947
424,58947
26,58950
332,58963
259,58988
260,58989
131,59054
145,59210
261,59228
145,59297
395,59306
427,59326
431,59327
432,59328
444,59351
247,59369
474,59369
248,59370
475,59370
345,59569
430,59656
428,59657
410,59680
411,59681
412,59682
443,59702
311,59738
493,59739
102,59777
