305,67
306,68
130,149
288,209
445,220
446,221
482,366
157,367
516,368
516,369
516,370
349,371
248,378
249,379
482,381
483,382
290,458
429,480
492,490
338,516
339,517
492,537
429,545
495,596
484,650
338,664
131,690
360,696
305,702
306,703
307,704
223,764
348,797
516,798
290,835
504,841
421,867
157,936
516,937
516,938
158,939
482,970
472,1005
156,1027
516,1065
349,1066
377,1068
481,1191
482,1224
133,1246
493,1256
129,1354
424,1368
349,1391
480,1427
481,1428
493,1435
422,1436
156,1480
157,1481
129,1573
174,1576
156,1579
157,1580
220,1652
528,1665
480,1670
481,1724
482,1725
483,1726
484,1727
485,1728
362,1729
341,1742
457,1755
220,1769
491,1829
427,1847
249,1873
482,1875
157,1876
222,1985
223,1986
337,2045
338,2046
222,2071
223,2072
129,2074
131,2084
132,2085
133,2086
493,2150
422,2151
423,2152
156,2198
157,2199
516,2200
349,2201
156,2233
240,2240
348,2269
349,2270
157,2277
516,2278
516,2279
349,2280
501,2281
492,2287
493,2288
491,2345
528,2358
369,2405
370,2406
377,2418
427,2421
423,2440
422,2463
516,2489
516,2490
516,2491
516,2492
516,2493
349,2510
501,2511
347,2522
348,2523
517,2524
450,2551
220,2582
339,2596
421,2643
504,2679
242,2740
241,2808
191,2823
348,2826
349,2827
349,2861
482,2960
159,2962
213,2972
492,3008
493,3009
467,3089
468,3090
445,3091
502,3119
156,3141
502,3203
503,3204
502,3206
503,3207
504,3208
220,3224
221,3225
477,3236
520,3247
220,3278
492,3322
493,3323
221,3345
506,3348
338,3349
493,3390
481,3398
237,3440
238,3441
365,3445
516,3465
516,3466
516,3467
349,3468
501,3469
156,3477
483,3478
502,3524
339,3566
425,3568
432,3602
429,3644
446,3679
445,3709
446,3710
447,3711
448,3712
99,3726
156,3834
483,3835
347,3842
347,3887
348,3888
517,3889
502,3944
503,3945
425,3964
426,3965
220,3968
467,4051
220,4073
130,4082
317,4088
242,4126
129,4129
348,4138
516,4139
349,4140
501,4141
338,4158
482,4192
154,4254
155,4255
347,4280
348,4281
421,4289
467,4331
191,4347
156,4379
348,4390
349,4391
189,4437
481,4439
482,4440
483,4441
348,4498
516,4499
158,4500
338,4506
481,4587
119,4597
327,4616
303,4624
304,4625
447,4677
338,4723
339,4724
220,4800
221,4801
348,4850
158,4851
347,4950
348,4951
349,4952
365,5022
221,5043
485,5064
242,5068
326,5098
220,5147
482,5228
483,5229
242,5440
480,5455
378,5626
349,5662
173,5673
174,5674
504,5679
377,5680
378,5758
223,5918
129,5920
340,5947
189,6053
242,6076
337,6096
338,6097
377,6158
378,6159
447,6165
448,6166
240,6170
241,6171
255,6269
482,6345
156,6362
157,6363
516,6364
349,6365
241,6398
174,6484
115,6508
347,6525
371,6530
480,6593
481,6594
514,6604
377,6607
220,6710
338,6729
242,6737
229,6789
377,6875
240,6878
241,6879
513,6893
514,6894
515,6895
390,6923
510,6977
360,7155
337,7229
338,7230
156,7236
505,7239
341,7284
342,7285
370,7287
371,7288
379,7356
290,7395
472,7397
338,7401
467,7478
468,7479
445,7480
504,7491
377,7492
223,7547
349,7581
482,7610
426,7616
427,7617
503,7659
240,7716
241,7717
223,7739
347,7751
505,7754
448,7783
307,7794
173,7824
175,7867
510,7869
305,7908
347,7911
446,7928
399,7932
400,7933
220,8000
467,8057
468,8058
445,8059
337,8096
338,8097
156,8109
483,8110
484,8111
377,8129
173,8184
129,8212
220,8216
377,8220
505,8264
506,8265
338,8266
174,8386
339,8568
425,8595
129,8659
130,8660
131,8661
482,8674
240,8696
241,8697
353,8713
238,8776
348,8842
349,8843
377,8878
131,8979
445,8992
425,8998
491,9046
174,9059
428,9145
429,9146
325,9164
492,9168
358,9212
359,9213
484,9239
429,9365
491,9374
447,9405
448,9406
510,9442
338,9492
310,9497
129,9580
428,9637
429,9638
506,9647
338,9648
226,9668
227,9669
221,9732
378,9753
503,9846
504,9847
221,9912
347,9942
365,9976
133,9980
134,9981
446,10037
447,10038
156,10049
505,10052
493,10142
422,10143
242,10147
335,10204
390,10205
155,10275
364,10328
238,10329
491,10331
457,10366
429,10367
520,10376
222,10389
223,10390
119,10400
482,10440
390,10445
222,10489
223,10490
362,10514
173,10528
173,10605
130,10607
493,10612
447,10629
448,10630
482,10755
129,10789
130,10790
155,10895
242,10933
129,10936
174,10939
155,10952
173,11009
131,11024
132,11025
133,11026
221,11042
156,11048
210,11118
211,11119
212,11120
365,11136
173,11180
337,11232
338,11233
338,11258
339,11259
340,11260
338,11268
114,11277
362,11303
426,11306
468,11319
445,11320
446,11321
223,11329
476,11346
485,11355
362,11356
502,11366
503,11367
504,11368
348,11379
516,11380
349,11381
377,11383
378,11384
379,11385
377,11399
155,11495
338,11502
290,11523
156,11527
157,11528
158,11529
426,11546
220,11549
175,11556
149,11560
114,11603
115,11604
360,11619
138,11639
221,11685
222,11686
174,11793
220,11801
491,11848
155,11898
156,11899
156,12026
159,12028
358,12034
359,12035
85,12108
237,12245
472,12284
473,12285
474,12286
475,12287
254,12298
452,12303
348,12324
212,12344
340,12379
492,12485
493,12486
468,12537
516,12550
527,12590
528,12591
482,12598
390,12620
491,12659
307,12689
133,12690
377,12715
348,12790
516,12791
158,12792
159,12793
501,12856
502,12857
503,12858
173,12906
501,12938
158,12978
159,12979
158,13037
429,13050
358,13081
482,13120
518,13122
519,13123
520,13124
426,13142
427,13143
492,13177
493,13178
477,13180
478,13181
479,13182
155,13196
156,13197
483,13198
479,13204
432,13307
433,13308
481,13387
338,13405
339,13406
241,13435
290,13484
504,13521
377,13522
156,13533
483,13534
447,13562
448,13563
390,13629
138,13642
369,13710
370,13711
447,13718
132,13734
133,13735
453,13765
493,13811
510,13880
242,13893
502,13894
503,13895
502,13897
503,13898
527,13965
172,13992
220,14041
155,14116
155,14180
156,14181
483,14182
156,14195
426,14203
129,14205
130,14206
131,14213
494,14224
133,14257
494,14312
426,14329
481,14348
222,14393
362,14661
307,14688
133,14689
220,14740
252,14749
338,14852
339,14853
446,14938
447,14939
448,14940
479,14990
480,14991
481,15061
447,15107
448,15108
479,15138
480,15139
482,15164
347,15185
484,15187
339,15226
371,15227
426,15237
427,15238
503,15257
510,15361
480,15406
481,15407
155,15466
156,15482
360,15529
361,15530
362,15531
238,15539
365,15543
427,15545
504,15567
377,15623
129,15645
130,15646
365,15698
502,15702
503,15703
479,15735
510,15883
151,15892
482,15901
242,15906
502,15907
503,15908
502,15970
503,15971
335,16053
390,16054
156,16060
157,16061
158,16062
377,16072
426,16131
360,16136
411,16173
155,16182
485,16202
156,16239
483,16240
423,16243
424,16244
425,16245
307,16265
133,16266
377,16277
378,16278
96,16299
377,16399
348,16429
158,16430
159,16431
220,16525
131,16544
518,16659
174,16683
347,16715
517,16734
221,16739
338,16782
339,16783
348,16819
516,16820
158,16821
129,16857
220,16894
479,17001
129,17172
329,17183
510,17207
351,17215
501,17254
351,17263
429,17279
175,17319
510,17321
338,17342
339,17343
482,17355
491,17392
155,17399
118,17461
174,17462
175,17463
429,17501
482,17571
130,17578
504,17604
501,17664
156,17749
483,17750
303,17792
129,17829
156,17842
475,17855
155,17930
156,18003
222,18117
223,18118
129,18120
130,18121
129,18153
130,18154
481,18220
370,18294
493,18297
377,18304
348,18311
158,18312
484,18331
220,18337
150,18384
336,18384
337,18385
338,18386
129,18408
230,18505
155,18510
156,18511
427,18541
481,18572
482,18573
303,18597
304,18598
305,18599
482,18620
501,18622
329,18662
492,18697
493,18698
381,18729
382,18730
241,18761
242,18762
337,18845
338,18846
339,18847
171,18891
172,18892
129,18903
130,18904
220,19030
360,19063
361,19064
347,19127
156,19189
458,19220
514,19245
189,19293
491,19416
359,19487
360,19488
480,19501
481,19502
241,19520
502,19536
503,19537
307,19609
133,19610
134,19611
155,19614
482,19672
223,19726
129,19728
306,19782
155,19816
156,19817
157,19818
158,19819
159,19820
174,19851
491,19912
222,19914
475,19927
222,20055
223,20056
450,20070
482,20121
157,20122
516,20123
223,20167
138,20194
155,20202
156,20203
349,20245
472,20266
221,20336
467,20476
242,20514
173,20522
174,20523
435,20624
211,20682
212,20683
390,20689
377,20782
155,20893
447,20900
510,20921
503,21041
348,21093
517,21094
156,21144
447,21155
156,21181
173,21233
505,21313
506,21314
338,21315
156,21346
157,21347
516,21348
157,21418
158,21419
503,21530
471,21579
427,21603
450,21614
457,21704
429,21705
365,21739
504,21820
348,21846
349,21847
157,21863
492,21893
422,21897
129,21934
340,22011
155,22029
287,22044
492,22095
482,22106
348,22128
425,22134
240,22148
241,22149
505,22151
506,22152
338,22153
428,22169
96,22231
220,22234
438,22262
340,22329
447,22335
448,22336
96,22409
358,22423
359,22424
360,22425
361,22426
362,22427
156,22467
133,22501
134,22502
174,22537
155,22593
458,22668
223,22692
377,22702
158,22767
482,22774
210,22812
155,22835
156,22865
348,22929
349,22930
347,22954
348,22955
349,22956
482,22969
493,22979
223,23003
220,23006
238,23051
223,23063
482,23083
306,23104
307,23105
133,23106
447,23124
491,23174
134,23184
174,23263
210,23265
491,23342
222,23344
223,23345
349,23414
220,23555
327,23566
337,23574
338,23575
339,23576
492,23587
493,23588
175,23636
510,23638
223,23720
452,23807
479,23822
220,23873
155,23978
348,24000
349,24001
493,24052
338,24211
339,24212
340,24213
211,24253
212,24254
501,24298
307,24398
133,24399
134,24400
377,24407
378,24408
482,24526
241,24537
493,24552
306,24556
307,24557
133,24558
134,24559
493,24572
494,24573
155,24647
156,24648
481,24687
132,24753
133,24779
242,24937
457,24999
411,25001
348,25005
516,25006
516,25007
517,25008
154,25012
155,25013
155,25043
129,25048
479,25117
480,25118
481,25119
481,25140
447,25208
493,25225
422,25226
338,25282
339,25283
129,25298
491,25345
348,25357
305,25382
485,25421
156,25443
155,25557
501,25614
129,25640
221,25720
156,25735
480,25761
481,25762
482,25763
483,25764
349,25782
155,25900
155,25941
220,25945
482,25974
350,25976
362,25984
426,25987
492,26014
493,26015
223,26059
220,26062
426,26068
467,26143
221,26161
491,26172
504,26181
337,26323
338,26324
237,26372
513,26444
305,26470
493,26471
220,26547
432,26616
510,26630
221,26694
156,26753
422,26771
423,26772
424,26773
447,26798
492,26818
429,26852
491,26907
492,26908
493,26909
485,26941
362,26942
467,26981
229,27029
155,27060
156,27061
483,27062
369,27118
370,27119
371,27120
130,27211
131,27212
156,27233
157,27234
349,27235
377,27237
256,27295
427,27342
241,27377
306,27435
377,27455
158,27464
131,27556
132,27557
476,27594
477,27595
155,27626
347,27661
348,27662
517,27663
132,27773
133,27774
480,27864
481,27865
482,27892
327,27981
338,27985
242,27989
446,28050
482,28079
457,28100
429,28101
155,28173
129,28235
467,28249
504,28276
290,28338
494,28456
221,28487
479,28498
492,28531
492,28542
493,28543
241,28581
484,28622
421,28650
477,28652
482,28675
157,28676
516,28677
492,28685
118,28704
156,28798
483,28799
484,28800
429,28857
493,28866
348,28878
133,28882
478,28905
479,28906
481,28944
362,29002
482,29026
483,29027
348,29120
134,29201
377,29218
349,29237
155,29249
506,29257
338,29258
519,29422
362,29440
492,29521
493,29522
422,29523
481,29615
321,29648
152,29649
348,29698
517,29699
348,29774
516,29775
149,29798
221,29819
348,29858
334,29940
477,30016
210,30127
211,30128
212,30129
211,30163
212,30164
327,30166
338,30170
156,30318
157,30319
516,30320
516,30321
156,30342
483,30343
347,30349
423,30389
467,30398
468,30399
445,30400
220,30434
349,30441
501,30442
479,30459
429,30469
156,30492
482,30603
483,30604
365,30629
425,30715
426,30716
221,30734
492,30824
493,30825
360,30840
156,30909
157,30910
516,30911
516,30912
517,30913
525,30975
347,30981
348,30982
478,31029
365,31030
129,31033
348,31045
517,31046
174,31071
369,31079
479,31092
411,31112
238,31131
173,31151
174,31152
348,31165
516,31166
349,31167
290,31180
238,31274
491,31276
221,31282
491,31300
222,31302
223,31303
348,31330
516,31331
158,31332
220,31356
155,31391
155,31402
339,31459
482,31468
482,31550
484,31666
485,31667
429,31733
99,31745
467,31807
468,31808
445,31809
338,31821
242,31825
220,31829
414,31846
156,31861
447,31868
242,31880
480,32032
482,32114
157,32115
516,32116
349,32117
306,32130
504,32146
445,32258
175,32282
188,32290
222,32352
503,32354
467,32442
155,32478
351,32481
424,32634
338,32671
334,32735
335,32736
390,32737
241,32797
377,32799
377,32837
347,32925
501,32927
480,32991
481,32992
482,32993
447,32998
448,32999
249,33010
238,33114
347,33120
421,33146
480,33258
421,33307
156,33346
483,33347
347,33358
429,33362
448,33464
305,33546
481,33550
445,33572
447,33770
448,33771
482,33785
482,33899
338,33978
339,33979
371,33980
525,34009
348,34100
411,34106
422,34110
423,34111
155,34188
156,34189
157,34190
516,34191
349,34192
337,34198
338,34199
156,34231
483,34232
484,34233
467,34277
348,34287
349,34288
423,34296
347,34336
348,34337
158,34338
221,34380
453,34431
155,34457
156,34458
220,34681
155,34730
492,34796
481,34800
426,34834
129,34836
130,34840
492,34871
493,34872
366,34897
426,34925
156,35004
482,35069
159,35071
99,35073
482,35081
157,35082
516,35083
502,35097
503,35098
156,35178
483,35179
220,35211
350,35239
252,35313
156,35320
481,35420
479,35448
339,35466
371,35467
349,35591
501,35592
156,35616
157,35617
349,35618
481,35693
482,35694
377,35759
173,35768
174,35769
222,35866
131,35885
132,35886
307,35898
133,35899
504,36037
377,36038
221,36044
478,36104
477,36160
478,36161
365,36162
348,36199
516,36200
516,36201
349,36202
504,36218
130,36271
290,36282
148,36285
149,36286
275,36401
338,36422
501,36429
223,36443
377,36497
174,36551
494,36559
495,36560
173,36572
174,36573
156,36618
338,36721
339,36722
156,36749
452,36985
132,37020
133,37021
481,37044
221,37085
210,37163
307,37218
133,37219
348,37253
339,37277
340,37278
347,37354
348,37355
517,37356
347,37479
390,37531
503,37535
482,37589
157,37590
516,37591
517,37592
427,37652
156,37683
411,37702
428,37733
173,37793
482,37841
133,37949
482,37959
220,38020
221,38021
155,38123
156,38124
156,38163
157,38164
516,38165
349,38166
478,38217
438,38267
129,38287
421,38362
157,38391
516,38392
516,38393
516,38394
158,38395
381,38438
382,38439
453,38462
467,38484
502,38541
503,38542
501,38586
307,38597
501,38622
173,38669
255,38675
256,38676
221,38736
480,38765
432,38788
249,38828
427,38971
453,39148
481,39199
482,39200
351,39249
155,39318
475,39458
492,39486
479,39517
480,39518
481,39519
467,39525
155,39612
467,39633
468,39634
445,39635
362,39657
221,39678
505,39723
467,39798
468,39799
445,39800
421,39819
340,39849
240,39866
241,39867
479,39886
480,39887
491,39965
290,40006
291,40007
129,40040
467,40074
468,40075
445,40076
452,40091
223,40094
482,40185
156,40206
447,40252
504,40305
377,40306
477,40316
305,40353
306,40354
221,40360
326,40409
155,40419
156,40420
448,40475
189,40482
481,40484
482,40485
350,40487
510,40504
450,40523
492,40527
493,40528
445,40730
220,40825
493,40827
494,40828
255,40871
428,40878
429,40879
390,40931
220,41029
377,41184
378,41245
348,41292
349,41293
482,41317
501,41319
241,41330
493,41338
421,41432
422,41433
491,41501
426,41549
155,41634
221,41670
482,41683
221,41715
222,41716
482,41789
307,41799
145,41921
475,41934
422,41952
421,42036
477,42038
220,42157
520,42234
85,42249
427,42305
152,42328
153,42329
130,42404
482,42437
492,42474
493,42475
421,42498
494,42499
220,42516
468,42622
361,42643
347,42667
479,42688
155,42714
482,42726
174,42772
175,42773
482,42791
377,42794
491,42797
491,42815
377,42882
421,43023
491,43088
492,43089
493,43090
477,43092
242,43454
129,43457
188,43506
480,43527
481,43528
482,43529
335,43614
501,43627
174,43704
275,43737
221,43752
421,43780
148,43846
426,43915
221,43944
241,43953
241,43959
492,43977
493,43978
131,44011
347,44088
426,44188
173,44223
467,44229
468,44230
477,44264
427,44277
275,44315
238,44514
438,44540
426,44561
221,44595
448,44624
485,44651
362,44652
491,44660
447,44689
287,44697
327,44773
173,44874
130,44876
242,44881
364,44903
134,44940
506,44956
338,44957
339,44958
118,44974
220,44979
501,45045
429,45055
220,45155
221,45156
447,45166
513,45270
327,45277
275,45291
482,45319
467,45354
468,45355
156,45440
350,45442
335,45492
171,45575
172,45576
480,45645
482,45697
220,45725
491,45747
371,45833
241,45878
189,45917
195,45965
350,45984
221,46002
130,46012
528,46053
447,46078
448,46079
220,46120
377,46136
378,46137
156,46194
447,46234
377,46253
421,46260
422,46261
468,46353
445,46354
446,46355
364,46396
362,46432
491,46594
492,46595
86,46600
510,46618
491,46624
340,46667
360,46783
99,46873
436,46937
173,47013
425,47016
426,47017
414,47028
467,47042
468,47043
453,47121
156,47133
483,47162
435,47166
341,47242
115,47329
157,47348
158,47349
412,47361
450,47371
129,47397
220,47401
429,47568
307,47590
133,47591
134,47615
377,47845
118,47866
220,47868
493,47870
422,47871
502,47885
503,47886
504,47932
360,47958
361,47959
362,47960
220,48016
349,48051
241,48120
482,48209
477,48240
478,48241
364,48272
505,48306
152,48308
422,48349
377,48389
305,48569
347,48631
348,48632
349,48633
350,48634
305,48671
493,48672
96,48738
220,48741
480,48947
481,48948
326,48957
425,49018
426,49019
212,49145
338,49152
339,49153
425,49155
339,49243
221,49245
482,49347
155,49352
118,49366
220,49368
221,49369
155,49379
96,49390
338,49426
339,49427
369,49463
370,49464
371,49465
377,49509
481,49574
155,49610
156,49611
157,49612
158,49613
414,49641
249,49651
378,49671
379,49672
338,49674
339,49675
155,49718
349,49725
447,49758
482,49762
339,49784
221,49786
482,49815
337,49865
338,49866
339,49867
157,49937
349,49938
438,49951
421,50039
481,50090
482,50091
483,50092
452,50110
467,50151
155,50231
481,50241
414,50247
223,50252
482,50261
377,50293
421,50300
477,50302
447,50391
411,50629
348,50645
349,50646
467,50663
378,50682
155,50687
220,50728
457,50783
429,50784
242,50806
338,50907
339,50908
492,50927
493,50928
492,50936
174,50962
452,50974
363,51018
173,51050
174,51051
360,51147
173,51270
119,51274
506,51299
338,51300
527,51313
528,51314
338,51364
482,51384
475,51445
173,51503
338,51521
339,51522
491,51553
241,51559
429,51579
220,51722
264,51786
452,51862
421,51911
477,51929
478,51930
494,51935
221,51941
222,51942
223,51943
191,51979
347,51987
377,51990
96,52042
491,52097
437,52137
438,52138
221,52189
421,52207
338,52263
339,52264
450,52327
457,52390
482,52405
288,52504
238,52506
491,52508
421,52527
422,52528
390,52531
491,52687
480,52832
132,52879
133,52880
134,52881
135,52882
481,52896
223,52933
220,53074
221,53075
506,53078
338,53079
339,53080
480,53218
478,53263
238,53264
453,53279
134,53327
118,53342
155,53393
493,53417
132,53449
133,53450
134,53451
242,53473
155,53515
338,53544
327,53577
348,53605
516,53606
158,53607
155,53654
156,53655
157,53656
377,53734
510,53744
338,53782
339,53783
340,53784
144,53786
145,53787
527,53851
173,53913
237,53998
99,54111
134,54471
174,54485
156,54488
501,54490
221,54578
421,54644
377,54661
221,54722
445,54730
340,54749
130,54776
481,54799
482,54800
377,54863
467,54896
156,54905
377,54908
378,54909
369,54917
150,54968
336,54968
337,54969
338,54970
339,54971
155,55046
485,55113
363,55121
316,55185
129,55230
338,55335
275,55541
506,55556
338,55557
221,55628
502,55708
503,55709
504,55710
377,55711
156,55737
174,55816
421,56006
477,56008
133,56110
377,56155
378,56156
173,56168
222,56198
425,56213
290,56262
327,56266
220,56299
491,56431
493,56513
506,56537
338,56538
339,56539
130,56568
172,56580
173,56581
130,56583
156,56640
157,56641
349,56642
491,56700
482,56758
157,56759
516,56760
158,56761
491,56789
492,56804
221,56859
429,56874
476,56901
493,56921
502,57013
503,57014
173,57075
220,57077
310,57088
173,57111
516,57296
349,57297
501,57298
156,57331
483,57332
423,57354
411,57428
377,57506
453,57560
350,57582
351,57583
141,57623
491,57648
452,57679
359,57739
220,57760
480,57796
481,57797
156,57817
458,57821
129,57832
156,57890
157,57891
222,57949
365,57969
427,57971
428,57972
481,58088
482,58089
240,58153
241,58154
242,58155
129,58158
130,58159
131,58160
156,58175
501,58177
174,58284
477,58324
478,58325
347,58348
505,58351
156,58454
481,58631
249,58657
339,58682
348,58711
390,58765
452,58822
453,58823
348,58946
516,58947
158,58948
467,58955
253,58981
221,59048
222,59049
482,59210
518,59212
519,59213
377,59228
482,59297
492,59308
129,59405
130,59406
305,59467
493,59468
340,59493
155,59519
519,59522
241,59547
242,59578
502,59579
338,59662
339,59663
237,59698
238,59699
491,59701
477,59708
478,59709
340,59764
339,59767
340,59768
173,59774
255,59790
256,59791
