278,17
477,48
268,65
203,84
434,125
435,126
487,127
436,138
440,161
224,266
308,272
223,367
358,367
359,371
225,383
307,410
270,457
382,505
332,510
497,524
498,525
147,536
498,562
307,571
308,581
317,599
146,603
147,604
497,654
498,655
176,762
224,799
225,800
203,833
194,870
223,936
358,936
392,1004
491,1009
278,1026
359,1066
466,1159
407,1160
384,1195
309,1237
163,1238
368,1245
369,1246
203,1292
308,1329
309,1330
484,1381
485,1382
497,1383
451,1388
359,1391
179,1394
180,1395
181,1396
223,1481
358,1481
279,1569
278,1578
223,1580
358,1580
224,1581
278,1614
441,1852
223,1876
358,1876
476,1889
278,1917
275,2027
369,2086
278,2197
223,2199
358,2199
359,2201
477,2230
359,2270
223,2277
358,2277
359,2280
439,2369
359,2510
274,2545
275,2546
498,2682
236,2724
281,2798
359,2827
359,2861
376,2865
332,2880
476,2882
203,2884
440,2889
274,2947
275,2948
276,2949
277,2950
278,2951
279,2952
280,2953
281,2954
280,2957
281,2958
281,2987
497,2994
498,2995
438,3007
278,3041
279,3042
280,3043
353,3054
353,3057
166,3061
353,3072
353,3075
491,3103
215,3146
353,3177
353,3189
475,3194
278,3200
279,3201
216,3225
422,3226
437,3227
271,3238
435,3272
436,3273
423,3274
463,3330
216,3345
384,3387
435,3425
298,3455
359,3468
280,3555
281,3556
491,3558
332,3609
409,3615
332,3624
236,3631
497,3714
279,3759
441,3867
442,3868
194,3919
308,3963
332,3966
491,4122
365,4124
359,4140
498,4180
436,4231
224,4282
467,4325
278,4365
278,4378
160,4385
359,4391
307,4561
486,4601
277,4636
278,4637
241,4766
490,4767
289,4769
475,4799
216,4801
422,4802
365,4853
262,4883
263,4884
498,4903
359,4952
182,4959
299,4965
435,4979
309,5010
216,5043
422,5044
225,5151
491,5190
492,5195
493,5196
173,5206
281,5226
440,5271
307,5354
308,5355
289,5363
498,5374
307,5398
491,5427
451,5435
365,5438
498,5511
499,5512
309,5524
439,5611
440,5612
177,5629
359,5662
477,5728
165,5737
464,5737
486,5745
176,5748
436,5749
441,5825
236,5839
176,5916
487,5953
422,5994
423,5995
408,6035
498,6162
230,6173
332,6240
382,6247
383,6248
384,6249
297,6273
497,6283
498,6284
499,6285
278,6318
223,6363
358,6363
359,6365
176,6413
262,6425
263,6426
440,6448
146,6466
147,6467
439,6468
376,6501
467,6567
486,6570
238,6620
436,6679
437,6680
436,6760
80,6786
486,6793
436,6794
437,6795
363,6819
466,6821
467,6822
224,6896
487,6907
215,6913
434,6949
452,7011
215,7072
308,7122
309,7123
163,7124
381,7137
277,7153
307,7282
422,7304
423,7305
381,7338
487,7365
332,7458
476,7460
477,7461
273,7467
274,7468
477,7486
332,7495
438,7523
439,7524
440,7525
359,7581
486,7605
487,7606
488,7607
489,7608
490,7609
436,7621
437,7622
498,7642
381,7656
281,7661
308,7678
316,7695
317,7696
176,7737
486,7785
436,7786
353,7803
332,7878
176,7893
381,7988
420,8011
269,8167
439,8192
440,8193
440,8218
441,8377
484,8380
332,8517
436,8563
437,8564
381,8579
487,8580
307,8593
308,8594
451,8669
452,8670
281,8672
498,8701
175,8783
498,8785
359,8843
281,8845
282,8846
308,8997
177,9040
146,9067
148,9148
498,9186
165,9205
464,9205
307,9224
477,9226
486,9243
279,9268
451,9305
385,9315
163,9317
498,9319
499,9320
279,9324
497,9408
498,9409
476,9416
203,9418
486,9567
215,9664
172,9713
215,9731
216,9732
176,9735
436,9736
215,9776
216,9912
289,9917
225,9944
146,9973
369,9980
317,10064
486,10080
309,10114
163,10115
436,10207
467,10290
298,10316
299,10317
450,10372
322,10373
486,10419
498,10486
310,10517
269,10627
497,10632
484,10722
203,10747
436,10762
139,10787
332,10788
278,10835
279,10836
280,10837
192,10841
193,10842
478,10844
479,10845
480,10846
280,10879
281,10916
491,10918
279,10953
369,11026
216,11042
422,11043
278,11047
278,11236
365,11239
316,11300
332,11307
359,11381
278,11441
434,11470
278,11526
223,11528
358,11528
192,11543
332,11547
440,11551
277,11672
391,11675
216,11685
278,11721
279,11722
491,11730
466,11732
182,11741
278,11795
279,11796
439,11849
440,11850
176,11870
198,11958
480,11961
317,11990
430,12032
368,12147
215,12211
440,12213
384,12243
278,12263
391,12282
392,12283
224,12325
177,12354
435,12411
382,12412
383,12413
269,12460
375,12465
147,12484
308,12531
476,12544
279,12567
384,12570
440,12573
281,12575
381,12594
80,12640
369,12690
477,12721
276,12831
277,12832
278,12833
477,12898
235,12971
307,12988
486,13023
478,13070
430,13079
279,13083
436,13138
437,13139
476,13153
497,13167
486,13173
436,13174
437,13175
438,13176
477,13327
310,13384
485,13449
225,13535
466,13577
436,13590
423,13591
436,13631
423,13632
146,13675
434,13696
369,13735
167,13759
173,13787
235,13796
281,13840
176,13847
436,13848
437,13849
308,13873
486,13883
436,13884
423,13885
476,13889
497,13920
238,13937
278,13942
279,13943
207,13966
451,13969
449,13984
450,13985
499,14044
489,14055
490,14056
441,14067
498,14076
476,14134
477,14135
308,14144
225,14183
332,14204
178,14237
179,14238
369,14257
332,14330
476,14363
354,14427
317,14431
176,14444
309,14456
476,14494
189,14530
480,14583
369,14689
310,14706
440,14742
255,14748
176,14771
434,14809
145,14815
146,14816
193,14825
309,14849
498,14889
450,14909
451,14910
452,14911
375,15057
376,15058
497,15110
498,15111
241,15162
490,15163
176,15199
487,15200
488,15201
489,15202
466,15215
467,15216
498,15222
434,15253
435,15254
238,15266
361,15304
362,15305
476,15371
203,15373
308,15378
453,15397
451,15417
452,15418
438,15423
439,15424
440,15425
281,15427
382,15434
193,15440
203,15442
271,15444
272,15445
273,15446
308,15500
498,15570
310,15592
334,15602
476,15724
307,15742
308,15743
441,15756
486,15760
289,15823
332,15831
146,15877
486,15886
177,15887
365,15904
192,15914
193,15915
278,15931
279,15968
480,16022
268,16048
223,16061
358,16061
281,16114
282,16115
283,16116
332,16132
166,16177
278,16238
369,16266
381,16354
308,16359
280,16407
476,16479
332,16523
271,16530
332,16538
480,16598
353,16616
164,16697
216,16739
217,16740
178,16741
166,16839
167,16840
439,16866
332,16892
439,17008
440,17009
281,17011
282,17012
467,17063
278,17073
497,17084
486,17090
165,17276
464,17276
465,17277
498,17293
310,17296
440,17336
281,17353
275,17380
215,17382
440,17384
192,17420
193,17421
422,17443
451,17488
193,17507
444,17556
440,17588
217,17641
176,17716
466,17726
278,17748
434,17776
270,17794
182,17812
146,17816
451,17848
295,17875
401,17876
289,17932
281,17940
334,17991
278,18002
238,18041
180,18050
475,18064
309,18066
163,18067
177,18069
332,18152
260,18161
179,18208
279,18374
278,18437
236,18498
475,18531
476,18532
478,18630
238,18634
281,18667
307,18703
308,18704
467,18722
451,18819
452,18820
270,18841
384,18854
440,18885
436,18929
437,18930
438,18931
363,19008
193,19054
308,19100
309,19101
163,19102
467,19134
308,19142
363,19161
466,19163
498,19173
499,19174
500,19175
498,19281
271,19284
272,19285
268,19303
435,19356
436,19357
440,19392
176,19411
439,19417
440,19418
491,19503
492,19504
491,19509
475,19511
476,19512
477,19558
369,19610
238,19625
332,19640
176,19724
238,19748
215,19780
223,19818
358,19818
238,19825
277,19839
278,19840
180,19873
181,19874
182,19875
467,19877
290,19945
176,20000
436,20001
451,20004
452,20005
281,20007
308,20041
381,20116
487,20117
488,20118
489,20119
490,20120
223,20122
358,20122
224,20124
176,20165
435,20178
436,20179
334,20213
359,20245
491,20274
216,20336
436,20343
423,20344
451,20350
440,20406
483,20423
295,20467
193,20485
274,20502
275,20503
278,20525
166,20573
167,20574
439,20674
440,20675
194,20732
281,20778
310,20804
492,20895
308,20938
134,20942
439,20947
384,20972
381,21038
332,21068
238,21080
477,21114
278,21143
278,21180
498,21220
440,21245
487,21272
436,21282
437,21283
401,21295
223,21347
358,21347
224,21349
309,21370
484,21376
223,21418
358,21418
381,21479
434,21495
435,21496
487,21497
486,21527
268,21551
436,21595
437,21596
438,21597
450,21617
451,21618
147,21624
422,21626
175,21659
176,21660
439,21687
332,21741
180,21772
262,21808
263,21809
176,21822
359,21847
223,21863
358,21863
277,21886
332,21933
384,21947
148,21958
279,21981
467,22038
497,22041
146,22073
497,22338
308,22350
238,22401
278,22466
369,22501
278,22539
477,22562
269,22634
385,22655
487,22761
365,22769
281,22772
438,22778
278,22793
230,22817
434,22820
435,22821
436,22822
279,22836
278,22864
176,22899
436,22900
434,22904
435,22905
436,22906
474,22919
359,22930
359,22956
436,23017
423,23018
176,23087
369,23106
269,23122
441,23144
148,23175
279,23205
485,23295
307,23302
451,23357
359,23414
467,23466
91,23475
310,23522
147,23586
197,23596
307,23653
465,23665
381,23718
466,23734
467,23735
145,23738
146,23739
147,23740
491,23766
475,23768
476,23769
309,23785
163,23786
384,23803
486,23842
487,23843
363,23918
334,23921
359,24001
166,24033
167,24034
440,24045
280,24157
281,24158
376,24260
489,24284
490,24285
278,24393
369,24399
436,24411
437,24412
207,24453
451,24479
452,24480
369,24558
435,24589
487,24590
381,24593
487,24594
193,24653
307,24658
498,24733
163,24736
368,24778
369,24779
483,24782
484,24783
170,24814
171,24815
309,24921
310,24922
497,24927
498,24928
489,24991
279,25014
279,25044
274,25051
275,25052
167,25058
186,25128
278,25167
436,25251
437,25252
430,25263
308,25305
309,25306
281,25328
268,25380
483,25411
484,25412
485,25413
486,25414
487,25415
488,25416
489,25417
490,25418
215,25431
439,25465
439,25691
216,25720
225,25765
359,25782
317,25796
436,25842
423,25843
477,25857
422,25886
437,25887
365,25903
475,25944
317,25962
314,25979
315,25980
316,25981
332,25988
476,25990
147,26039
422,26041
437,26042
438,26043
439,26044
486,26057
332,26069
310,26116
466,26124
273,26138
216,26161
281,26227
491,26229
492,26230
439,26257
475,26354
476,26355
163,26385
164,26386
194,26400
165,26435
464,26435
465,26436
436,26462
268,26468
235,26475
278,26500
484,26596
309,26615
487,26662
216,26694
477,26779
480,26810
382,26847
331,26967
332,26968
308,27049
166,27083
167,27084
442,27108
167,27159
217,27183
223,27234
358,27234
359,27235
487,27245
277,27275
435,27304
487,27305
488,27350
489,27351
490,27352
280,27354
281,27355
332,27458
148,27573
308,27587
269,27705
480,27727
481,27728
238,27745
381,27768
436,27769
423,27770
369,27774
477,27783
478,27784
436,27817
437,27818
307,27824
308,27825
307,27845
268,27883
186,27941
235,28042
487,28060
463,28063
91,28087
176,28120
436,28121
486,28149
487,28150
451,28160
308,28182
309,28183
163,28184
278,28242
268,28255
249,28285
450,28350
451,28351
281,28367
173,28386
409,28390
299,28396
216,28487
278,28508
279,28509
146,28529
147,28530
145,28539
146,28540
147,28541
465,28548
498,28555
441,28576
391,28616
392,28617
223,28676
358,28676
224,28678
177,28729
217,28873
224,28879
368,28881
369,28882
197,28885
365,28913
486,28974
317,28980
239,28996
318,28996
375,28999
175,29099
176,29100
436,29101
376,29111
377,29112
378,29113
451,29134
485,29184
347,29193
439,29214
247,29226
359,29237
353,29390
281,29399
147,29520
440,29552
491,29616
281,29641
280,29644
455,29694
439,29729
440,29751
435,29765
177,29766
224,29776
225,29777
216,29819
176,29822
335,29832
224,29859
197,29938
238,30075
498,30081
451,30092
452,30093
332,30106
477,30160
281,30197
196,30202
170,30220
163,30255
440,30283
422,30310
423,30311
278,30317
223,30319
358,30319
353,30346
385,30372
194,30404
278,30425
359,30441
277,30490
278,30491
148,30513
193,30529
279,30533
308,30648
308,30714
332,30717
476,30724
216,30734
467,30902
223,30910
358,30910
224,30983
332,31032
501,31052
420,31083
499,31106
290,31117
359,31167
465,31248
497,31256
498,31257
148,31277
215,31281
216,31282
487,31308
488,31309
489,31310
308,31320
332,31354
440,31358
279,31392
442,31421
278,31545
279,31546
280,31547
281,31548
462,31624
381,31645
436,31646
224,31665
432,31671
433,31672
434,31673
435,31674
436,31675
274,31704
275,31705
485,31729
497,31730
493,31833
482,31848
384,31865
451,31951
452,31952
435,31978
487,31979
385,32049
440,32062
489,32112
490,32113
223,32115
358,32115
359,32117
281,32185
438,32224
439,32225
440,32226
438,32241
498,32276
476,32328
440,32374
436,32447
437,32448
279,32479
436,32491
441,32539
487,32551
381,32554
176,32652
382,32653
383,32654
384,32655
385,32656
209,32676
441,32710
435,32773
277,32784
486,32890
436,32891
451,32894
295,32972
365,33051
381,33133
436,33134
270,33280
451,33337
225,33348
439,33364
313,33389
217,33454
218,33455
486,33466
278,33541
491,33551
492,33552
477,33578
236,33587
237,33588
176,33600
475,33665
476,33666
439,33690
477,33711
279,33714
280,33715
281,33716
353,33720
147,33753
422,33755
437,33756
438,33757
486,33773
497,33857
498,33858
476,33885
487,33910
382,33945
487,33954
498,33958
238,33974
239,34025
318,34025
281,34072
224,34101
500,34133
440,34136
223,34190
358,34190
359,34192
359,34288
480,34362
216,34380
422,34381
437,34382
215,34444
269,34521
270,34522
435,34544
436,34545
437,34546
391,34583
270,34602
278,34639
438,34690
148,34691
440,34703
497,34755
332,34835
483,34848
484,34849
332,34883
275,34900
309,34903
465,34916
466,34917
332,34926
193,34940
277,34949
278,34950
482,35060
223,35082
358,35082
224,35084
487,35202
381,35205
436,35206
423,35207
440,35213
441,35214
215,35235
255,35312
278,35319
489,35335
490,35336
376,35547
450,35587
451,35588
359,35591
223,35617
358,35617
359,35618
438,35625
177,35664
281,35740
452,35757
281,35777
486,35820
477,35830
478,35831
436,35859
437,35860
438,35861
369,35899
278,35905
279,35906
436,35953
437,35954
476,36023
216,36044
497,36057
385,36068
163,36070
498,36072
477,36093
269,36124
270,36125
451,36143
167,36146
434,36151
435,36152
359,36202
381,36206
441,36213
310,36250
269,36294
270,36295
449,36341
450,36342
451,36343
452,36344
179,36353
451,36494
452,36495
385,36501
176,36524
278,36553
353,36557
147,36580
278,36617
381,36647
381,36740
282,36743
278,36748
402,36753
487,36779
194,36787
143,36810
144,36811
263,36812
409,36815
278,36834
489,36862
279,36886
176,36889
436,36890
434,36894
435,36895
436,36896
486,36963
434,36972
435,36973
436,36974
434,36978
369,37021
436,37035
381,37061
216,37085
217,37086
281,37114
230,37131
497,37205
498,37206
369,37219
299,37250
179,37303
451,37361
353,37476
451,37487
278,37525
145,37560
146,37561
91,37569
317,37582
223,37590
358,37590
298,37657
363,37665
278,37682
163,37803
317,37821
489,37839
490,37840
466,37844
498,37869
283,37898
439,37905
369,37949
216,38021
422,38022
278,38027
451,38050
452,38051
484,38084
485,38085
440,38092
354,38114
381,38153
223,38164
358,38164
359,38166
176,38169
436,38170
437,38171
438,38172
436,38299
274,38344
275,38345
194,38351
223,38391
358,38391
174,38498
176,38513
436,38514
439,38538
440,38539
381,38559
236,38566
476,38671
317,38699
216,38736
450,38741
451,38742
485,38800
269,38862
255,38892
497,38905
433,38941
452,39034
441,39066
489,39107
274,39125
474,39143
279,39155
270,39173
279,39319
166,39398
255,39410
480,39418
436,39422
280,39435
295,39440
401,39441
194,39497
491,39520
179,39605
279,39613
176,39616
436,39617
423,39618
487,39651
196,39673
197,39674
216,39678
235,39780
163,39919
436,39921
278,39926
279,39927
439,39966
440,39967
497,39982
332,40039
467,40060
278,40205
139,40265
332,40266
215,40359
216,40360
317,40432
176,40438
436,40439
423,40440
497,40477
498,40478
499,40479
500,40480
299,40536
278,40542
279,40543
280,40544
451,40641
193,40647
203,40649
467,40723
332,40823
422,40867
436,40885
208,40900
382,40933
391,41019
268,41045
281,41108
170,41113
171,41114
491,41145
359,41293
442,41295
500,41383
492,41402
269,41408
270,41409
438,41453
148,41454
166,41539
365,41540
268,41546
332,41550
449,41623
450,41624
451,41625
310,41639
194,41654
216,41670
500,41687
193,41700
323,41704
216,41715
486,41868
440,41925
434,41938
435,41939
467,41947
281,41961
422,41984
215,41997
440,42017
230,42019
203,42093
440,42109
281,42111
449,42136
255,42142
274,42164
275,42165
308,42188
310,42260
489,42299
490,42300
486,42316
440,42349
176,42352
436,42353
437,42354
438,42355
434,42379
435,42380
203,42428
196,42456
332,42514
465,42519
466,42520
215,42527
302,42540
434,42566
467,42570
434,42615
217,42672
422,42719
235,42777
439,42798
440,42799
278,42805
434,42829
435,42830
203,42840
476,42924
435,42953
498,43043
440,43177
279,43191
480,43198
481,43199
438,43253
146,43270
274,43346
275,43347
440,43383
441,43384
382,43470
176,43498
384,43533
500,43585
439,43624
381,43638
177,43639
162,43666
310,43667
353,43721
216,43752
217,43753
409,43842
476,43911
332,43916
215,43943
216,43944
217,43945
480,43973
241,44063
490,44064
376,44117
483,44136
384,44144
385,44145
310,44147
384,44185
385,44186
332,44189
203,44306
281,44319
476,44433
160,44442
139,44477
332,44478
332,44562
476,44564
216,44595
422,44596
281,44647
215,44740
274,44861
275,44862
307,44929
279,44984
230,44986
281,44995
176,44999
441,45099
216,45156
217,45157
171,45176
474,45204
451,45210
498,45324
278,45334
176,45379
436,45380
477,45391
255,45417
485,45433
486,45434
382,45435
383,45436
277,45474
278,45475
310,45483
164,45537
438,45584
391,45613
486,45618
436,45619
146,45763
442,45880
241,45890
490,45891
435,45911
436,45912
437,45913
484,45945
485,45946
486,45947
436,45948
476,45993
215,46001
216,46002
230,46099
332,46118
487,46165
278,46193
435,46205
487,46206
82,46224
476,46247
477,46248
279,46251
475,46346
476,46347
125,46366
477,46476
192,46538
269,46545
270,46546
476,46613
80,46615
193,46635
486,46657
487,46658
381,46661
440,46747
477,46780
203,46792
451,46808
310,46882
281,46924
332,47018
309,47021
163,47022
177,47024
247,47036
163,47062
180,47100
181,47101
182,47102
454,47175
440,47182
486,47253
177,47254
376,47271
332,47274
476,47276
332,47303
434,47307
435,47308
497,47313
223,47348
358,47348
332,47396
171,47439
172,47440
277,47505
439,47570
369,47591
451,47618
482,47742
483,47743
176,47796
289,47801
498,47826
480,47835
476,47851
477,47852
497,47877
278,47882
279,47883
332,48014
278,48044
359,48051
176,48054
436,48055
465,48065
466,48066
193,48086
271,48131
272,48132
440,48138
317,48172
238,48233
268,48384
440,48387
381,48462
359,48633
314,48703
317,48735
440,48783
498,48797
499,48798
500,48799
310,49003
308,49017
332,49020
435,49033
436,49034
437,49035
309,49074
163,49075
269,49117
450,49128
328,49159
477,49174
384,49222
216,49245
216,49369
217,49370
279,49380
498,49384
384,49418
385,49419
440,49430
450,49450
451,49451
489,49561
435,49588
487,49589
223,49612
358,49612
440,49619
310,49626
217,49637
317,49660
279,49719
359,49725
365,49765
361,49768
362,49769
163,49778
498,49780
216,49786
160,49833
269,49849
270,49861
307,49899
308,49900
223,49937
358,49937
359,49938
277,49964
278,49965
279,49966
452,50056
176,50059
436,50060
436,50112
423,50113
500,50139
381,50186
451,50202
279,50232
482,50306
332,50364
440,50432
381,50436
381,50453
177,50454
263,50531
451,50594
194,50626
279,50636
359,50646
194,50716
451,50759
125,50763
269,50788
438,50818
498,50842
499,50843
441,50897
209,50926
82,51053
279,51072
166,51087
167,51088
438,51136
238,51179
487,51216
310,51308
179,51324
332,51413
476,51415
143,51427
441,51476
439,51554
440,51555
376,51615
281,51643
310,51748
177,51857
440,51879
274,51898
275,51899
215,51940
216,51941
486,52081
436,52082
437,52083
438,52084
217,52086
178,52087
179,52088
146,52155
486,52174
487,52175
497,52183
216,52189
422,52190
437,52191
407,52272
408,52273
281,52319
381,52430
487,52431
186,52450
451,52514
281,52601
477,52615
282,52696
381,52715
177,52716
178,52717
194,52732
489,52771
255,52781
269,52792
270,52793
271,52794
272,52795
440,52801
281,52803
297,52841
230,52846
454,52872
167,52877
369,52880
487,52889
176,52949
443,52952
444,52953
467,52970
486,53001
436,53002
437,53003
501,53006
487,53036
216,53075
435,53116
487,53117
488,53118
269,53152
270,53153
402,53160
491,53165
293,53194
269,53245
489,53252
490,53253
203,53262
278,53406
369,53450
500,53610
163,53613
434,53622
223,53656
358,53656
317,53661
368,53765
436,53802
437,53803
436,53843
437,53844
207,53852
451,53855
148,53861
476,53915
477,53916
467,53964
434,54030
486,54043
176,54046
436,54047
376,54075
166,54130
167,54131
476,54141
203,54157
332,54325
278,54328
308,54379
278,54487
382,54499
383,54500
477,54559
216,54578
273,54583
274,54584
163,54630
498,54632
440,54703
216,54722
350,54741
375,54755
332,54809
475,54873
166,54882
365,54883
466,54959
467,54960
475,54980
438,54996
279,55047
353,55059
332,55176
451,55187
452,55188
277,55214
278,55215
332,55229
497,55259
449,55317
278,55338
480,55445
440,55549
436,55565
437,55566
216,55628
491,55632
255,55652
203,55789
278,55809
278,55974
498,56034
317,56078
146,56082
452,56103
368,56109
369,56110
440,56153
277,56177
82,56204
475,56211
255,56225
176,56250
436,56251
498,56259
290,56317
311,56405
217,56433
178,56434
179,56435
436,56503
437,56504
438,56505
439,56506
435,56522
436,56523
423,56524
223,56641
358,56641
359,56642
482,56727
483,56728
484,56729
485,56730
223,56759
358,56759
376,56814
498,56822
177,56853
216,56859
439,56876
440,56877
215,57091
440,57093
166,57102
385,57149
310,57151
498,57193
499,57194
282,57230
359,57297
225,57333
225,57342
280,57349
281,57350
391,57353
215,57398
361,57460
362,57461
239,57477
318,57477
302,57513
167,57541
298,57631
474,57755
194,57845
223,57891
358,57891
224,57892
270,57917
147,57947
440,58041
434,58050
307,58084
308,58085
194,58204
194,58213
195,58214
196,58215
197,58216
282,58263
379,58268
176,58472
215,58486
466,58511
484,58559
327,58566
353,58587
215,58610
465,58638
466,58639
467,58640
224,58712
209,58760
451,58802
381,58865
440,58988
216,59048
277,59117
278,59118
353,59170
497,59193
451,59225
452,59226
145,59271
146,59272
322,59345
360,59438
278,59513
289,59515
290,59516
289,59601
269,59610
270,59611
281,59624
176,59657
487,59658
381,59668
436,59669
165,59682
464,59682
439,59702
166,59704
167,59705
