87,51
383,90
309,159
310,160
424,201
22,244
222,274
350,288
104,303
325,325
468,365
271,371
390,371
465,483
466,484
295,532
64,547
403,547
147,570
65,574
404,574
222,583
414,643
244,761
245,762
246,763
158,771
311,796
270,797
312,797
389,797
313,939
21,940
22,941
23,942
325,986
387,1043
269,1044
388,1044
126,1053
141,1059
271,1066
390,1066
243,1067
244,1142
140,1213
243,1226
420,1316
50,1363
482,1387
271,1391
390,1391
21,1459
342,1462
420,1592
421,1593
65,1654
404,1654
459,1749
482,1757
327,1791
387,1814
63,1829
64,1830
403,1830
143,1846
171,2019
236,2029
413,2051
266,2111
269,2159
388,2159
22,2174
271,2201
390,2201
50,2211
221,2238
269,2268
388,2268
270,2269
312,2269
389,2269
271,2270
390,2270
271,2280
390,2280
401,2285
402,2286
63,2345
64,2346
403,2346
50,2372
235,2386
471,2435
387,2472
269,2473
388,2473
271,2510
390,2510
270,2523
312,2523
389,2523
315,2655
316,2656
244,2680
65,2737
404,2737
243,2773
270,2826
312,2826
389,2826
271,2827
390,2827
271,2861
390,2861
64,2915
403,2915
422,2924
468,2955
468,2959
119,2980
468,2988
467,3050
420,3059
420,3077
141,3097
421,3117
48,3120
49,3121
235,3145
420,3179
420,3191
244,3209
357,3215
341,3225
191,3236
482,3267
401,3320
402,3321
243,3333
244,3334
341,3345
469,3399
470,3400
471,3401
387,3412
414,3436
141,3444
142,3445
271,3468
390,3468
48,3525
49,3526
468,3557
395,3601
476,3667
387,3668
324,3683
405,3716
475,3846
504,3849
420,3886
270,3888
312,3888
389,3888
415,3897
421,3912
471,3992
112,4055
326,4056
65,4075
404,4075
502,4101
503,4101
486,4107
468,4121
270,4138
312,4138
389,4138
271,4140
390,4140
387,4174
504,4205
73,4247
340,4249
86,4255
270,4281
312,4281
389,4281
268,4388
269,4389
388,4389
270,4390
312,4390
389,4390
271,4391
390,4391
470,4408
471,4409
490,4432
140,4459
21,4483
270,4498
312,4498
389,4498
313,4500
21,4501
469,4588
295,4589
470,4639
471,4640
296,4644
147,4779
341,4801
387,4848
269,4849
388,4849
270,4850
312,4850
389,4850
313,4851
244,4901
236,4945
420,4949
270,4951
312,4951
389,4951
271,4952
390,4952
243,4953
141,5021
142,5022
341,5043
104,5047
235,5055
465,5058
421,5103
311,5149
468,5227
296,5379
413,5415
414,5416
468,5426
269,5448
388,5448
327,5458
64,5478
403,5478
112,5483
326,5484
23,5513
413,5540
21,5551
22,5552
401,5609
402,5610
271,5662
390,5662
272,5663
391,5663
64,5698
403,5698
234,5721
245,5748
387,5787
465,5853
245,5916
246,5917
459,5961
119,5976
120,5977
196,6039
459,6102
327,6129
269,6204
388,6204
171,6264
23,6286
271,6365
390,6365
420,6386
269,6409
388,6409
243,6411
244,6412
245,6413
468,6416
469,6417
413,6453
422,6516
243,6606
335,6620
195,6653
246,6655
40,6705
243,6874
235,6912
311,6915
272,6917
391,6917
235,6953
246,7126
112,7145
326,7146
243,7238
147,7281
140,7313
195,7363
140,7393
243,7407
471,7444
478,7446
40,7447
396,7505
195,7544
246,7546
271,7581
390,7581
234,7650
235,7651
246,7657
468,7662
268,7671
336,7697
141,7700
244,7736
245,7737
246,7738
420,7750
243,7753
232,7818
81,7819
143,7877
244,7892
245,7893
420,7910
65,8002
404,8002
244,8006
311,8013
414,8047
141,8075
243,8128
413,8142
120,8160
480,8189
171,8234
413,8271
40,8298
64,8325
403,8325
344,8379
143,8516
21,8545
195,8561
327,8586
147,8592
468,8673
244,8699
382,8706
383,8707
439,8812
269,8841
388,8841
270,8842
312,8842
389,8842
271,8843
390,8843
195,8894
63,9046
64,9047
403,9047
141,9069
243,9183
244,9184
315,9207
316,9208
246,9244
23,9321
50,9335
63,9374
64,9375
403,9375
65,9412
404,9412
353,9413
420,9465
246,9568
147,9593
234,9697
235,9698
341,9732
245,9735
477,9746
195,9764
246,9766
296,9792
387,9822
327,9836
246,9844
341,9912
468,9915
413,9920
296,9945
141,9975
142,9976
243,10051
327,10086
311,10090
401,10268
140,10269
86,10275
40,10320
273,10325
392,10325
274,10326
393,10326
63,10331
402,10387
246,10420
141,10429
395,10516
420,10583
284,10730
86,10895
474,10901
420,10913
421,10914
468,10917
50,10920
86,10952
475,10976
341,11042
111,11046
314,11050
141,11056
195,11058
476,11083
387,11084
54,11118
142,11136
119,11205
465,11262
466,11263
246,11328
244,11369
270,11379
312,11379
389,11379
271,11381
390,11381
243,11382
147,11391
87,11442
88,11443
86,11495
313,11529
439,11557
440,11558
414,11581
147,11632
266,11642
341,11685
49,11695
324,11736
482,11774
63,11848
315,11859
245,11870
86,11898
141,11929
469,11977
269,12058
388,12058
469,12073
195,12170
40,12197
269,12204
388,12204
270,12324
312,12324
389,12324
40,12333
478,12376
40,12377
465,12381
383,12478
244,12515
401,12587
140,12588
468,12597
63,12659
64,12660
403,12660
195,12686
269,12789
388,12789
270,12790
312,12790
389,12790
313,12792
147,12804
480,12846
244,12934
313,12978
146,12986
147,12987
414,13027
313,13037
314,13038
64,13047
403,13047
422,13105
468,13119
191,13180
84,13194
85,13195
86,13196
141,13203
469,13388
470,13389
471,13390
478,13392
40,13393
336,13424
502,13609
503,13609
421,13619
395,13646
184,13707
185,13708
104,13716
491,13800
421,13844
244,13846
245,13847
387,13865
140,13906
141,13907
477,13914
335,13937
336,13938
337,13939
111,13941
353,14035
244,14059
140,14071
141,14072
195,14074
86,14116
468,14123
326,14138
86,14180
296,14184
272,14197
391,14197
470,14265
269,14269
388,14269
465,14342
465,14415
244,14443
245,14444
246,14445
235,14454
140,14463
402,14625
64,14626
403,14626
337,14669
244,14674
471,14728
269,14730
388,14730
245,14771
244,14887
480,14986
141,14989
327,14994
396,15034
141,15137
245,15199
246,15255
335,15266
112,15285
113,15286
147,15341
119,15343
215,15400
468,15428
469,15429
86,15466
246,15510
247,15511
235,15523
141,15542
142,15543
143,15544
244,15568
141,15697
142,15698
140,15733
141,15734
459,15772
362,15881
73,15928
87,15932
244,15988
147,15995
313,16062
21,16063
235,16082
147,16087
502,16103
503,16103
86,16182
469,16200
486,16385
111,16389
112,16390
270,16429
312,16429
389,16429
313,16430
143,16537
414,16551
353,16681
341,16739
422,16767
270,16819
312,16819
389,16819
313,16821
387,16837
311,16867
65,16896
404,16896
309,16923
141,17000
402,17007
413,17024
477,17043
478,17044
40,17045
111,17072
268,17187
248,17256
244,17274
468,17354
140,17361
141,17362
63,17392
86,17399
295,17474
402,17497
64,17498
403,17498
476,17519
245,17716
387,17722
269,17723
388,17723
502,17754
503,17754
120,17765
413,17900
86,17930
172,18011
243,18018
476,18039
335,18041
244,18075
308,18097
309,18098
73,18241
74,18242
268,18309
269,18310
388,18310
270,18311
312,18311
389,18311
313,18312
21,18313
269,18329
388,18329
64,18344
403,18344
326,18401
327,18402
111,18436
86,18510
459,18526
235,18582
40,18607
335,18634
147,18702
436,18752
437,18753
401,18766
382,18870
222,18879
310,18884
64,18932
403,18932
65,18933
404,18933
244,18937
421,18946
339,19013
152,19014
420,19126
244,19171
244,19279
81,19363
244,19410
245,19411
63,19416
140,19542
86,19614
335,19625
143,19639
21,19674
311,19677
40,19718
244,19723
245,19724
246,19725
335,19748
234,19778
235,19779
64,19810
403,19810
86,19816
313,19819
335,19825
141,19832
195,19834
196,19835
477,19884
486,19889
104,19893
63,19912
235,19960
244,19987
244,19999
245,20000
119,20013
158,20027
195,20032
246,20034
272,20108
391,20108
480,20141
459,20153
478,20158
40,20159
244,20164
245,20165
246,20166
469,20187
86,20202
50,20212
337,20228
271,20245
390,20245
215,20263
467,20272
468,20273
437,20323
341,20336
342,20337
420,20413
414,20531
235,20546
235,20601
244,20749
468,20779
395,20803
141,20808
86,20893
310,20926
480,20944
284,20953
479,20976
480,20977
65,20991
404,20991
246,21039
335,21080
270,21093
312,21093
389,21093
234,21111
235,21112
459,21129
466,21277
64,21361
403,21361
313,21419
314,21420
420,21445
421,21446
422,21447
120,21521
246,21528
73,21630
245,21660
246,21661
402,21686
117,21716
118,21717
119,21718
104,21737
142,21739
143,21740
141,21777
195,21779
232,21811
233,21812
244,21821
245,21822
246,21823
270,21846
312,21846
389,21846
271,21847
390,21847
414,21858
112,21887
326,21888
480,21890
378,21899
362,21923
143,21932
402,21957
413,21966
459,22005
40,22009
465,22013
421,22020
244,22022
479,22025
480,22026
86,22029
243,22108
244,22109
270,22128
312,22128
389,22128
235,22132
340,22192
141,22247
326,22326
327,22327
326,22359
327,22360
476,22399
335,22401
84,22591
85,22592
86,22593
112,22615
269,22627
388,22627
222,22657
243,22701
479,22750
313,22767
468,22773
111,22792
471,22806
54,22812
86,22835
480,22883
40,22890
245,22899
270,22929
312,22929
389,22929
271,22930
390,22930
420,22953
270,22955
312,22955
389,22955
271,22956
390,22956
243,22957
140,22963
413,22998
195,23000
246,23002
104,23049
195,23060
246,23062
243,23085
244,23086
245,23087
395,23131
235,23154
63,23174
140,23180
141,23187
422,23219
235,23251
236,23252
54,23265
147,23301
63,23342
271,23414
390,23414
246,23719
468,23765
234,23782
235,23783
480,23792
411,23806
50,23920
86,23978
87,23979
270,24000
312,24000
389,24000
271,24001
390,24001
235,24007
420,24014
147,24039
64,24081
403,24081
65,24082
404,24082
234,24106
235,24107
468,24159
469,24160
141,24172
232,24247
195,24278
212,24313
422,24320
64,24334
403,24334
195,24341
409,24379
410,24380
315,24386
40,24516
311,24520
296,24600
469,24613
470,24614
86,24647
243,24650
147,24657
469,24688
470,24689
471,24690
269,24692
388,24692
235,24800
420,24833
269,24878
388,24878
235,24919
413,24944
221,24954
270,25005
312,25005
389,25005
86,25013
86,25043
387,25101
269,25102
388,25102
234,25204
235,25205
236,25206
195,25243
336,25343
63,25345
269,25356
388,25356
270,25357
312,25357
389,25357
469,25419
465,25518
86,25557
477,25588
53,25697
341,25720
342,25721
314,25737
271,25782
390,25782
336,25797
195,25870
86,25900
86,25941
246,26058
414,26088
244,26101
341,26161
63,26172
64,26173
403,26173
244,26182
468,26228
402,26256
471,26260
146,26290
353,26313
479,26525
480,26526
420,26550
341,26694
24,26714
195,26768
402,26817
63,26907
244,26925
387,27016
269,27017
388,27017
222,27051
86,27060
271,27235
390,27235
243,27236
112,27276
50,27313
143,27341
141,27367
476,27392
387,27393
243,27454
313,27464
267,27509
268,27510
191,27595
86,27626
87,27627
420,27660
270,27662
312,27662
389,27662
480,27666
195,27708
246,27710
502,27742
503,27742
335,27745
147,27844
469,27866
422,28065
466,28076
467,28077
468,28078
64,28103
403,28103
244,28119
245,28120
168,28124
86,28173
98,28190
21,28218
100,28285
479,28333
480,28334
468,28368
469,28369
295,28370
362,28443
341,28487
141,28497
111,28507
420,28533
65,28558
404,28558
244,28590
405,28593
406,28594
191,28652
422,28699
387,28775
469,28788
470,28789
471,28790
269,28792
388,28792
480,28847
270,28878
312,28878
389,28878
243,28896
298,28901
336,28951
268,28960
336,28981
245,29100
269,29119
388,29119
270,29120
312,29120
389,29120
49,29158
440,29191
311,29215
243,29217
271,29237
390,29237
272,29238
391,29238
86,29249
225,29360
469,29367
477,29377
420,29392
468,29400
469,29401
295,29402
471,29428
235,29466
465,29469
71,29607
468,29642
270,29698
312,29698
389,29698
117,29703
311,29740
270,29774
312,29774
389,29774
296,29778
341,29819
245,29822
270,29858
312,29858
389,29858
57,29991
191,30016
335,30075
143,30105
54,30127
268,30176
269,30177
388,30177
470,30218
40,30279
422,30284
471,30345
420,30348
272,30351
391,30351
271,30441
390,30441
248,30444
235,30496
170,30540
339,30547
340,30548
420,30551
22,30554
420,30586
469,30595
141,30628
142,30629
504,30710
341,30734
311,30755
402,30848
141,30896
415,30898
268,30977
270,30982
312,30982
389,30982
142,31030
143,31031
268,31043
269,31044
388,31044
270,31045
312,31045
389,31045
113,31077
141,31091
270,31165
312,31165
389,31165
271,31167
390,31167
104,31171
105,31172
152,31183
310,31246
63,31276
235,31280
341,31282
63,31300
268,31328
269,31329
388,31329
270,31330
312,31330
389,31330
313,31332
336,31372
175,31387
86,31391
86,31402
224,31474
396,31483
311,31490
113,31511
437,31543
468,31549
309,31565
232,31775
233,31776
234,31777
243,31789
244,31790
437,31915
480,31948
481,31949
482,31950
212,31959
479,32037
480,32038
414,32101
271,32117
390,32117
244,32147
64,32242
403,32242
467,32269
468,32270
469,32271
315,32322
196,32400
268,32451
64,32470
403,32470
65,32471
404,32471
86,32478
479,32517
480,32518
195,32549
467,32593
468,32594
412,32628
413,32629
243,32650
244,32651
245,32652
413,32745
414,32746
502,32752
503,32752
246,32774
244,32816
411,32825
412,32826
413,32827
421,32835
479,32868
243,32910
268,32921
413,32989
21,32995
432,33034
224,33045
64,33057
403,33057
379,33061
327,33098
421,33124
112,33268
437,33330
420,33357
267,33377
268,33378
269,33379
388,33379
387,33503
269,33504
388,33504
111,33540
24,33579
245,33600
465,33652
235,33675
420,33722
401,33733
40,33760
195,33778
243,33787
244,33788
243,33792
413,33802
111,33824
112,33825
326,33826
480,33828
402,33839
64,33840
403,33840
117,33880
118,33881
243,33901
195,33943
335,33974
459,34085
269,34099
388,34099
270,34100
312,34100
389,34100
387,34129
22,34132
244,34177
86,34188
271,34192
390,34192
311,34216
269,34286
388,34286
270,34287
312,34287
389,34287
271,34288
390,34288
243,34289
244,34290
270,34337
312,34337
389,34337
313,34338
21,34339
40,34369
341,34380
479,34390
437,34418
413,34426
86,34457
275,34518
410,34534
86,34730
126,34961
268,34970
269,34971
388,34971
421,34975
71,35030
216,35102
311,35237
147,35316
469,35337
315,35408
469,35421
470,35422
244,35429
141,35447
104,35512
415,35533
405,35552
413,35559
414,35560
271,35591
390,35591
271,35618
390,35618
243,35619
411,35706
412,35707
413,35708
468,35741
469,35742
468,35778
141,35786
64,35862
403,35862
247,35867
248,35868
119,35919
401,35922
341,36044
342,36045
235,36091
191,36160
142,36162
268,36197
269,36198
388,36198
270,36199
312,36199
389,36199
271,36202
390,36202
141,36242
327,36266
401,36279
140,36280
70,36387
71,36388
222,36399
246,36442
413,36479
490,36499
245,36524
411,36531
412,36532
413,36533
470,36555
471,36556
480,36692
327,36745
387,36768
421,36772
22,36806
23,36807
477,36851
244,36888
245,36889
411,36984
469,37006
235,37013
340,37084
341,37085
468,37115
469,37116
311,37128
54,37163
387,37229
413,37244
270,37253
312,37253
389,37253
420,37353
270,37355
312,37355
389,37355
315,37364
275,37375
413,37385
422,37419
420,37431
421,37432
420,37478
246,37533
141,37563
336,37583
143,37651
459,37712
502,37716
503,37716
395,37802
244,37915
468,37958
341,38021
469,38061
502,38067
503,38067
344,38083
40,38088
476,38112
86,38123
243,38126
269,38148
388,38148
271,38166
390,38166
243,38167
244,38168
245,38169
479,38175
269,38325
388,38325
313,38395
50,38397
244,38512
245,38513
222,38573
223,38574
224,38575
311,38584
459,38603
324,38645
325,38646
337,38679
474,38693
341,38736
234,38775
235,38776
214,38780
40,38815
158,38871
143,38970
420,39064
421,39065
73,39121
195,39218
112,39257
113,39258
86,39318
244,39321
469,39346
222,39367
387,39396
437,39415
468,39433
401,39484
402,39485
401,39514
140,39515
141,39516
86,39612
244,39615
245,39616
195,39649
341,39678
112,39711
413,39753
414,39754
244,39828
141,39885
468,39891
469,39905
395,39918
411,39943
412,39944
413,39945
63,39965
143,40038
246,40093
146,40117
111,40204
337,40235
311,40279
272,40281
391,40281
191,40316
341,40360
86,40419
243,40422
245,40438
40,40539
235,40636
243,40644
311,40737
141,40767
420,40777
235,40789
414,40802
141,40881
195,40883
117,40976
118,40977
141,41070
468,41109
469,41110
470,41111
315,41147
85,41153
394,41225
235,41259
269,41291
388,41291
270,41292
312,41292
389,41292
271,41293
390,41293
272,41294
391,41294
175,41375
22,41382
63,41501
21,41556
244,41572
467,41600
468,41601
86,41634
340,41663
50,41667
340,41669
341,41670
21,41685
22,41686
341,41715
48,41718
49,41719
272,41744
391,41744
140,41759
327,41770
468,41788
459,41822
243,41904
244,41905
402,41915
244,41927
468,41962
40,41977
275,42005
422,42018
191,42038
468,42112
332,42251
333,42252
469,42301
413,42334
244,42351
245,42352
141,42369
235,42425
143,42513
50,42531
308,42549
309,42550
234,42579
235,42580
21,42669
141,42687
64,42708
403,42708
86,42714
243,42728
244,42760
243,42793
63,42797
63,42815
315,42855
22,42971
342,43046
394,43085
63,43088
191,43092
411,43111
412,43112
413,43113
414,43114
402,43184
64,43185
403,43185
234,43219
235,43220
327,43379
171,43387
469,43409
234,43482
243,43496
244,43497
245,43498
284,43524
22,43584
311,43625
341,43752
468,43759
309,43784
401,43792
402,43793
268,43920
341,43944
422,43950
414,44001
21,44090
268,44102
269,44103
388,44103
468,44235
191,44264
468,44320
141,44374
215,44394
22,44413
244,44457
311,44526
119,44589
341,44595
140,44634
141,44635
195,44637
196,44638
468,44648
469,44649
63,44660
342,44662
479,44733
235,44739
40,44743
414,44817
73,44833
234,44838
235,44839
146,44927
147,44928
245,44999
269,45043
388,45043
387,45078
410,45093
504,45143
341,45156
504,45175
244,45249
243,45321
244,45322
245,45379
272,45540
391,45540
39,45624
479,45625
414,45651
63,45747
64,45748
403,45748
414,45760
469,45892
311,45982
235,46000
341,46002
196,46027
387,46059
269,46060
388,46060
50,46221
337,46452
235,46484
344,46507
465,46528
63,46594
63,46624
64,46625
403,46625
246,46662
244,46689
275,46717
410,46718
422,46748
414,46845
159,46937
465,46980
466,46981
414,47157
422,47183
221,47186
222,47187
228,47285
313,47349
21,47350
143,47395
474,47434
475,47435
504,47438
234,47503
112,47506
104,47534
235,47574
236,47575
482,47617
471,47685
269,47687
388,47687
469,47701
244,47795
245,47796
468,47799
81,47805
387,47841
269,47842
388,47842
243,47844
40,47902
225,47993
143,48013
271,48051
390,48051
243,48052
244,48053
245,48054
212,48152
243,48211
335,48233
191,48240
243,48315
270,48632
312,48632
389,48632
271,48633
390,48633
413,48680
387,48698
244,48767
421,48836
387,48869
231,48924
232,48925
81,48926
269,48991
388,48991
479,49055
268,49089
269,49090
388,49090
413,49148
459,49193
477,49196
39,49207
40,49208
341,49245
477,49275
195,49342
468,49346
86,49352
341,49369
85,49378
86,49379
244,49382
243,49508
104,49513
40,49525
86,49610
313,49613
422,49620
86,49718
271,49725
390,49725
395,49777
341,49786
40,49808
268,49824
147,49898
459,49906
271,49938
390,49938
243,49939
172,49948
236,49958
237,49959
235,49981
387,49990
315,49993
387,50024
269,50025
388,50025
244,50058
245,50059
141,50074
22,50138
387,50175
85,50230
86,50231
246,50251
191,50302
414,50382
141,50423
50,50463
413,50506
195,50508
468,50540
500,50555
40,50604
270,50645
312,50645
389,50645
271,50646
390,50646
86,50687
295,50689
316,50748
422,50775
422,50816
244,50840
23,50844
336,50948
411,50973
422,51134
64,51137
403,51137
335,51179
401,51369
402,51370
413,51375
412,51409
413,51410
143,51412
311,51482
21,51484
140,51496
222,51525
63,51553
422,51556
357,51612
469,51634
468,51644
480,51680
500,51683
246,51703
247,51704
248,51705
340,51709
39,51734
40,51735
475,51741
476,51742
56,51776
191,51929
195,51932
341,51941
214,51949
419,51983
419,51985
420,51986
243,51989
63,52097
341,52189
468,52320
414,52364
420,52381
421,52382
235,52418
63,52508
474,52534
475,52535
468,52602
469,52603
235,52613
63,52687
64,52688
403,52688
195,52705
480,52722
64,52745
403,52745
468,52804
469,52897
50,52913
246,52932
245,52949
235,52978
411,53008
412,53009
413,53010
414,53011
387,53021
341,53075
502,53103
503,53103
215,53120
244,53198
415,53248
86,53393
87,53407
422,53423
64,53454
403,53454
140,53479
84,53513
85,53514
86,53515
235,53521
270,53605
312,53605
389,53605
313,53607
21,53608
22,53609
246,53615
233,53645
86,53654
465,53776
466,53777
195,53841
221,53846
104,53849
64,53886
403,53886
245,54046
387,54128
459,54211
222,54269
57,54281
413,54439
406,54565
341,54578
243,54660
422,54704
341,54722
465,54751
222,54764
143,54808
195,54835
502,54856
503,54856
502,54857
503,54857
269,54860
388,54860
243,54862
243,54907
413,54928
244,55019
140,55030
141,55031
86,55046
269,55063
388,55063
236,55129
268,55131
87,55216
170,55292
243,55458
244,55466
233,55532
340,55547
402,55606
225,55616
341,55628
468,55631
409,55642
141,55715
243,55731
467,55746
141,55766
268,55791
269,55792
388,55792
111,55808
401,55869
140,55870
401,55938
140,55939
383,55986
191,56008
235,56023
179,56050
195,56096
245,56250
479,56278
480,56279
63,56431
141,56468
195,56470
326,56625
327,56626
420,56631
271,56642
390,56642
243,56643
64,56684
403,56684
63,56700
40,56703
244,56708
313,56761
63,56789
64,56790
403,56790
340,56858
341,56859
309,56919
232,56929
233,56930
234,56931
479,56947
480,56948
480,57005
420,57100
402,57163
141,57204
271,57297
390,57297
420,57316
421,57317
244,57319
296,57433
224,57448
225,57449
141,57452
50,57485
243,57505
324,57537
196,57545
235,57548
222,57551
223,57552
224,57553
324,57573
325,57574
326,57575
327,57576
311,57580
50,57587
339,57599
63,57648
141,57699
311,57709
413,57734
314,57885
471,57894
422,57897
309,57912
459,57937
141,57968
142,57969
143,57970
147,58280
387,58303
191,58324
195,58327
243,58350
326,58365
353,58377
422,58412
244,58471
245,58472
64,58499
403,58499
244,58519
235,58595
235,58609
65,58612
404,58612
467,58626
140,58672
141,58673
270,58711
312,58711
389,58711
235,58723
420,58741
64,58761
403,58761
387,58775
141,58871
401,58887
469,58903
420,58926
421,58927
270,58946
312,58946
389,58946
313,58948
21,58949
341,59048
387,59067
87,59119
225,59141
420,59172
405,59195
406,59196
479,59263
480,59305
244,59326
140,59368
311,59436
171,59450
40,59491
86,59519
152,59556
421,59622
40,59631
245,59657
315,59684
63,59701
191,59708
477,59760
478,59761
40,59762
