97,14
395,131
275,243
79,254
178,368
179,368
180,368
181,368
182,368
178,369
179,369
180,369
181,369
182,369
178,370
179,370
180,370
181,370
182,370
133,402
117,412
118,413
81,425
82,426
174,433
365,479
316,489
318,796
177,797
319,797
178,798
179,798
180,798
181,798
182,798
392,911
393,912
178,937
179,937
180,937
181,937
182,937
178,938
179,938
180,938
181,938
182,938
23,942
166,1029
175,1043
164,1044
176,1044
178,1065
179,1065
180,1065
181,1065
182,1065
81,1121
82,1122
52,1205
120,1285
269,1348
364,1356
116,1365
103,1384
196,1384
197,1385
198,1386
394,1425
276,1460
268,1569
388,1598
66,1635
67,1636
395,1645
51,1646
198,1756
66,1772
83,1792
79,1800
279,1802
174,1813
175,1814
156,1925
336,1977
357,1987
395,2052
276,2069
258,2100
108,2125
216,2127
302,2157
79,2158
164,2159
176,2159
275,2173
178,2200
179,2200
180,2200
181,2200
182,2200
79,2267
164,2268
176,2268
177,2269
319,2269
166,2271
178,2278
179,2278
180,2278
181,2278
182,2278
178,2279
179,2279
180,2279
181,2279
182,2279
317,2369
323,2405
79,2415
279,2434
171,2468
172,2469
173,2470
174,2471
175,2472
164,2473
176,2473
165,2474
178,2489
179,2489
180,2489
181,2489
182,2489
178,2490
179,2490
180,2490
181,2490
182,2490
178,2491
179,2491
180,2491
181,2491
182,2491
178,2492
179,2492
180,2492
181,2492
182,2492
178,2493
179,2493
180,2493
181,2493
182,2493
177,2523
319,2523
320,2524
82,2526
278,2584
154,2630
346,2634
132,2635
79,2652
393,2690
394,2691
165,2772
388,2819
177,2826
319,2826
117,2883
119,2888
137,2901
268,2952
268,3042
117,3067
118,3068
268,3201
204,3328
165,3332
137,3382
138,3383
134,3385
175,3412
384,3456
178,3465
179,3465
180,3465
181,3465
182,3465
178,3466
179,3466
180,3466
181,3466
182,3466
178,3467
179,3467
180,3467
181,3467
182,3467
66,3518
276,3560
275,3634
276,3635
365,3643
175,3668
68,3678
268,3759
135,3797
136,3798
137,3799
138,3800
237,3836
165,3843
172,3863
133,3866
217,3885
177,3888
319,3888
320,3889
391,3937
79,3952
80,3973
81,3974
82,3975
83,3976
79,4103
296,4118
177,4138
319,4138
178,4139
179,4139
180,4139
181,4139
182,4139
175,4174
195,4179
25,4202
208,4207
209,4208
302,4215
79,4216
267,4255
177,4281
319,4281
273,4302
133,4303
336,4381
164,4389
176,4389
177,4390
319,4390
270,4393
361,4395
177,4498
319,4498
178,4499
179,4499
180,4499
181,4499
182,4499
393,4546
394,4719
395,4720
88,4765
274,4797
336,4838
175,4848
164,4849
176,4849
177,4850
319,4850
135,4856
136,4857
137,4858
138,4859
277,4905
81,4907
82,4908
177,4951
319,4951
103,5092
196,5092
318,5149
273,5223
133,5224
237,5230
395,5245
119,5270
82,5321
270,5351
361,5353
195,5373
277,5376
278,5377
276,5429
163,5447
164,5448
176,5448
393,5452
394,5453
165,5498
23,5513
392,5591
79,5603
317,5611
316,5697
175,5787
165,5933
103,5971
196,5971
79,6119
79,6203
164,6204
176,6204
23,6286
178,6364
179,6364
180,6364
181,6364
182,6364
65,6387
66,6388
164,6409
176,6409
165,6410
65,6420
66,6421
317,6468
81,6470
82,6471
395,6505
137,6513
138,6514
82,6528
395,6546
103,6565
196,6565
395,6652
166,6828
318,6915
165,6916
395,7020
395,7084
245,7210
103,7342
196,7342
395,7362
103,7474
196,7474
165,7520
317,7524
364,7539
395,7543
218,7554
195,7641
349,7658
82,7665
80,7672
165,7752
266,7831
204,7873
205,7874
67,7926
68,7927
67,7979
318,8013
82,8016
270,8036
361,8038
165,8127
395,8143
317,8192
133,8208
81,8252
82,8253
395,8272
204,8356
205,8357
275,8367
133,8376
392,8429
393,8430
391,8440
364,8511
133,8531
276,8546
395,8560
79,8840
164,8841
176,8841
177,8842
319,8842
86,8852
395,8893
133,9030
51,9071
218,9080
218,9170
268,9268
269,9269
23,9321
268,9324
269,9325
103,9363
196,9363
197,9364
117,9417
364,9574
362,9594
395,9763
175,9822
349,9845
394,9894
363,9951
216,10063
318,10090
240,10196
121,10216
140,10216
267,10275
82,10278
363,10398
395,10405
51,10431
388,10472
395,10474
275,10585
28,10621
117,10746
268,10836
24,10844
273,10856
165,10858
267,10895
276,10898
267,10952
268,10953
175,11084
177,11379
319,11379
178,11380
179,11380
180,11380
181,11380
182,11380
258,11488
267,11495
394,11597
362,11633
363,11634
268,11722
269,11723
268,11796
117,11815
275,11823
317,11849
267,11898
133,11967
118,12053
164,12058
176,12058
165,12059
38,12108
39,12109
395,12169
82,12183
164,12204
176,12204
165,12205
121,12230
140,12230
133,12269
263,12297
177,12324
319,12324
361,12369
395,12471
137,12502
178,12550
179,12550
180,12550
181,12550
182,12550
268,12567
166,12600
102,12603
103,12613
196,12613
208,12649
395,12685
79,12788
164,12789
176,12789
177,12790
319,12790
178,12791
179,12791
180,12791
181,12791
182,12791
245,12829
238,12836
165,12937
316,13046
197,13049
24,13070
268,13083
269,13084
133,13104
117,13154
267,13196
237,13199
67,13218
137,13357
67,13412
68,13413
258,13671
323,13710
127,13761
175,13865
268,13943
269,13944
276,13972
137,13997
195,14007
103,14008
196,14008
132,14026
133,14027
194,14032
195,14033
267,14116
276,14119
364,14155
204,14168
267,14180
245,14241
364,14245
302,14267
79,14268
164,14269
176,14269
364,14383
216,14430
295,14500
387,14532
165,14544
117,14552
279,14727
164,14730
176,14730
154,14762
394,14821
395,14822
51,14823
81,14857
82,14858
205,14899
67,14936
68,14937
395,15036
102,15080
133,15156
203,15160
137,15242
349,15256
361,15323
362,15342
117,15372
317,15424
267,15466
118,15660
117,15725
392,15804
393,15805
394,15806
154,15873
384,15896
385,15897
268,15968
270,16030
361,16032
361,16154
267,16182
177,16429
319,16429
204,16441
117,16480
137,16512
194,16582
195,16583
131,16636
132,16637
165,16699
165,16716
320,16734
82,16736
346,16764
132,16765
133,16766
177,16819
319,16819
178,16820
179,16820
180,16820
181,16820
182,16820
174,16836
175,16837
317,16866
318,16867
126,16912
317,17008
133,17058
357,17061
336,17357
267,17399
316,17441
258,17468
197,17500
278,17547
118,17586
119,17587
67,17633
68,17634
175,17722
164,17723
176,17723
257,17744
103,17778
196,17778
238,17851
267,17930
133,17938
394,17956
395,17957
165,18017
274,18062
395,18234
164,18310
176,18310
177,18311
319,18311
164,18329
176,18329
268,18374
267,18510
274,18529
137,18558
138,18559
24,18630
25,18631
204,18726
394,18771
204,18915
97,19012
165,19128
166,19129
103,19218
196,19218
197,19219
135,19330
136,19331
137,19332
138,19333
317,19417
276,19474
117,19513
270,19522
361,19524
267,19614
276,19675
277,19676
318,19677
267,19816
172,19881
173,19882
174,19883
82,19994
165,20021
395,20031
275,20052
276,20053
357,20057
388,20101
178,20123
179,20123
180,20123
181,20123
182,20123
237,20125
267,20202
166,20260
364,20420
137,20442
121,20544
140,20544
336,20594
133,20618
26,20662
317,20674
165,20710
79,20723
394,20773
90,20830
81,20851
82,20852
82,20885
267,20893
317,20947
204,21036
349,21040
172,21074
173,21075
177,21093
319,21093
320,21094
133,21163
178,21348
179,21348
180,21348
181,21348
182,21348
237,21350
197,21363
127,21390
274,21485
391,21506
392,21507
82,21515
59,21524
349,21529
363,21538
392,21555
393,21556
394,21557
297,21588
103,21646
196,21646
317,21687
66,21689
177,21846
319,21846
364,21915
395,21919
118,21950
119,21951
120,21952
268,21981
392,22000
267,22029
364,22036
177,22128
319,22128
183,22129
366,22170
204,22186
102,22188
81,22296
82,22297
195,22311
269,22417
362,22435
67,22470
277,22575
267,22593
361,22612
302,22625
79,22626
164,22627
176,22627
67,22630
103,22666
196,22666
197,22667
395,22738
267,22835
268,22836
366,22869
177,22929
319,22929
177,22955
319,22955
395,22999
218,23009
395,23059
273,23142
133,23143
137,23161
268,23205
172,23227
66,23437
67,23438
68,23439
364,23464
103,23593
196,23593
79,23663
204,23716
395,23775
51,23776
134,23801
267,23978
177,24000
319,24000
65,24015
393,24063
394,24064
154,24149
119,24194
395,24277
82,24288
133,24319
395,24340
363,24443
364,24444
318,24520
132,24606
267,24647
81,24674
82,24675
164,24692
176,24692
275,24835
79,24877
164,24878
176,24878
165,24950
67,24974
198,25000
177,25005
319,25005
178,25006
179,25006
180,25006
181,25006
182,25006
178,25007
179,25007
180,25007
181,25007
182,25007
320,25008
267,25013
268,25014
267,25043
268,25044
365,25093
174,25100
175,25101
164,25102
176,25102
165,25103
395,25242
164,25356
176,25356
177,25357
319,25357
317,25465
120,25466
267,25557
174,25587
165,25613
154,25672
317,25691
278,25692
395,25757
395,25869
267,25900
59,25925
267,25941
108,25959
216,25961
117,25991
317,26044
81,26149
82,26150
364,26153
317,26257
278,26258
279,26259
395,26276
117,26356
51,26374
357,26423
137,26427
138,26428
66,26430
204,26485
392,26571
393,26572
394,26573
237,26644
395,26767
79,26922
278,26939
67,26948
175,27016
164,27017
176,27017
267,27060
323,27118
384,27135
395,27164
51,27165
137,27309
138,27310
258,27329
384,27381
175,27393
117,27432
118,27433
209,27438
165,27453
273,27484
265,27624
266,27625
267,27626
177,27662
319,27662
320,27663
24,27784
361,27823
394,27862
336,27894
52,27962
79,28045
66,28047
67,28048
68,28049
102,28153
267,28173
276,28176
67,28292
131,28297
132,28298
133,28299
392,28382
395,28408
69,28471
268,28509
119,28546
61,28579
59,28597
178,28677
179,28677
180,28677
181,28677
182,28677
171,28694
172,28695
133,28698
175,28775
164,28792
176,28792
177,28878
319,28878
383,29115
164,29119
176,29119
177,29120
319,29120
183,29121
317,29214
318,29215
165,29216
267,29249
152,29268
174,29386
121,29394
140,29394
120,29463
121,29464
140,29464
119,29551
296,29595
177,29698
319,29698
320,29699
317,29729
278,29730
318,29740
67,29748
392,29763
177,29774
319,29774
178,29775
179,29775
180,29775
181,29775
182,29775
395,29801
51,29802
177,29858
319,29858
237,29860
308,29868
309,29894
274,30123
164,30177
176,30177
165,30195
117,30252
178,30320
179,30320
180,30320
181,30320
182,30320
178,30321
179,30321
180,30321
181,30321
182,30321
165,30350
68,30457
361,30464
362,30465
363,30466
364,30467
365,30468
268,30533
275,30553
117,30725
318,30755
120,30780
102,30788
363,30804
154,30833
178,30911
179,30911
180,30911
181,30911
182,30911
178,30912
179,30912
180,30912
181,30912
182,30912
320,30913
82,30936
120,30940
177,30982
319,30982
164,31044
176,31044
177,31045
319,31045
320,31046
82,31048
117,31051
323,31079
365,31110
198,31111
177,31165
319,31165
178,31166
179,31166
180,31166
181,31166
182,31166
276,31194
276,31269
357,31304
69,31327
164,31329
176,31329
177,31330
319,31330
178,31331
179,31331
180,31331
181,31331
182,31331
276,31369
204,31386
267,31391
268,31392
269,31393
267,31402
66,31463
318,31490
268,31546
273,31586
133,31587
392,31603
101,31624
102,31625
103,31731
196,31731
197,31732
274,31742
165,31788
303,31893
391,31894
336,31902
171,31962
172,31963
133,31966
67,32024
119,32067
394,32100
133,32109
178,32116
179,32116
180,32116
181,32116
182,32116
317,32225
277,32278
137,32318
138,32319
349,32353
119,32373
154,32435
364,32460
267,32478
268,32479
137,32536
138,32537
394,32547
395,32548
65,32582
66,32583
67,32584
395,32630
51,32631
278,32730
165,32926
302,32983
79,32984
103,33041
196,33041
197,33042
329,33061
364,33062
272,33194
273,33195
216,33306
395,33317
65,33341
66,33342
317,33364
120,33365
164,33379
176,33379
165,33380
174,33393
218,33396
395,33421
51,33422
278,33447
174,33502
175,33503
164,33504
176,33504
204,33514
204,33521
297,33601
298,33602
117,33667
118,33670
119,33671
120,33672
121,33673
140,33673
317,33690
268,33714
275,33724
395,33777
165,33791
363,33882
80,33917
81,33918
82,33919
395,33942
102,33957
165,34070
133,34088
79,34098
164,34099
176,34099
177,34100
319,34100
175,34129
275,34131
118,34134
119,34135
267,34188
178,34191
179,34191
180,34191
181,34191
182,34191
318,34216
82,34219
108,34242
394,34269
79,34285
164,34286
176,34286
177,34287
319,34287
117,34298
177,34337
319,34337
118,34385
218,34388
266,34456
267,34457
322,34653
278,34683
267,34730
67,34746
103,34807
196,34807
197,34808
103,34845
196,34845
137,34913
138,34914
164,34971
176,34971
117,35013
118,35014
119,35015
81,35017
217,35055
178,35083
179,35083
180,35083
181,35083
182,35083
66,35117
67,35118
68,35119
318,35237
165,35238
410,35247
67,35251
79,35426
120,35438
118,35644
275,35653
79,35774
395,35824
24,35831
133,35836
268,35906
172,35983
274,35986
336,36063
82,36110
164,36198
176,36198
177,36199
319,36199
178,36200
179,36200
180,36200
181,36200
182,36200
178,36201
179,36201
180,36201
181,36201
182,36201
166,36203
384,36291
165,36350
165,36428
171,36464
172,36465
395,36480
395,36534
132,36562
81,36613
82,36614
195,36678
81,36690
79,36701
175,36768
275,36805
23,36807
268,36886
137,37110
138,37111
318,37128
165,37129
137,37215
175,37229
395,37245
177,37253
319,37253
218,37324
219,37325
217,37352
177,37355
319,37355
320,37356
395,37386
79,37417
149,37439
349,37534
357,37538
216,37581
178,37591
179,37591
180,37591
181,37591
182,37591
320,37592
238,37628
384,37658
79,37718
274,37739
102,37868
317,37905
66,37907
66,37926
82,37997
102,38012
79,38069
267,38123
164,38148
176,38148
165,38149
166,38150
178,38165
179,38165
180,38165
181,38165
182,38165
164,38325
176,38325
165,38326
102,38383
178,38392
179,38392
180,38392
181,38392
182,38392
178,38393
179,38393
180,38393
181,38393
182,38393
178,38394
179,38394
180,38394
181,38394
182,38394
137,38528
138,38529
317,38538
318,38584
165,38585
66,38607
67,38608
88,38779
89,38780
90,38781
134,38838
66,38847
66,38853
263,38940
395,38975
133,39104
268,39155
336,39202
68,39215
267,39318
268,39319
103,39389
196,39389
197,39390
175,39396
103,39536
196,39536
197,39537
366,39538
59,39588
269,39603
267,39612
268,39613
394,39647
395,39648
309,39816
269,39893
268,39927
395,39946
317,39966
103,40058
196,40058
205,40100
137,40162
82,40209
318,40279
165,40280
295,40369
267,40419
216,40431
268,40543
393,40571
394,40572
166,40578
197,40606
118,40631
119,40632
120,40633
121,40634
140,40634
103,40667
196,40667
318,40737
388,40748
209,40755
183,40786
208,40808
209,40809
379,40815
59,40833
357,40877
67,40891
164,41291
176,41291
177,41292
319,41292
203,41376
216,41431
133,41446
278,41497
103,41574
196,41574
267,41634
349,41717
165,41743
336,41791
133,41825
275,41849
154,41863
165,41903
67,41965
278,41999
118,42015
119,42016
247,42059
272,42067
273,42068
117,42092
38,42249
39,42250
76,42251
80,42254
395,42335
51,42336
52,42337
51,42371
117,42427
336,42439
172,42495
103,42568
196,42568
276,42670
267,42714
276,42717
317,42798
103,42820
196,42820
197,42821
366,42822
117,42839
388,42861
28,42888
275,42970
125,43009
295,43027
103,43079
196,43079
208,43148
209,43149
268,43191
395,43353
118,43536
119,43537
317,43624
318,43625
165,43626
269,43761
269,43869
270,43870
271,43871
272,43872
273,43873
295,43885
117,43912
137,43984
164,44103
176,44103
237,44105
134,44142
59,44163
135,44238
136,44239
137,44240
138,44241
137,44281
117,44305
296,44344
117,44434
103,44467
196,44467
197,44468
366,44469
275,44523
276,44524
277,44525
318,44526
336,44582
79,44781
394,44816
268,44984
164,45043
176,45043
165,45044
103,45053
196,45053
197,45054
175,45078
165,45107
103,45251
196,45251
276,45478
395,45495
165,45539
388,45563
346,45705
132,45706
395,45743
394,45759
88,45889
395,45938
119,45981
318,45982
165,45983
117,45994
175,46059
164,46060
176,46060
165,46061
268,46251
119,46310
137,46339
81,46380
82,46381
149,46454
67,46514
245,46523
350,46531
208,46702
209,46703
79,46733
275,46903
67,46977
28,47074
276,47180
277,47181
392,47211
80,47364
66,47485
67,47520
68,47521
317,47570
120,47571
121,47572
140,47572
365,47583
393,47611
164,47687
176,47687
79,47792
175,47841
164,47842
176,47842
165,47843
268,47883
165,47919
53,47935
119,48063
165,48116
172,48146
237,48151
393,48186
394,48187
137,48258
392,48261
393,48262
394,48263
165,48314
237,48344
394,48370
394,48548
79,48608
275,48613
177,48632
319,48632
361,48641
395,48681
175,48698
308,48722
309,48725
118,48781
119,48782
379,48789
175,48869
103,48937
196,48937
197,48973
79,48990
164,48991
176,48991
82,49071
164,49090
176,49090
395,49149
137,49205
103,49249
196,49249
197,49250
174,49274
388,49339
395,49341
267,49352
267,49379
268,49380
133,49415
134,49416
323,49463
165,49552
267,49610
267,49718
268,49719
117,49869
268,49966
172,49987
173,49988
174,49989
175,49990
274,50015
175,50024
164,50025
176,50025
165,50080
237,50093
79,50126
274,50136
275,50137
118,50140
174,50174
175,50175
134,50192
267,50231
268,50232
269,50243
357,50253
385,50257
204,50451
395,50507
364,50516
268,50636
177,50645
319,50645
166,50647
267,50687
137,50772
138,50773
23,50844
165,50887
133,50896
102,50999
67,51039
268,51072
269,51073
117,51110
79,51132
128,51149
127,51153
172,51192
173,51193
203,51236
204,51237
364,51329
67,51459
68,51460
318,51482
276,51511
317,51554
365,51578
66,51608
67,51609
137,51639
138,51640
137,51732
204,51750
126,51850
88,51948
89,51949
217,51981
165,51988
208,52015
209,52016
133,52030
217,52075
245,52091
103,52184
196,52184
197,52185
395,52260
154,52284
366,52391
67,52408
278,52411
203,52434
204,52435
52,52468
108,52485
392,52489
216,52526
238,52542
273,52598
133,52599
218,52631
217,52756
388,52829
394,52850
395,52851
133,52870
357,52934
103,52968
196,52968
175,53021
102,53039
79,53105
204,53145
103,53200
196,53200
388,53215
394,53312
395,53313
267,53393
120,53467
121,53468
140,53468
267,53515
393,53566
394,53567
273,53603
177,53605
319,53605
178,53606
179,53606
180,53606
181,53606
182,53606
267,53654
278,53763
154,53809
394,53839
395,53840
81,54017
82,54018
240,54085
275,54106
276,54107
126,54114
175,54128
275,54181
79,54215
275,54460
126,54594
117,54627
388,54832
395,54834
79,54859
164,54860
176,54860
165,54861
323,54917
117,54973
267,55046
268,55047
164,55063
176,55063
165,55064
276,55100
80,55132
336,55437
165,55457
392,55665
79,55705
165,55730
395,55761
164,55792
176,55792
82,55812
209,55838
173,55967
165,56056
395,56092
395,56095
81,56148
82,56149
102,56258
379,56366
395,56403
392,56478
393,56479
317,56506
81,56508
82,56509
363,56565
178,56760
179,56760
180,56760
181,56760
182,56760
79,56768
393,56772
394,56773
278,56785
103,56872
196,56872
197,56873
317,56876
133,57011
357,57017
133,57065
395,57241
178,57296
179,57296
180,57296
181,57296
182,57296
217,57315
198,57427
274,57483
165,57504
318,57580
165,57581
133,57689
318,57709
67,57712
68,57713
392,57720
217,57940
218,57941
133,58101
394,58148
395,58149
217,58187
218,58188
362,58281
363,58282
175,58303
165,58349
81,58580
82,58581
67,58634
177,58711
319,58711
237,58713
275,58743
175,58775
275,58777
177,58946
319,58946
178,58947
179,58947
180,58947
181,58947
182,58947
82,58970
119,58987
275,59028
175,59067
67,59121
68,59122
149,59204
278,59351
318,59436
165,59437
267,59519
350,59580
67,59582
68,59583
317,59702
163,59737
