209,129
210,130
196,249
60,254
267,254
499,254
268,255
503,266
533,286
534,287
343,290
484,290
285,291
289,311
138,368
502,368
138,369
502,369
138,370
502,370
139,371
140,372
141,373
167,373
533,392
166,403
365,404
66,429
112,433
455,455
522,521
160,522
161,523
234,598
136,648
160,652
161,653
483,737
279,739
533,793
436,795
137,797
501,797
138,798
502,798
503,799
138,937
502,937
138,938
502,938
467,939
62,1002
443,1002
63,1003
444,1003
101,1028
113,1043
500,1044
138,1065
502,1065
139,1066
279,1107
548,1131
50,1138
101,1225
282,1299
367,1300
136,1301
164,1316
441,1316
37,1363
46,1364
294,1377
376,1387
139,1391
102,1392
162,1401
64,1437
65,1438
401,1506
503,1581
164,1592
441,1592
165,1593
166,1594
210,1599
111,1627
483,1630
343,1631
484,1631
285,1632
533,1639
210,1668
286,1674
365,1715
286,1736
376,1757
60,1800
267,1800
499,1800
61,1801
112,1813
113,1814
114,1815
439,1951
320,1994
321,1995
179,1997
544,2053
157,2133
60,2158
267,2158
499,2158
500,2159
438,2170
138,2200
502,2200
139,2201
387,2202
37,2211
46,2212
101,2234
387,2235
60,2267
267,2267
499,2267
500,2268
137,2269
501,2269
139,2270
138,2278
502,2278
138,2279
502,2279
139,2280
525,2286
115,2371
37,2372
59,2414
60,2415
267,2415
499,2415
268,2416
442,2433
61,2437
62,2438
443,2438
63,2439
444,2439
112,2471
113,2472
500,2473
387,2475
138,2489
502,2489
138,2490
502,2490
138,2491
502,2491
138,2492
502,2492
138,2493
502,2493
139,2510
137,2523
501,2523
279,2538
437,2584
436,2619
60,2652
267,2652
499,2652
114,2653
221,2727
221,2764
218,2769
286,2802
210,2820
367,2824
136,2825
137,2826
501,2826
139,2827
140,2828
139,2861
269,2924
90,2981
279,3010
365,3044
366,3045
520,3054
343,3055
484,3055
285,3056
520,3057
164,3059
441,3059
285,3071
520,3072
343,3073
484,3073
285,3074
520,3075
164,3077
441,3077
165,3117
520,3177
164,3179
441,3179
284,3187
285,3188
520,3189
164,3191
441,3191
115,3193
376,3267
525,3321
279,3324
90,3352
44,3393
61,3403
62,3404
443,3404
113,3412
268,3413
138,3465
502,3465
138,3466
502,3466
138,3467
502,3467
139,3468
84,3513
489,3522
458,3602
114,3633
145,3647
101,3657
140,3658
113,3668
161,3713
445,3731
289,3751
504,3836
140,3844
365,3845
547,3849
82,3853
83,3854
84,3855
320,3873
164,3886
441,3886
137,3888
501,3888
165,3912
285,3935
60,3952
267,3952
499,3952
285,3971
61,3994
62,3995
443,3995
59,4012
483,4013
209,4037
210,4038
44,4080
131,4087
132,4088
60,4103
267,4103
499,4103
268,4104
166,4105
137,4138
501,4138
138,4139
502,4139
139,4140
113,4174
101,4193
102,4194
103,4195
547,4205
343,4213
484,4213
60,4216
267,4216
499,4216
114,4217
137,4281
501,4281
503,4282
135,4302
166,4304
367,4348
136,4349
136,4357
500,4389
137,4390
501,4390
139,4391
102,4392
208,4422
491,4422
209,4423
210,4424
218,4495
137,4498
501,4498
138,4499
502,4499
467,4500
517,4583
199,4625
61,4642
346,4678
391,4741
115,4798
242,4821
113,4848
500,4849
137,4850
501,4850
467,4851
164,4949
441,4949
137,4951
501,4951
139,4952
83,5006
84,5007
294,5017
90,5053
165,5103
487,5173
488,5174
294,5200
135,5223
166,5225
504,5230
210,5244
166,5272
218,5347
437,5377
278,5420
500,5448
533,5471
136,5497
140,5499
141,5500
167,5500
60,5603
267,5603
499,5603
268,5604
525,5610
158,5636
159,5637
139,5662
113,5787
61,5788
43,5796
44,5797
505,5834
208,5910
491,5910
387,5934
445,5939
492,5955
493,5956
486,6032
289,6048
62,6106
443,6106
60,6119
267,6119
499,6119
61,6120
60,6203
267,6203
499,6203
500,6204
281,6254
184,6298
453,6309
101,6346
387,6347
323,6355
324,6356
138,6364
502,6364
139,6365
140,6366
164,6386
441,6386
500,6409
483,6437
521,6438
166,6449
279,6462
44,6483
189,6512
269,6516
544,6547
62,6586
443,6586
63,6587
444,6587
176,6611
184,6777
101,6873
503,6896
487,6936
488,6937
489,6938
442,7062
438,7063
439,7064
522,7066
160,7067
62,7175
443,7175
101,7237
184,7419
286,7445
456,7503
457,7504
387,7521
139,7581
101,7611
387,7612
364,7660
195,7697
536,7701
163,7749
164,7750
441,7750
161,7784
520,7803
367,7842
62,7844
443,7844
280,7846
281,7847
210,7875
164,7910
441,7910
145,7949
436,8012
209,8045
210,8046
533,8068
160,8113
161,8114
162,8115
136,8126
166,8194
141,8195
167,8195
62,8201
443,8201
299,8306
210,8358
81,8505
82,8506
83,8507
84,8508
166,8532
522,8691
160,8692
456,8751
265,8806
60,8840
267,8840
499,8840
500,8841
137,8842
501,8842
139,8843
140,8844
533,8988
145,8994
288,9100
289,9101
526,9148
527,9149
160,9241
161,9242
490,9286
208,9287
491,9287
492,9288
493,9289
37,9335
161,9407
164,9465
441,9465
442,9466
90,9582
285,9788
61,9790
113,9822
61,9823
281,9932
184,10006
101,10050
184,10138
270,10233
388,10233
289,10356
525,10387
66,10394
50,10397
116,10443
210,10473
225,10532
387,10547
164,10583
441,10583
161,10631
210,10656
66,10664
323,10696
210,10731
48,10740
218,10780
157,10816
135,10856
136,10857
387,10859
164,10913
441,10913
165,10914
166,10915
37,10920
365,10975
184,11063
113,11084
268,11085
144,11201
145,11202
50,11204
235,11301
137,11379
501,11379
138,11380
502,11380
139,11381
467,11529
160,11621
242,11709
243,11710
380,11759
376,11774
377,11775
270,11838
388,11838
166,11851
101,11900
295,11932
66,11985
285,12056
500,12058
102,12060
32,12108
455,12155
285,12202
500,12204
140,12206
83,12259
84,12260
522,12306
282,12315
137,12324
501,12324
503,12325
279,12487
194,12504
138,12550
502,12550
166,12574
101,12599
208,12601
491,12601
108,12625
35,12729
489,12753
66,12767
265,12786
266,12787
60,12788
267,12788
499,12788
500,12789
137,12790
501,12790
138,12791
502,12791
467,12792
83,12844
101,12855
177,12888
467,12978
158,13019
159,13020
160,13021
161,13022
467,13037
150,13097
269,13105
504,13199
268,13299
458,13307
286,13391
195,13424
495,13426
489,13520
279,13586
323,13614
165,13619
258,13759
259,13760
231,13771
74,13772
165,13844
113,13865
61,13866
490,13899
483,13936
195,13938
377,13986
189,13996
196,14178
101,14196
60,14268
267,14268
499,14268
500,14269
442,14483
62,14484
443,14484
318,14526
319,14527
136,14543
387,14545
525,14625
377,14658
377,14666
378,14667
500,14730
184,14759
210,14900
102,14964
522,14969
453,15029
454,15030
455,15031
456,15032
457,15033
161,15109
208,15158
491,15158
492,15159
189,15241
522,15245
364,15258
141,15259
167,15259
483,15265
82,15280
83,15281
84,15282
517,15296
387,15329
299,15359
145,15375
166,15426
322,15472
514,15563
489,15566
162,15611
162,15652
320,15839
321,15840
322,15841
62,15952
443,15952
364,15972
467,16062
346,16106
364,16113
177,16124
364,16164
141,16224
167,16224
63,16242
444,16242
184,16251
225,16292
294,16330
533,16340
208,16352
491,16352
141,16408
167,16408
137,16429
501,16429
467,16430
279,16437
194,16514
506,16516
507,16517
508,16518
294,16520
295,16521
533,16562
160,16570
520,16616
514,16652
282,16655
367,16656
136,16657
140,16700
387,16717
269,16767
184,16775
137,16819
501,16819
138,16820
502,16820
467,16821
66,16832
112,16836
113,16837
114,16838
258,16840
241,16945
218,16959
387,16976
525,17007
166,17010
100,17095
101,17096
145,17153
143,17185
61,17188
438,17189
439,17190
387,17228
321,17325
322,17326
148,17332
544,17364
525,17497
279,17522
437,17547
101,17572
387,17573
166,17589
365,17590
101,17663
113,17722
500,17723
225,17735
102,17787
157,17823
158,17824
159,17825
280,17857
166,17939
323,17970
324,17971
83,17982
84,17983
141,17998
167,17998
158,18034
159,18035
115,18063
222,18086
223,18087
224,18088
225,18089
241,18094
242,18095
243,18096
241,18106
279,18137
280,18138
301,18159
302,18160
210,18233
285,18265
61,18267
62,18268
443,18268
459,18281
279,18298
500,18310
137,18311
501,18311
467,18312
511,18320
500,18329
48,18380
49,18381
149,18381
240,18396
241,18397
101,18512
140,18513
115,18530
101,18574
199,18598
101,18621
162,18644
146,18798
147,18799
143,18840
166,18886
365,18887
160,18907
279,18940
280,18941
165,18946
208,18948
491,18948
209,18949
210,18950
141,19069
167,19069
265,19110
164,19126
441,19126
140,19247
289,19288
166,19335
365,19336
66,19553
218,19606
483,19624
209,19696
210,19697
141,19732
167,19732
387,19738
467,19819
44,19850
112,19883
50,20012
90,20014
102,20022
103,20023
104,20024
210,20102
138,20123
502,20123
503,20124
504,20125
492,20147
493,20148
101,20204
37,20212
116,20222
139,20245
387,20246
455,20284
224,20359
514,20365
164,20413
441,20413
279,20445
221,20564
258,20574
136,20709
102,20711
60,20723
267,20723
499,20723
268,20724
364,20777
403,20837
367,20849
368,20850
136,20882
241,20923
210,20954
281,21016
364,21042
445,21052
279,21059
194,21065
483,21079
136,21092
137,21093
501,21093
281,21135
166,21164
101,21182
102,21183
138,21348
502,21348
503,21349
504,21350
505,21351
90,21385
467,21419
164,21445
441,21445
165,21446
269,21447
343,21503
484,21503
285,21504
525,21686
511,21756
508,21762
294,21764
494,21805
89,21828
282,21843
367,21844
136,21845
137,21846
501,21846
139,21847
387,21848
270,21849
388,21849
398,21869
445,21898
525,21957
526,21958
165,22020
285,22097
61,22099
438,22100
101,22107
137,22128
501,22128
46,22191
505,22229
377,22273
90,22300
161,22337
145,22347
49,22370
149,22370
387,22515
494,22552
60,22626
267,22626
499,22626
500,22627
467,22767
101,22775
387,22776
114,22808
115,22809
137,22929
501,22929
139,22930
387,22931
270,22932
388,22932
156,22940
157,22941
164,22953
441,22953
137,22955
501,22955
139,22956
35,22983
212,23052
101,23084
229,23110
508,23112
135,23142
189,23160
526,23175
527,23176
145,23182
269,23219
270,23220
388,23220
44,23262
489,23277
162,23296
44,23316
139,23414
387,23415
455,23519
456,23520
457,23521
279,23589
241,23640
60,23663
267,23663
499,23663
114,23664
48,23858
368,23896
37,23920
453,23926
454,23927
137,24000
501,24000
139,24001
163,24013
164,24014
441,24014
258,24034
279,24053
533,24124
534,24125
367,24310
269,24320
439,24396
50,24442
527,24474
364,24493
288,24565
289,24566
136,24607
486,24616
101,24649
368,24673
500,24692
471,24747
472,24748
494,24760
163,24832
164,24833
441,24833
184,24840
265,24875
266,24876
60,24877
267,24877
499,24877
500,24878
506,24891
387,24951
137,25005
501,25005
138,25006
502,25006
138,25007
502,25007
129,25036
258,25058
259,25059
209,25073
210,25074
111,25099
112,25100
113,25101
500,25102
387,25104
116,25133
455,25178
162,25341
195,25343
500,25356
137,25357
501,25357
398,25391
399,25392
367,25403
136,25404
111,25586
112,25587
289,25656
437,25692
62,25693
443,25693
63,25694
444,25694
445,25695
74,25747
544,25758
139,25782
195,25797
184,25827
365,25906
299,25931
101,25975
235,25982
279,26016
455,26065
456,26066
456,26114
457,26115
74,26211
158,26221
525,26256
437,26258
286,26261
323,26264
209,26274
210,26275
210,26282
197,26338
36,26353
533,26382
166,26388
141,26389
167,26389
189,26426
279,26472
48,26530
164,26550
441,26550
442,26551
398,26610
399,26611
458,26616
504,26644
66,26703
50,26706
208,26739
491,26739
63,26784
444,26784
525,26817
522,26820
62,26862
443,26862
280,26864
265,26920
266,26921
60,26922
267,26922
499,26922
268,26923
437,26939
113,27016
500,27017
508,27032
130,27033
455,27040
486,27065
258,27084
162,27141
258,27159
65,27168
139,27235
492,27247
493,27248
115,27312
37,27313
46,27314
282,27332
367,27333
113,27393
268,27394
489,27415
364,27416
467,27464
135,27484
62,27486
443,27486
61,27511
62,27512
443,27512
526,27573
527,27574
232,27577
85,27617
164,27660
441,27660
137,27662
501,27662
90,27698
232,27725
483,27744
101,27944
140,27945
533,27969
517,28018
102,28033
62,28038
443,28038
265,28043
266,28044
60,28045
267,28045
499,28045
269,28065
117,28285
102,28354
210,28407
544,28409
61,28452
438,28453
439,28454
164,28533
441,28533
442,28534
268,28575
62,28610
443,28610
280,28612
160,28624
82,28663
138,28677
502,28677
503,28678
269,28699
113,28775
61,28776
62,28777
443,28777
500,28792
531,28841
136,28853
137,28878
501,28878
503,28879
207,28946
208,28947
491,28947
195,28951
145,28955
195,28981
136,29013
62,29038
443,29038
63,29039
444,29039
455,29051
500,29119
137,29120
501,29120
61,29152
62,29153
443,29153
488,29156
139,29237
241,29265
242,29266
243,29267
208,29283
491,29283
162,29327
453,29350
454,29351
63,29369
444,29369
111,29385
112,29386
343,29388
484,29388
285,29389
520,29390
164,29392
441,29392
158,29438
347,29453
348,29454
359,29630
137,29698
501,29698
61,29710
505,29712
437,29730
62,29731
443,29731
436,29739
137,29774
501,29774
138,29775
502,29775
503,29776
442,29793
62,29794
443,29794
63,29795
444,29795
445,29796
207,29810
208,29811
491,29811
137,29858
501,29858
503,29859
504,29860
62,29947
443,29947
207,29982
208,29983
491,29983
489,30116
490,30117
115,30124
500,30177
218,30192
140,30196
269,30284
90,30304
138,30320
502,30320
138,30321
502,30321
520,30346
164,30348
441,30348
289,30358
62,30387
443,30387
63,30388
444,30388
139,30441
50,30482
526,30513
365,30520
164,30551
441,30551
164,30586
441,30586
527,30618
490,30654
208,30655
491,30655
547,30710
402,30751
280,30759
62,30767
443,30767
147,30775
148,30776
160,30842
525,30848
147,30860
148,30861
147,30863
138,30911
502,30911
138,30912
502,30912
522,30950
365,30968
366,30969
367,30970
368,30971
61,30978
438,30979
137,30982
501,30982
503,30983
63,30985
444,30985
471,31012
62,31018
443,31018
500,31044
137,31045
501,31045
436,31084
43,31108
212,31132
184,31148
137,31165
501,31165
138,31166
502,31166
139,31167
387,31168
320,31217
526,31277
500,31329
137,31330
501,31330
138,31331
502,31331
467,31332
116,31334
61,31363
62,31364
443,31364
195,31372
493,31388
456,31481
457,31482
135,31586
218,31615
279,31618
268,31655
503,31665
101,31862
346,31869
136,31900
376,31950
61,31957
61,31990
380,31993
483,32001
279,32003
209,32029
210,32030
138,32116
502,32116
139,32117
488,32166
489,32183
364,32184
166,32227
141,32228
167,32228
115,32280
189,32317
61,32452
364,32506
189,32535
533,32587
512,32642
143,32684
437,32730
141,32764
167,32764
142,32765
168,32765
148,32767
165,32835
494,32839
34,32859
35,32860
36,32861
62,32882
443,32882
61,32922
438,32923
506,32950
231,32952
74,32953
60,32984
267,32984
499,32984
161,33000
162,33001
506,33004
422,33008
218,33019
81,33023
147,33072
148,33073
147,33075
68,33081
165,33124
208,33126
491,33126
135,33195
207,33287
279,33308
280,33309
281,33310
164,33357
441,33357
500,33379
102,33381
112,33393
218,33405
437,33447
237,33450
161,33465
231,33487
232,33488
111,33501
112,33502
113,33503
500,33504
468,33506
145,33574
36,33664
520,33720
164,33722
441,33722
161,33772
101,33786
525,33839
101,33900
285,33915
483,33973
136,34069
140,34071
343,34094
484,34094
60,34098
267,34098
499,34098
500,34099
137,34100
501,34100
503,34101
48,34113
147,34115
148,34116
533,34120
113,34129
114,34130
82,34162
83,34163
84,34164
138,34191
502,34191
139,34192
140,34193
141,34194
167,34194
455,34246
136,34254
60,34285
267,34285
499,34285
500,34286
137,34287
501,34287
139,34288
63,34295
444,34295
137,34337
501,34337
467,34338
101,34459
534,34500
365,34648
366,34649
367,34650
368,34651
369,34652
437,34683
62,34684
443,34684
526,34691
527,34692
209,34723
210,34724
533,34749
141,34760
167,34760
270,34803
388,34803
494,34852
295,34881
235,34958
500,34971
165,34975
279,35058
280,35078
138,35083
502,35083
503,35084
364,35099
365,35100
147,35164
286,35298
207,35333
506,35386
60,35426
267,35426
499,35426
268,35427
166,35432
141,35433
167,35433
341,35577
139,35591
139,35618
114,35652
101,35695
318,35700
60,35774
267,35774
499,35774
268,35775
166,35776
536,35787
308,35872
533,35925
534,35926
235,35965
115,35987
514,36033
489,36036
102,36119
258,36146
364,36165
280,36174
281,36175
500,36198
137,36199
501,36199
138,36200
502,36200
138,36201
502,36201
139,36202
208,36204
491,36204
66,36310
102,36351
83,36354
84,36355
380,36370
148,36413
147,36415
148,36416
520,36557
101,36619
387,36620
208,36645
491,36645
94,36665
60,36701
267,36701
499,36701
114,36702
113,36768
61,36769
438,36770
165,36772
115,36920
333,36948
46,37083
166,37113
439,37118
387,37130
147,37153
148,37154
113,37229
61,37230
289,37239
137,37253
501,37253
83,37266
83,37304
163,37323
283,37351
164,37353
441,37353
137,37355
501,37355
60,37417
267,37417
499,37417
268,37418
269,37419
164,37431
441,37431
165,37432
48,37468
520,37476
164,37478
441,37478
63,37528
444,37528
196,37576
195,37583
138,37591
502,37591
208,37608
491,37608
209,37609
210,37610
101,37684
387,37685
60,37718
267,37718
499,37718
367,37724
368,37725
323,37728
162,37769
207,37837
323,37992
60,38069
267,38069
499,38069
268,38070
166,38093
280,38101
281,38102
282,38103
101,38125
500,38148
208,38151
491,38151
138,38165
502,38165
139,38166
208,38190
491,38190
456,38264
284,38322
285,38323
500,38325
403,38377
310,38381
138,38392
502,38392
138,38393
502,38393
138,38394
502,38394
467,38395
37,38397
294,38405
438,38423
208,38435
491,38435
43,38444
471,38468
101,38621
322,38648
62,38658
443,38658
280,38660
281,38661
457,38787
458,38788
219,38813
80,38857
295,38977
164,39064
441,39064
165,39065
184,39089
148,39117
401,39127
50,39135
229,39168
62,39240
443,39240
213,39368
113,39396
114,39397
525,39485
136,39544
209,39681
210,39682
279,39699
280,39700
281,39701
50,39705
494,39949
208,39961
491,39961
492,39962
493,39963
229,40062
210,40101
62,40110
443,40110
194,40164
506,40166
101,40186
140,40187
141,40188
167,40188
228,40309
162,40313
321,40401
179,40403
101,40421
208,40450
491,40450
161,40476
101,40486
89,40496
90,40497
229,40725
145,40732
210,40749
163,40776
164,40777
441,40777
442,40778
62,40779
443,40779
294,40820
295,40821
471,40943
281,40952
508,40958
445,41020
455,41032
453,41210
500,41291
137,41292
501,41292
139,41293
101,41318
526,41454
533,41461
534,41462
319,41471
437,41497
294,41518
495,41588
115,41666
37,41667
46,41668
136,41742
145,41761
44,41839
218,41900
522,41908
525,41915
162,41950
437,41999
269,42018
135,42068
136,42069
333,42096
166,42110
81,42244
82,42245
32,42249
496,42251
457,42259
115,42530
37,42531
46,42532
242,42547
243,42548
533,42625
534,42626
367,42636
61,42677
62,42678
443,42678
101,42727
265,42778
266,42779
483,42780
101,42792
210,42862
82,42917
83,42918
84,42919
114,42969
268,43073
166,43074
278,43123
166,43178
525,43184
439,43324
279,43326
544,43354
299,43421
279,43441
101,43495
67,43512
210,43525
101,43530
115,43539
533,43561
534,43562
333,43565
505,43653
506,43654
507,43655
508,43656
294,43658
295,43668
143,43689
144,43690
520,43721
521,43722
490,43740
525,43793
453,43834
454,43835
455,43836
445,43844
135,43873
438,43875
48,43902
269,43950
62,44007
443,44007
63,44008
444,44008
500,44103
504,44105
533,44152
145,44266
50,44268
189,44280
364,44318
158,44420
159,44421
62,44460
443,44460
212,44515
213,44516
229,44535
508,44537
130,44538
346,44690
184,44710
44,44760
60,44781
267,44781
499,44781
114,44782
209,44897
210,44898
364,44965
343,45040
484,45040
285,45041
500,45043
113,45078
61,45079
505,45081
140,45108
184,45111
547,45143
146,45145
514,45169
547,45175
147,45236
63,45273
444,45273
64,45274
82,45280
289,45283
224,45286
225,45287
101,45320
61,45411
289,45427
101,45441
368,45516
48,45523
210,45564
533,45592
387,45788
265,45806
294,46034
113,46059
500,46060
533,46075
534,46076
343,46131
484,46131
285,46132
268,46134
100,46159
37,46221
108,46223
189,46338
280,46361
301,46414
302,46415
307,46455
83,46472
84,46473
341,46575
522,46597
523,46598
33,46600
34,46601
35,46602
74,46696
60,46733
267,46733
499,46733
268,46734
269,46748
145,46776
289,47056
218,47077
101,47134
387,47135
269,47183
225,47288
100,47347
467,47349
547,47438
50,47516
376,47617
533,47634
534,47635
455,47658
500,47687
221,47718
265,47747
50,47751
228,47761
59,47791
60,47792
267,47792
499,47792
268,47793
61,47816
62,47817
443,47817
113,47841
500,47842
445,47872
90,47905
279,47913
280,47914
281,47915
282,47916
367,47917
136,47918
279,47925
489,47931
224,47943
139,48051
62,48092
443,48092
387,48117
270,48122
388,48122
136,48149
504,48151
101,48210
483,48232
299,48281
63,48333
444,48333
445,48334
405,48336
307,48337
308,48338
504,48344
66,48501
280,48519
294,48542
346,48595
60,48608
267,48608
499,48608
61,48609
438,48610
137,48632
501,48632
139,48633
146,48669
544,48682
113,48698
268,48699
165,48836
162,48846
113,48869
114,48870
210,48903
148,48968
60,48990
267,48990
499,48990
500,48991
500,49090
377,49129
111,49273
112,49274
231,49313
74,49314
210,49340
101,49348
387,49349
280,49402
333,49540
136,49551
387,49553
490,49559
294,49603
467,49613
269,49620
83,49685
84,49686
139,49725
455,49755
101,49816
61,49825
62,49826
443,49826
143,49860
62,49910
443,49910
100,49936
139,49938
90,49979
112,49989
113,49990
114,49991
113,50024
500,50025
279,50040
102,50081
504,50093
505,50094
60,50126
267,50126
499,50126
114,50127
111,50173
112,50174
113,50175
365,50374
208,50434
491,50434
37,50463
59,50484
483,50485
241,50584
137,50645
501,50645
139,50646
208,50648
491,50648
189,50771
269,50775
452,50793
453,50794
454,50795
158,50801
269,50816
136,50886
195,50948
294,51029
258,51088
259,51089
60,51132
267,51132
499,51132
268,51133
269,51134
483,51178
380,51181
148,51185
492,51235
268,51321
83,51325
84,51326
525,51370
209,51439
210,51440
325,51448
269,51556
141,51561
167,51561
229,51599
166,51642
278,51650
44,51653
322,51663
184,51672
365,51740
455,51745
456,51746
457,51747
533,51798
279,51912
209,51922
210,51923
283,51980
440,51983
440,51985
164,51986
441,51986
166,52031
522,52078
160,52079
161,52080
145,52131
140,52165
141,52166
167,52166
142,52167
168,52167
90,52281
83,52313
84,52314
164,52381
441,52381
165,52382
437,52411
62,52412
443,52412
208,52428
491,52428
492,52433
101,52453
387,52454
135,52598
166,52600
136,52647
166,52802
207,52806
62,52813
443,52813
63,52814
444,52814
210,52830
258,52877
37,52913
184,52938
113,53021
61,53022
60,53105
267,53105
499,53105
377,53181
176,53207
210,53216
279,53225
387,53231
228,53236
269,53423
135,53603
136,53604
137,53605
501,53605
138,53606
502,53606
467,53607
437,53763
101,53824
387,53825
526,53861
527,53862
184,53930
455,53940
43,53961
74,53975
455,54102
113,54128
114,54129
258,54131
145,54159
50,54161
60,54215
267,54215
499,54215
268,54216
293,54225
229,54242
100,54309
101,54489
166,54512
402,54528
59,54611
483,54612
279,54614
225,54654
269,54704
294,54781
494,54783
310,54831
210,54833
60,54859
267,54859
499,54859
500,54860
115,54872
114,54881
101,54906
136,54956
285,55058
520,55059
343,55060
484,55060
285,55061
500,55063
285,55103
455,55149
116,55164
295,55174
162,55363
67,55401
140,55473
184,55509
445,55545
525,55606
60,55705
267,55705
499,55705
268,55706
115,55751
209,55759
210,55760
500,55792
289,55982
242,56040
136,56055
140,56057
141,56058
167,56058
544,56093
368,56147
115,56210
82,56489
289,56578
280,56586
164,56631
441,56631
148,56636
139,56642
175,56713
157,56714
138,56760
502,56760
467,56761
468,56762
60,56768
267,56768
499,56768
437,56785
143,56827
104,56855
105,56856
83,57003
164,57100
441,57100
525,57163
455,57166
209,57181
210,57182
486,57211
533,57216
534,57217
138,57296
502,57296
139,57297
164,57316
441,57316
165,57317
398,57369
399,57370
544,57454
387,57464
115,57484
37,57485
90,57488
136,57503
310,57522
258,57541
37,57587
46,57588
47,57600
229,57620
166,57775
141,57776
167,57776
142,57777
168,57777
455,57781
503,57892
268,57896
269,57897
455,57915
66,57989
101,58176
221,58190
321,58264
210,58270
113,58303
342,58321
196,58362
279,58388
280,58389
269,58412
101,58455
102,58456
367,58578
368,58579
520,58587
445,58616
116,58704
136,58710
137,58711
501,58711
503,58712
504,58713
505,58714
163,58740
164,58741
441,58741
184,58755
113,58775
114,58776
164,58926
441,58926
165,58927
166,58928
137,58946
501,58946
138,58947
502,58947
467,58948
105,58996
113,59067
377,59090
520,59170
164,59172
441,59172
442,59173
62,59174
443,59174
307,59205
308,59206
84,59347
437,59351
62,59352
443,59352
299,59359
145,59370
278,59423
63,59564
444,59564
165,59622
166,59623
258,59705
