202,33
210,47
249,81
289,82
148,127
440,131
271,137
272,138
252,161
253,162
336,266
107,308
502,308
405,378
406,379
250,413
271,419
175,482
316,491
316,520
143,523
145,559
146,560
524,590
340,591
146,607
431,646
143,653
254,761
147,762
334,796
335,797
336,799
474,926
475,927
316,1016
200,1057
201,1058
199,1111
200,1112
254,1142
164,1194
514,1194
339,1204
316,1260
249,1291
429,1344
211,1366
212,1367
336,1581
440,1645
441,1646
216,1676
278,1767
145,1780
146,1781
338,1825
406,1873
161,1975
481,1994
440,2052
438,2053
108,2080
108,2145
213,2153
335,2269
139,2297
249,2324
289,2325
312,2404
253,2417
429,2467
335,2523
271,2571
145,2572
146,2573
255,2574
249,2611
254,2680
126,2756
335,2826
251,2888
252,2889
4,2903
216,3048
217,3049
250,3068
383,3170
254,3209
158,3215
159,3216
259,3247
199,3265
272,3273
278,3276
216,3299
325,3314
125,3331
254,3334
439,3369
133,3379
164,3386
514,3386
145,3426
223,3591
201,3645
202,3646
143,3713
249,3754
289,3755
337,3836
435,3846
481,3873
482,3874
431,3883
335,3888
108,3923
119,4025
474,4031
475,4032
335,4138
204,4207
272,4231
214,4250
300,4271
335,4281
336,4282
126,4358
335,4390
335,4498
144,4601
440,4720
199,4739
431,4795
273,4803
274,4804
335,4850
253,4861
341,4864
254,4901
335,4951
334,5149
337,5230
440,5245
251,5270
252,5271
157,5311
252,5612
184,5677
271,5733
145,5734
146,5735
255,5736
302,5743
303,5744
144,5745
145,5746
146,5747
147,5748
272,5749
284,5854
325,5897
147,5916
475,5937
148,5953
210,6002
249,6051
431,6103
278,6215
299,6218
399,6220
400,6221
325,6314
254,6412
147,6413
252,6448
257,6479
439,6504
440,6505
440,6546
438,6547
144,6570
440,6652
271,6678
272,6679
291,6755
271,6759
272,6760
211,6785
144,6793
272,6794
289,6798
126,6813
336,6896
457,6905
271,6906
148,6907
334,6915
457,6988
440,7020
122,7051
440,7084
382,7097
383,7098
122,7108
145,7138
371,7297
372,7298
145,7339
146,7340
440,7362
148,7365
210,7373
210,7485
184,7489
439,7506
252,7525
253,7526
440,7543
144,7605
148,7606
271,7620
272,7621
257,7673
254,7736
147,7737
146,7747
143,7784
144,7785
272,7786
233,7841
431,7858
393,7880
254,7892
147,7893
202,7948
383,7961
145,7989
254,8006
334,8013
143,8114
440,8143
252,8193
431,8206
252,8218
253,8219
440,8272
338,8467
524,8490
442,8491
440,8560
272,8563
325,8566
148,8580
122,8614
254,8699
335,8842
440,8893
309,9011
124,9012
253,9014
184,9062
189,9070
441,9071
455,9153
162,9182
254,9184
124,9204
143,9242
144,9243
249,9250
289,9251
271,9261
145,9262
146,9263
383,9368
143,9407
145,9429
291,9435
144,9567
146,9734
147,9735
272,9736
440,9763
119,9890
144,10080
334,10090
209,10112
317,10169
317,10192
271,10206
272,10207
145,10261
289,10304
410,10335
259,10376
447,10404
440,10405
144,10419
189,10430
441,10431
340,10432
440,10474
183,10510
161,10545
162,10546
143,10631
393,10685
272,10762
374,10787
434,10901
435,10976
126,10992
279,11010
304,11018
189,11057
183,11250
183,11343
249,11358
289,11359
184,11363
254,11369
335,11379
145,11431
340,11459
96,11531
252,11551
271,11577
145,11578
211,11608
242,11645
184,11693
185,11694
454,11708
278,11792
187,11824
188,11825
252,11850
146,11869
147,11870
107,11881
502,11881
161,11904
189,11930
447,11946
431,11965
249,12052
250,12053
203,12126
440,12169
252,12213
253,12214
164,12242
514,12242
253,12270
335,12324
336,12325
271,12339
165,12414
216,12420
440,12471
254,12515
164,12569
514,12569
252,12573
242,12633
211,12639
203,12648
204,12649
338,12682
439,12684
440,12685
271,12693
335,12790
387,12894
431,12922
254,12934
255,12935
125,12936
143,13022
144,13023
145,13024
323,13045
201,13051
271,13116
258,13123
259,13124
260,13125
261,13126
271,13137
272,13138
289,13155
300,13163
301,13164
302,13165
303,13166
122,13171
123,13172
144,13173
272,13174
337,13199
410,13275
431,13279
210,13326
361,13434
447,13550
187,13560
271,13589
272,13590
278,13593
271,13630
272,13631
108,13634
95,13758
447,13804
253,13845
254,13846
147,13847
272,13848
144,13883
272,13884
278,13887
254,14059
189,14073
95,14094
284,14343
454,14389
271,14422
145,14423
5,14428
254,14443
147,14444
217,14508
289,14553
145,14589
146,14590
254,14674
252,14742
147,14771
145,14772
183,14793
393,14807
440,14822
441,14823
254,14887
183,14982
201,14988
439,15035
440,15036
143,15109
145,15197
146,15198
147,15199
148,15200
252,15425
338,15431
254,15568
414,15639
216,15641
285,15643
476,15648
249,15659
250,15660
136,15710
144,15760
145,15761
431,15773
108,15787
176,15835
481,15839
431,15855
144,15886
290,15916
291,15917
248,15964
254,15988
447,16092
310,16190
253,16276
202,16416
335,16429
399,16455
400,16456
289,16481
439,16535
125,16698
302,16779
335,16819
334,16867
126,16868
252,17009
454,17065
122,17088
123,17089
144,17090
163,17097
452,17121
145,17144
341,17147
161,17226
162,17227
253,17273
254,17274
255,17275
252,17336
189,17363
438,17364
183,17376
252,17384
223,17464
338,17491
316,17534
317,17535
278,17576
249,17585
250,17586
251,17587
252,17588
184,17602
398,17621
431,17625
147,17716
126,17724
261,17738
440,17957
414,17967
253,18074
254,18075
476,18182
452,18200
440,18234
317,18277
524,18280
335,18311
454,18370
291,18393
292,18394
439,18422
431,18527
136,18566
163,18575
214,18605
200,18695
383,18789
145,18828
164,18853
514,18853
252,18885
272,18929
254,18937
290,19055
291,19056
162,19074
161,19078
254,19171
288,19175
189,19197
270,19216
254,19279
249,19291
202,19321
203,19322
272,19357
252,19392
254,19410
147,19411
145,19412
252,19418
184,19533
339,19627
334,19677
126,19678
431,19715
254,19723
147,19724
162,19737
189,19833
216,19886
217,19887
254,19987
254,19999
147,20000
272,20001
439,20030
440,20031
271,20096
148,20117
336,20124
337,20125
254,20164
147,20165
157,20175
272,20179
126,20210
161,20243
200,20310
272,20343
252,20406
338,20528
439,20530
410,20538
474,20581
475,20582
253,20619
429,20643
274,20649
252,20675
253,20725
254,20749
431,20766
189,20809
431,20880
164,20971
514,20971
201,20979
202,20980
431,21090
335,21093
431,21161
119,21193
252,21245
271,21271
148,21272
272,21282
336,21349
337,21350
108,21366
148,21497
144,21527
211,21578
271,21587
271,21594
272,21595
147,21660
201,21706
189,21778
254,21821
147,21822
335,21846
211,21912
440,21919
164,21946
514,21946
250,21950
251,21951
431,21997
431,22006
253,22021
254,22022
254,22109
335,22128
338,22144
199,22322
143,22337
476,22438
253,22457
118,22509
162,22514
455,22545
210,22561
440,22738
148,22761
161,22765
272,22822
393,22856
146,22898
147,22899
272,22900
272,22906
335,22929
335,22955
440,22999
271,23016
272,23017
278,23020
440,23059
254,23086
147,23087
145,23088
146,23089
202,23181
201,23186
189,23188
157,23245
214,23304
312,23306
393,23348
285,23399
454,23468
145,23614
108,23669
126,23732
317,23757
440,23775
441,23776
201,23794
164,23802
514,23802
144,23842
148,23843
431,23884
335,24000
163,24002
252,24045
431,24116
386,24143
251,24194
176,24215
440,24277
377,24282
430,24316
431,24317
108,24323
440,24340
253,24406
272,24411
334,24520
148,24590
148,24594
270,24623
145,24738
300,24858
301,24859
302,24860
184,24971
382,24982
383,24983
124,24987
335,25005
136,25065
108,25082
475,25107
440,25242
272,25251
325,25272
499,25317
335,25357
399,25376
144,25414
148,25415
118,25429
216,25451
200,25463
175,25517
211,25526
216,25590
217,25591
338,25754
439,25756
440,25757
438,25758
439,25759
184,25810
271,25841
272,25842
278,25845
447,25868
440,25869
199,25882
200,25883
274,25919
302,26055
303,26056
144,26057
447,26087
278,26096
254,26101
184,26179
254,26182
440,26276
223,26320
289,26357
189,26373
441,26374
272,26462
457,26507
391,26545
304,26624
337,26644
148,26662
213,26693
118,26700
248,26712
440,26767
316,26819
269,26897
253,26924
254,26925
95,27158
439,27163
440,27164
441,27165
271,27244
148,27245
148,27305
250,27433
335,27662
211,27695
189,27707
272,27769
271,27816
272,27817
316,27848
372,27915
274,28000
199,28014
161,28031
162,28032
457,28058
271,28059
148,28060
254,28119
147,28120
272,28121
144,28149
148,28150
393,28156
429,28287
176,28324
201,28336
440,28408
438,28409
439,28410
251,28546
253,28589
254,28590
336,28678
279,28767
393,28768
430,28772
318,28802
126,28854
201,28858
335,28878
336,28879
95,28912
202,28954
144,28974
447,29073
316,29095
147,29100
272,29101
335,29120
304,29185
201,29195
201,29203
199,29211
200,29212
334,29215
161,29235
476,29262
284,29287
309,29326
474,29339
475,29340
258,29422
284,29470
251,29551
252,29552
210,29605
457,29657
457,29677
341,29686
335,29698
455,29725
334,29740
126,29741
252,29751
253,29752
146,29760
413,29771
335,29774
336,29776
440,29801
441,29802
340,29803
341,29804
146,29821
147,29822
335,29858
336,29859
337,29860
217,29968
479,30025
94,30069
215,30135
216,30136
126,30178
310,30277
252,30283
382,30338
213,30390
214,30391
248,30448
249,30449
429,30670
334,30755
393,30892
316,30949
335,30982
336,30983
335,31045
335,31165
176,31213
481,31217
361,31266
188,31273
271,31307
148,31308
335,31330
253,31340
252,31358
253,31359
173,31455
174,31456
324,31456
325,31457
439,31484
334,31490
126,31491
253,31588
272,31646
336,31665
272,31675
270,31694
254,31790
163,31863
164,31864
514,31864
184,31937
253,31967
148,31979
252,32062
253,32063
251,32067
393,32079
254,32147
252,32226
216,32267
217,32268
338,32273
291,32330
187,32369
251,32373
252,32374
338,32398
271,32446
272,32447
338,32454
271,32490
272,32491
184,32504
161,32527
440,32548
148,32551
145,32555
215,32590
216,32591
217,32592
440,32630
441,32631
254,32651
147,32652
124,32708
274,32810
254,32816
253,32836
216,32848
144,32890
272,32891
338,32897
187,32996
143,33000
406,33010
272,33134
431,33144
391,33265
440,33317
126,33359
440,33421
441,33422
143,33465
144,33466
126,33505
291,33527
147,33600
289,33668
250,33670
251,33671
199,33687
200,33688
211,33708
212,33709
143,33772
144,33773
145,33774
440,33777
254,33788
255,33789
125,33790
148,33910
447,33941
440,33942
148,33954
431,34086
335,34100
336,34101
288,34133
250,34134
251,34135
252,34136
253,34176
254,34177
334,34216
126,34255
382,34260
335,34287
254,34290
255,34291
125,34292
94,34303
335,34337
250,34385
341,34423
316,34446
271,34526
272,34545
339,34594
252,34703
145,34893
253,34976
250,35014
251,35015
336,35084
431,35114
271,35201
148,35202
272,35206
278,35209
252,35213
334,35237
383,35254
201,35272
317,35291
216,35300
217,35301
253,35428
254,35429
255,35430
325,35464
249,35643
250,35644
187,35654
201,35785
144,35820
145,35821
440,35824
457,35857
271,35858
272,35859
199,35932
271,35952
272,35953
289,35957
431,35963
108,35999
339,36016
302,36055
303,36056
161,36117
162,36118
145,36153
475,36172
335,36199
124,36211
431,36407
383,36417
393,36446
440,36480
146,36523
147,36524
145,36525
440,36534
278,36550
256,36612
475,36623
253,36773
148,36779
200,36789
108,36830
214,36857
215,36858
216,36859
455,36869
254,36888
147,36889
272,36890
272,36896
144,36963
145,36964
146,36965
272,36974
271,37034
272,37035
273,37036
274,37037
457,37079
257,37091
334,37128
338,37145
383,37155
4,37217
430,37226
440,37245
335,37253
454,37316
146,37321
233,37350
335,37355
454,37373
440,37386
393,37402
274,37421
253,37433
383,37469
271,37532
189,37564
261,37642
233,37723
257,37726
202,37786
145,37805
429,37817
430,37818
431,37819
199,37902
200,37903
254,37915
430,37922
431,37923
183,37941
310,38086
252,38092
145,38154
254,38168
147,38169
272,38170
271,38211
145,38212
271,38298
272,38299
163,38327
509,38354
431,38414
253,38511
254,38512
147,38513
272,38514
200,38536
252,38539
145,38560
334,38584
431,38604
119,38636
434,38693
162,38711
163,38712
439,38763
406,38828
291,38900
292,38901
440,38975
474,38989
475,38990
476,38991
477,38992
189,39217
254,39321
338,39348
271,39421
272,39422
124,39596
254,39615
147,39616
272,39617
278,39620
260,39626
440,39648
148,39651
146,39824
255,39825
253,39827
254,39828
108,39846
272,39921
440,39946
252,39967
122,39986
342,40086
225,40120
404,40218
373,40264
374,40265
393,40268
334,40279
382,40334
146,40362
145,40436
146,40437
147,40438
272,40439
143,40476
288,40480
293,40513
271,40554
145,40555
161,40576
162,40577
217,40587
249,40630
250,40631
251,40632
338,40664
334,40737
126,40738
189,40768
439,40801
203,40807
204,40808
108,40855
285,40876
201,40880
189,40882
272,40885
271,40932
524,40960
439,40982
524,41118
340,41201
335,41292
146,41310
288,41383
254,41572
414,41596
216,41598
217,41599
399,41648
400,41649
288,41687
289,41688
217,41706
202,41760
431,41823
144,41868
145,41869
254,41905
252,41925
253,41926
254,41927
214,41975
250,42015
251,42016
252,42017
431,42034
203,42040
126,42070
252,42109
316,42159
259,42234
260,42235
454,42287
144,42316
145,42317
440,42335
441,42336
252,42349
253,42350
254,42351
147,42352
272,42353
189,42370
441,42371
442,42372
454,42546
316,42552
126,42668
273,42720
254,42760
223,42774
252,42799
146,42818
210,42838
269,42845
270,42846
271,42847
145,42848
457,42909
291,42926
261,43013
108,43034
146,43041
202,43059
203,43147
204,43148
316,43153
499,43164
252,43177
430,43296
431,43297
447,43318
447,43352
440,43353
438,43354
439,43355
252,43383
254,43497
147,43498
163,43531
164,43532
514,43532
250,43536
251,43537
288,43585
289,43586
334,43625
317,43723
431,43778
477,43782
371,43888
372,43889
200,43975
431,44004
215,44046
216,44047
126,44089
337,44105
164,44143
514,44143
452,44157
414,44169
164,44184
514,44184
145,44345
146,44346
316,44382
254,44457
255,44458
374,44477
334,44526
271,44616
145,44617
241,44620
189,44636
414,44680
214,44741
216,44754
248,44769
201,44942
147,44999
371,45007
477,45090
254,45249
452,45315
254,45322
271,45376
145,45377
146,45378
147,45379
272,45380
210,45390
144,45434
304,45470
440,45495
125,45538
144,45618
272,45619
321,45630
439,45650
325,45716
214,45726
215,45727
440,45743
439,45847
501,45876
338,45894
371,45898
272,45912
440,45938
144,45947
272,45948
251,45981
334,45982
289,45995
199,46046
163,46062
253,46135
323,46144
148,46165
148,46206
126,46219
251,46310
274,46387
284,46529
312,46578
316,46596
211,46614
289,46637
144,46657
148,46658
254,46689
204,46702
253,46735
252,46747
202,46775
249,46791
119,46875
218,46982
249,47059
317,47080
447,47156
252,47182
144,47253
393,47305
261,47321
183,47355
202,47418
434,47434
435,47435
199,47595
200,47596
201,47597
202,47598
454,47762
253,47794
254,47795
147,47796
200,47820
146,47824
310,47900
214,48017
254,48053
147,48054
272,48055
273,48056
251,48063
290,48087
146,48099
187,48129
252,48138
337,48151
253,48158
431,48170
166,48204
325,48221
449,48274
430,48276
431,48277
124,48303
253,48305
161,48342
337,48344
338,48345
119,48378
252,48387
253,48388
145,48463
201,48561
431,48619
335,48632
440,48681
438,48682
439,48683
253,48766
254,48767
255,48768
125,48769
250,48781
251,48782
252,48783
253,48784
146,48795
288,48799
289,48800
108,48809
253,48837
146,48935
509,48940
272,49034
440,49149
164,49221
514,49221
146,49247
338,49330
440,49341
254,49382
164,49417
514,49417
252,49430
304,49495
189,49515
261,49517
310,49523
183,49556
184,49557
148,49589
199,49607
252,49619
406,49651
447,49702
310,49806
163,49817
215,49836
216,49837
431,49907
199,50009
119,50053
254,50058
147,50059
272,50060
431,50067
337,50093
272,50112
278,50115
431,50134
288,50139
250,50140
458,50158
224,50167
271,50250
146,50269
430,50324
447,50381
252,50432
145,50437
146,50438
440,50507
164,50543
514,50543
335,50645
439,50654
398,50674
449,50791
254,50840
163,50888
439,50916
457,51214
271,51215
148,51216
200,51226
131,51436
132,51437
334,51482
126,51483
202,51497
279,51504
393,51505
160,51508
316,51513
252,51555
158,51612
159,51613
201,51682
271,51702
214,51710
133,51729
435,51741
252,51879
189,51931
202,52013
203,52014
204,52015
143,52080
144,52081
272,52082
339,52148
144,52174
148,52175
440,52260
274,52324
398,52345
253,52383
148,52431
339,52467
271,52532
434,52534
435,52535
430,52551
431,52552
449,52572
430,52574
338,52605
145,52608
146,52609
216,52633
431,52645
189,52704
252,52801
440,52851
148,52889
323,52926
147,52949
144,53001
272,53002
148,53036
291,53083
148,53117
254,53198
454,53237
249,53259
289,53260
440,53313
361,53329
199,53390
248,53489
335,53605
288,53610
139,53671
272,53802
440,53840
272,53843
439,53948
233,53967
397,54038
301,54040
302,54041
303,54042
144,54043
145,54044
146,54045
147,54046
272,54047
339,54077
291,54143
249,54156
494,54178
253,54217
524,54226
431,54407
210,54450
201,54473
209,54557
210,54558
524,54598
292,54601
252,54703
440,54834
271,54923
126,54957
289,54974
119,55002
254,55019
216,55022
199,55043
253,55070
224,55243
302,55257
303,55258
210,55302
442,55396
254,55466
162,55472
252,55549
272,55565
146,55609
189,55716
440,55761
199,55826
200,55827
383,55830
108,55889
414,55991
430,56075
431,56076
440,56092
438,56093
439,56094
440,56095
252,56153
253,56154
139,56245
146,56249
147,56250
272,56251
371,56271
201,56281
447,56402
440,56403
261,56446
201,56467
189,56469
271,56502
272,56503
272,56523
199,56621
146,56673
371,56676
254,56708
146,56820
146,56861
146,56870
252,56877
201,56950
430,57062
431,57063
253,57066
252,57093
253,57094
96,57103
200,57213
440,57241
253,57318
254,57319
189,57453
438,57454
439,57455
430,57480
431,57481
334,57580
453,57619
214,57665
334,57709
188,57764
146,57806
279,57835
393,57836
126,57884
336,57892
431,57938
252,58041
439,58112
440,58149
200,58206
157,58220
239,58269
189,58326
124,58410
439,58429
254,58471
147,58472
145,58473
254,58519
447,58561
406,58657
325,58680
161,58701
335,58711
336,58712
337,58713
458,58739
145,58866
335,58946
187,58950
188,58951
251,58987
252,58988
253,58989
258,59213
270,59250
200,59259
316,59309
317,59310
254,59326
202,59369
334,59436
316,59457
258,59522
146,59656
147,59657
148,59658
272,59669
183,59672
255,59681
