270,50
351,75
96,122
97,123
398,126
119,127
387,128
185,137
93,302
74,303
113,303
271,355
401,365
491,366
491,381
353,382
185,419
219,457
110,479
64,480
186,505
41,519
343,519
377,531
63,544
64,545
65,546
510,556
95,573
408,590
409,591
410,592
411,593
66,605
351,681
238,690
374,693
375,694
505,695
43,868
171,892
94,908
489,968
490,969
491,970
95,979
492,1028
493,1067
494,1068
495,1069
206,1134
320,1176
488,1221
489,1222
490,1223
491,1224
492,1225
493,1226
31,1229
377,1243
242,1252
42,1256
43,1257
182,1341
350,1345
351,1346
293,1355
351,1360
201,1366
399,1408
41,1416
343,1416
42,1435
12,1438
176,1456
39,1501
293,1574
294,1575
94,1589
41,1590
343,1590
377,1615
206,1628
294,1650
295,1651
40,1652
95,1653
458,1676
459,1677
491,1725
353,1726
411,1733
108,1766
295,1768
40,1769
171,1806
433,1823
496,1828
491,1875
39,1888
377,1918
222,1937
433,1949
321,2047
322,2048
238,2084
239,2085
485,2087
261,2112
323,2122
41,2149
343,2149
42,2150
41,2154
343,2154
344,2155
345,2156
108,2204
109,2205
270,2232
492,2234
305,2240
42,2288
496,2344
377,2350
178,2351
77,2403
494,2418
267,2442
39,2514
185,2571
39,2581
40,2582
320,2595
95,2598
455,2634
32,2712
493,2773
41,2790
343,2790
77,2803
306,2808
351,2812
41,2847
343,2847
21,2852
39,2881
401,2955
401,2959
491,2960
401,2988
461,2992
42,3009
457,3047
458,3048
344,3070
41,3084
343,3084
508,3087
193,3121
95,3147
96,3148
320,3197
321,3198
39,3223
40,3224
43,3235
398,3272
108,3275
295,3277
40,3278
458,3299
320,3315
42,3323
117,3329
493,3333
42,3390
516,3393
295,3394
402,3399
403,3400
397,3424
398,3425
497,3443
353,3478
193,3526
401,3557
320,3565
39,3610
39,3625
110,3643
64,3644
492,3657
323,3664
271,3685
496,3705
499,3711
270,3758
505,3824
353,3835
354,3836
207,3848
371,3849
372,3850
188,3948
39,3967
40,3968
41,3969
343,3969
344,3970
433,3990
294,4019
294,4071
295,4072
40,4073
95,4074
516,4080
302,4085
303,4086
207,4100
370,4101
399,4119
400,4120
401,4121
321,4159
322,4160
491,4192
492,4193
207,4204
371,4205
75,4211
345,4214
397,4225
124,4249
376,4255
271,4256
43,4290
67,4293
496,4336
377,4366
377,4407
403,4408
491,4440
353,4441
406,4470
349,4487
350,4488
418,4512
66,4539
402,4588
294,4596
377,4638
403,4639
33,4652
444,4659
498,4676
499,4677
210,4678
211,4679
40,4800
212,4821
75,4946
493,4953
397,4978
398,4979
399,4980
400,4981
407,5016
496,5019
497,5020
93,5046
74,5047
113,5047
433,5062
507,5079
39,5146
40,5147
496,5202
401,5227
491,5228
353,5229
354,5230
39,5282
293,5299
294,5300
295,5301
43,5421
67,5424
400,5425
401,5426
195,5444
196,5445
518,5481
146,5534
207,5601
494,5680
495,5681
496,5682
497,5683
498,5684
394,5704
395,5705
185,5733
66,5755
515,5796
516,5797
489,5803
32,5808
33,5809
207,5868
320,5898
119,5953
387,5954
388,5955
207,5964
66,5993
488,6017
316,6024
494,6158
499,6165
305,6170
306,6171
207,6201
108,6214
39,6241
186,6247
377,6302
320,6315
321,6316
491,6345
492,6346
505,6350
306,6398
493,6411
399,6414
400,6415
401,6416
402,6417
516,6483
433,6522
267,6531
323,6556
399,6571
493,6606
494,6607
334,6658
375,6663
185,6678
294,6708
295,6709
40,6710
95,6711
185,6759
201,6785
11,6786
202,6786
492,6873
493,6874
494,6875
495,6876
305,6878
306,6879
185,6906
119,6907
183,6922
184,6923
518,7029
41,7073
343,7073
118,7137
492,7237
493,7238
261,7247
117,7337
118,7338
119,7365
387,7366
493,7407
322,7449
39,7459
411,7463
494,7492
317,7502
148,7514
119,7606
491,7610
492,7611
185,7620
117,7655
118,7656
401,7662
497,7699
305,7716
306,7717
493,7753
188,7779
323,7798
295,7825
496,7958
118,7988
39,7999
40,8000
95,8001
350,8025
353,8110
394,8116
493,8128
494,8129
375,8137
146,8166
65,8191
293,8213
294,8214
295,8215
40,8216
494,8220
127,8241
321,8267
322,8268
510,8415
399,8452
302,8488
407,8489
408,8490
108,8555
109,8556
320,8567
118,8579
119,8580
510,8641
509,8645
510,8646
238,8661
401,8673
491,8674
459,8684
460,8685
305,8696
306,8697
317,8750
114,8775
497,8778
498,8779
320,8791
321,8792
322,8793
494,8878
495,8879
95,8928
95,8937
238,8979
52,9019
392,9038
294,9058
323,9094
488,9129
64,9146
65,9147
493,9183
411,9228
185,9261
388,9288
270,9323
64,9365
496,9373
8,9402
499,9405
295,9415
323,9453
490,9455
321,9493
487,9515
237,9595
64,9638
65,9639
66,9640
321,9649
322,9650
95,9665
496,9722
399,9756
68,9757
95,9777
96,9778
41,9786
343,9786
344,9787
67,9913
400,9914
401,9915
460,9926
461,9927
294,9952
295,9953
509,9957
65,9983
66,9984
499,10038
492,10050
493,10051
42,10142
302,10151
407,10152
301,10169
302,10170
301,10192
302,10193
184,10205
185,10206
418,10209
95,10250
376,10275
271,10276
126,10333
127,10334
97,10350
64,10367
66,10388
294,10399
409,10432
491,10440
184,10445
272,10461
510,10481
39,10492
418,10509
247,10573
53,10574
393,10574
323,10594
42,10612
499,10629
270,10698
126,10711
131,10740
491,10755
52,10760
418,10764
54,10768
55,10769
513,10842
490,10877
376,10895
67,10900
401,10917
293,10937
294,10938
399,10946
376,10952
238,11024
239,11025
485,11027
399,11060
68,11061
321,11234
323,11310
493,11382
494,11383
323,11394
490,11396
494,11399
237,11404
507,11448
511,11458
409,11459
410,11460
270,11461
376,11495
509,11513
39,11548
40,11549
185,11577
65,11589
66,11590
201,11608
375,11617
505,11618
294,11635
193,11695
194,11696
212,11709
271,11738
108,11791
39,11800
40,11801
95,11802
220,11806
496,11847
399,11871
376,11898
492,11900
270,11923
333,11934
93,11936
320,11939
402,11977
178,11978
344,12055
402,12073
178,12074
271,12099
41,12200
343,12200
344,12201
509,12248
146,12254
527,12255
377,12264
185,12339
399,12340
68,12341
295,12403
397,12410
398,12411
186,12412
458,12420
146,12459
115,12462
42,12486
31,12512
270,12566
118,12594
399,12595
400,12596
401,12597
491,12598
492,12599
183,12619
184,12620
518,12624
519,12625
201,12639
11,12640
202,12640
433,12680
185,12693
490,12712
494,12715
39,12813
377,12834
492,12855
433,12882
52,12910
53,12911
393,12911
54,12912
351,12931
95,12990
64,13050
498,13052
185,13116
399,13117
400,13118
401,13119
491,13120
126,13131
185,13137
39,13152
42,13178
43,13179
376,13196
353,13198
354,13199
497,13202
39,13238
391,13242
78,13282
410,13342
402,13388
403,13389
322,13395
306,13435
498,13439
33,13473
494,13522
353,13534
351,13557
499,13562
185,13589
108,13592
295,13594
207,13608
370,13609
411,13616
184,13629
185,13630
74,13716
113,13716
499,13718
239,13734
32,13757
42,13811
55,13812
108,13886
295,13888
52,14006
293,14038
294,14039
295,14040
40,14041
95,14042
375,14115
376,14116
67,14121
400,14122
401,14123
272,14125
39,14133
293,14154
376,14180
353,14182
492,14196
238,14213
485,14258
377,14264
403,14265
54,14311
39,14331
185,14422
294,14438
505,14480
39,14493
392,14587
262,14630
485,14690
39,14739
40,14740
350,14746
418,14792
512,14824
513,14825
514,14826
294,14861
294,14880
499,14939
322,14996
323,14997
457,15001
509,15040
499,15107
497,15136
388,15159
491,15164
119,15200
320,15225
398,15254
508,15309
418,15331
39,15370
401,15428
402,15429
186,15434
510,15437
511,15438
512,15439
513,15440
375,15465
376,15466
105,15485
505,15528
497,15541
351,15576
323,15618
490,15620
494,15623
458,15641
39,15723
461,15758
39,15832
457,15857
489,15865
490,15866
490,15900
491,15901
418,15911
513,15915
168,15955
270,15967
490,15985
527,16049
184,16054
494,16072
207,16102
370,16103
208,16104
209,16105
210,16106
302,16138
39,16149
376,16182
271,16183
323,16197
490,16199
402,16200
353,16240
53,16263
393,16263
494,16277
488,16334
118,16354
399,16355
67,16383
494,16399
54,16436
39,16524
40,16525
95,16526
238,16544
505,16622
241,16635
209,16649
374,16762
455,16764
418,16769
485,16794
39,16893
40,16894
95,16895
302,16914
303,16915
95,17048
271,17074
105,17076
459,17077
492,17096
496,17109
497,17110
350,17197
418,17230
64,17279
146,17333
401,17354
491,17355
418,17375
39,17388
66,17393
376,17399
513,17421
66,17442
64,17501
65,17502
66,17503
513,17507
411,17510
323,17516
94,17532
41,17533
343,17533
301,17535
302,17536
491,17571
492,17572
108,17575
66,17640
492,17663
39,17667
387,17694
54,17700
353,17750
370,17754
208,17755
219,17794
445,17811
490,17909
376,17930
493,18018
212,18095
344,18264
301,18277
302,18278
407,18279
408,18280
41,18296
343,18296
42,18297
494,18304
495,18305
496,18306
497,18307
509,18317
39,18336
40,18337
39,18378
131,18380
132,18381
321,18387
322,18404
271,18438
66,18443
67,18444
375,18509
376,18510
492,18512
491,18573
492,18574
491,18620
492,18621
39,18655
65,18696
42,18698
39,18712
258,18730
306,18761
295,18814
219,18841
117,18916
54,18939
170,18956
199,18958
200,18959
111,19011
123,19013
295,19029
40,19030
95,19031
513,19054
268,19096
462,19136
270,19232
69,19249
527,19304
398,19356
495,19414
496,19415
418,19427
351,19439
21,19519
306,19520
498,19543
376,19614
271,19615
512,19628
491,19672
41,19781
343,19781
376,19816
516,19850
458,19886
74,19893
113,19893
496,19911
66,19913
433,20048
185,20096
399,20097
118,20116
119,20117
491,20121
354,20125
65,20143
66,20144
387,20146
388,20147
39,20169
397,20177
398,20178
402,20187
378,20188
376,20202
492,20204
401,20273
96,20287
97,20288
65,20311
104,20329
457,20393
513,20485
39,20496
377,20526
351,20534
350,20644
351,20645
184,20689
351,20700
418,20741
401,20779
494,20782
498,20799
496,20806
497,20807
322,20854
188,20879
376,20893
499,20900
43,20911
65,20946
95,20990
459,21027
460,21028
117,21037
118,21038
206,21076
207,21077
171,21133
499,21155
492,21182
185,21271
119,21272
387,21273
267,21290
220,21291
321,21316
322,21317
509,21322
354,21350
29,21377
489,21393
490,21394
118,21479
398,21496
119,21497
294,21518
294,21539
295,21540
201,21578
185,21587
185,21594
66,21598
66,21625
64,21705
236,21717
74,21737
113,21737
114,21738
106,21774
14,21835
351,21861
352,21862
65,21892
201,21912
293,21935
294,21936
295,21937
376,22029
271,22030
41,22062
343,22062
323,22086
344,22096
490,22105
491,22106
492,22107
493,22108
305,22148
306,22149
117,22187
124,22192
95,22193
96,22194
223,22197
271,22211
263,22223
40,22234
95,22235
52,22310
499,22335
410,22357
132,22370
349,22387
350,22388
237,22436
206,22486
93,22517
294,22536
376,22593
146,22633
493,22701
494,22702
119,22761
401,22773
491,22774
492,22775
377,22794
178,22795
433,22804
398,22821
376,22835
95,22893
398,22905
292,22920
75,22950
493,22957
491,22969
42,22979
39,23005
40,23006
41,23007
343,23007
185,23016
108,23019
74,23049
113,23049
114,23050
39,23065
491,23083
492,23084
493,23085
41,23103
343,23103
485,23107
146,23121
499,23124
496,23173
397,23247
267,23253
268,23254
269,23255
270,23256
271,23257
516,23262
54,23297
237,23312
516,23316
66,23343
374,23375
375,23376
39,23401
496,23524
40,23555
95,23556
42,23588
126,23627
95,23655
462,23690
117,23717
118,23718
66,23741
301,23757
67,23763
400,23764
401,23765
119,23843
131,23858
433,23863
39,23872
40,23873
66,23936
376,23978
117,24011
250,24016
42,24052
268,24127
401,24159
402,24160
52,24199
355,24313
349,24315
399,24343
68,24344
69,24345
496,24349
497,24350
377,24394
494,24407
350,24418
351,24419
94,24461
237,24509
491,24526
306,24537
42,24552
43,24553
42,24572
397,24588
398,24589
119,24590
387,24591
118,24593
119,24594
402,24613
403,24614
376,24647
492,24649
493,24650
513,24653
402,24688
403,24689
498,24722
239,24753
485,24780
376,25013
376,25043
302,25061
261,25068
322,25085
110,25093
272,25121
378,25162
377,25168
499,25208
42,25225
320,25273
321,25274
66,25346
67,25347
323,25388
323,25400
119,25415
402,25419
458,25451
65,25464
201,25526
294,25529
295,25530
376,25557
377,25558
458,25590
293,25641
294,25642
268,25686
491,25763
353,25764
185,25841
108,25844
200,25856
399,25872
65,25884
66,25885
376,25900
376,25941
40,25945
95,25946
320,25950
321,25951
322,25952
491,25974
492,25975
39,25989
65,26013
42,26015
498,26025
66,26040
54,26051
39,26061
40,26062
351,26091
108,26095
54,26103
342,26146
127,26158
342,26160
518,26176
401,26228
270,26266
509,26335
485,26349
222,26360
223,26361
294,26378
295,26379
392,26460
42,26471
377,26501
114,26514
242,26520
112,26528
131,26530
146,26531
40,26547
41,26548
343,26548
419,26566
29,26597
354,26644
119,26662
199,26692
433,26732
54,26770
270,26781
377,26782
178,26783
498,26797
499,26798
186,26847
63,26851
64,26852
65,26853
126,26855
127,26856
42,26909
525,26913
485,26915
376,27060
353,27062
146,27079
267,27121
94,27150
95,27151
12,27168
238,27212
493,27236
494,27237
495,27238
185,27244
119,27245
387,27246
388,27247
457,27255
398,27304
119,27305
66,27348
104,27372
105,27373
106,27374
107,27375
306,27377
493,27454
494,27455
397,27471
238,27556
239,27557
376,27626
94,27684
201,27695
526,27704
206,27740
207,27741
370,27742
433,27749
118,27768
239,27773
485,27775
267,27792
185,27816
41,27847
343,27847
250,27857
402,27866
378,27867
490,27891
491,27892
262,27928
492,27944
510,27960
511,27961
334,27999
462,28012
185,28059
119,28060
387,28061
222,28070
401,28078
491,28079
64,28101
65,28102
418,28123
119,28150
387,28151
376,28173
67,28178
223,28189
224,28190
350,28288
351,28289
241,28296
95,28320
199,28339
267,28341
401,28368
402,28369
242,28446
76,28472
94,28486
387,28489
42,28543
43,28544
306,28581
43,28651
491,28675
295,28705
69,28742
402,28788
403,28789
353,28799
64,28857
94,28864
41,28865
343,28865
42,28866
43,28867
146,28870
493,28896
32,28911
237,28940
497,28953
75,28959
491,29026
353,29027
356,29113
271,29128
105,29130
106,29131
193,29158
295,29168
267,29170
498,29196
498,29204
65,29213
493,29217
494,29218
376,29249
271,29250
212,29266
402,29367
178,29368
401,29400
402,29401
505,29407
433,29426
397,29493
42,29522
43,29549
377,29611
485,29627
401,29642
65,29728
398,29765
409,29803
399,29823
68,29824
69,29825
354,29860
349,29953
350,29954
351,29955
104,29966
105,29967
432,29998
21,30047
33,30070
458,30136
485,30148
377,30217
403,30218
241,30223
498,30287
488,30297
353,30343
39,30433
40,30434
95,30435
96,30436
110,30468
64,30469
513,30529
270,30532
123,30547
124,30548
41,30549
343,30549
66,30569
94,30583
41,30584
343,30584
402,30595
491,30603
353,30604
497,30627
350,30671
351,30672
375,30681
207,30709
371,30710
146,30774
146,30777
267,30799
268,30800
294,30805
293,30807
294,30808
293,30810
294,30811
295,30812
267,30814
42,30825
505,30839
146,30862
41,30948
343,30948
293,31069
294,31070
515,31108
110,31110
93,31170
74,31171
113,31171
368,31172
171,31174
444,31218
461,31254
496,31299
66,31301
185,31307
119,31308
39,31355
40,31356
32,31367
376,31391
375,31401
376,31402
377,31403
178,31404
320,31458
491,31468
317,31480
54,31524
401,31549
491,31550
487,31593
387,31643
118,31645
418,31648
398,31674
497,31713
64,31733
65,31734
66,31735
493,31789
39,31828
40,31829
95,31857
492,31862
499,31868
210,31869
211,31870
355,31959
349,31961
398,31978
119,31979
350,31982
207,31999
387,32028
65,32040
491,32114
41,32129
343,32129
377,32162
178,32163
261,32172
294,32253
295,32254
458,32267
401,32270
402,32271
39,32327
95,32348
188,32357
39,32378
96,32384
97,32385
185,32446
374,32476
375,32477
376,32478
185,32490
418,32493
490,32496
119,32551
387,32552
118,32554
458,32591
401,32594
39,32604
493,32650
186,32653
126,32678
184,32737
207,32751
370,32752
208,32753
146,32768
147,32769
148,32770
397,32772
398,32773
306,32797
494,32799
93,32822
494,32837
495,32838
458,32848
106,32849
461,32888
493,32910
75,32920
39,32930
475,32982
491,32993
499,32998
146,33074
505,33117
118,33133
39,33158
146,33251
218,33279
219,33280
506,33333
353,33347
64,33362
65,33363
527,33386
146,33429
399,33467
372,33492
65,33689
397,33701
201,33708
200,33710
270,33713
66,33741
390,33745
391,33746
66,33754
499,33770
491,33785
492,33786
493,33787
493,33792
96,33841
97,33842
236,33881
294,33883
295,33884
491,33899
492,33900
493,33901
119,33910
387,33911
186,33945
510,33948
119,33954
387,33955
207,33971
351,33990
345,34095
131,34113
146,34114
146,34117
147,34118
375,34187
376,34188
322,34221
353,34232
207,34283
493,34289
200,34297
351,34327
419,34347
94,34379
41,34445
343,34445
376,34457
492,34459
154,34503
146,34520
219,34522
185,34526
398,34544
497,34573
219,34602
271,34640
267,34670
40,34681
376,34730
271,34731
105,34733
350,34772
293,34837
294,34838
42,34872
39,34884
66,34936
513,34940
270,35003
271,35034
488,35066
489,35067
490,35068
491,35069
491,35081
95,35159
146,35163
353,35179
185,35201
119,35202
387,35203
118,35205
108,35208
295,35210
40,35211
31,35248
301,35291
302,35292
458,35300
350,35330
351,35331
402,35337
178,35338
320,35381
402,35421
403,35422
320,35465
267,35468
74,35512
113,35512
114,35513
493,35619
491,35694
492,35695
43,35720
401,35741
402,35742
494,35759
401,35778
350,35840
350,35849
351,35850
185,35858
238,35885
239,35886
112,35934
185,35952
63,35996
250,36005
52,36027
494,36038
488,36048
489,36049
232,36082
270,36095
219,36125
398,36152
410,36156
411,36157
211,36179
118,36206
461,36209
294,36269
302,36274
219,36295
148,36374
188,36406
146,36414
494,36497
495,36527
496,36528
108,36549
377,36554
403,36555
66,36581
492,36619
118,36647
399,36648
400,36649
206,36698
207,36699
95,36724
118,36740
399,36741
400,36742
322,36762
119,36779
350,36782
377,36835
458,36859
397,36875
398,36895
292,36921
293,36922
294,36923
111,36931
398,36973
402,37006
178,37007
239,37020
185,37034
489,37053
118,37061
271,37070
124,37084
401,37115
402,37116
433,37143
146,37152
490,37193
485,37220
39,37273
320,37276
78,37326
146,37333
41,37429
343,37429
498,37460
131,37468
377,37526
178,37527
184,37531
185,37532
496,37549
497,37550
491,37589
105,37594
106,37595
492,37684
207,37715
370,37716
351,37835
491,37841
53,37849
393,37849
65,37904
351,37912
267,37930
66,37955
67,37956
400,37957
401,37958
491,37959
270,37994
271,37995
40,38020
271,38028
402,38061
207,38066
370,38067
457,38105
376,38123
492,38125
493,38126
410,38143
411,38144
118,38153
493,38167
185,38211
320,38250
294,38253
295,38254
185,38298
351,38330
146,38371
96,38374
258,38439
515,38444
66,38523
65,38537
118,38559
492,38621
39,38630
295,38670
67,38737
444,38767
106,38769
250,38820
249,38852
350,38890
433,38923
497,38927
498,38928
350,38934
41,39062
343,39062
237,39136
254,39171
219,39173
491,39200
351,39277
375,39317
376,39318
54,39323
323,39343
490,39345
402,39346
351,39379
487,39404
350,39408
185,39421
93,39424
94,39425
125,39426
126,39427
67,39431
400,39432
401,39433
237,39451
518,39505
376,39612
108,39619
295,39621
119,39651
387,39652
171,39671
94,39677
387,39680
445,39713
351,39757
237,39793
508,39796
43,39820
305,39866
306,39867
401,39891
402,39905
302,39908
388,39962
496,39964
267,40005
39,40096
39,40128
334,40143
491,40185
492,40186
497,40250
498,40251
499,40252
444,40256
461,40283
494,40306
54,40314
43,40315
146,40351
376,40419
492,40421
493,40422
209,40474
491,40485
492,40486
42,40528
185,40554
495,40557
111,40607
493,40644
513,40647
351,40656
39,40824
40,40825
41,40826
343,40826
42,40827
66,40866
64,40879
184,40931
185,40932
186,40933
187,40934
408,40960
488,40971
236,40977
237,40978
293,41026
294,41027
295,41028
40,41029
256,41047
302,41057
407,41058
397,41086
401,41109
402,41110
403,41111
408,41118
512,41119
486,41177
487,41178
494,41184
495,41185
496,41186
497,41187
508,41197
509,41198
510,41199
511,41200
409,41201
505,41229
52,41264
490,41316
491,41317
492,41318
306,41330
94,41336
41,41337
343,41337
42,41338
32,41341
250,41367
432,41379
146,41407
219,41409
171,41465
8,41473
126,41503
527,41547
458,41598
401,41601
510,41617
376,41634
496,41641
265,41662
124,41663
124,41669
495,41673
496,41674
491,41683
270,41691
513,41700
94,41714
193,41719
401,41788
491,41789
54,41836
516,41839
295,41840
493,41904
66,41916
398,41939
54,41951
30,41957
31,41958
401,41962
95,41980
351,41990
377,42029
43,42037
271,42055
272,42056
401,42112
40,42157
41,42158
343,42158
495,42216
496,42217
397,42221
402,42301
222,42339
271,42361
398,42380
399,42381
261,42399
491,42437
42,42475
43,42476
39,42515
40,42516
212,42547
377,42664
497,42686
376,42714
491,42726
492,42727
493,42728
491,42791
492,42792
493,42793
494,42794
495,42795
496,42796
66,42816
398,42830
399,42831
185,42847
410,42851
270,42852
494,42882
495,42883
496,42884
497,42885
498,42886
294,42922
295,42923
398,42953
320,43003
66,43017
489,43068
42,43090
43,43091
41,43152
343,43152
206,43170
66,43254
295,43261
323,43341
302,43397
303,43398
402,43409
518,43447
323,43449
186,43470
510,43473
351,43493
352,43494
492,43495
493,43496
491,43529
492,43530
39,43630
118,43638
433,43651
39,43676
323,43699
301,43723
400,43758
401,43759
131,43902
39,43917
75,43919
490,43934
306,43953
306,43959
93,43962
65,43976
42,43978
238,44011
458,44047
68,44057
69,44058
75,44101
354,44105
496,44149
351,44181
146,44215
67,44233
400,44234
401,44235
295,44254
267,44256
237,44269
401,44320
41,44381
343,44381
127,44509
128,44510
129,44511
266,44512
367,44512
114,44513
39,44563
94,44594
185,44616
401,44648
402,44649
496,44659
66,44661
488,44665
489,44666
498,44688
499,44689
210,44690
211,44691
462,44705
458,44754
516,44760
249,44810
250,44811
351,44820
498,44856
320,44889
321,44890
293,44976
294,44977
295,44978
40,44979
95,44980
64,45055
433,45061
434,45062
487,45071
375,45086
505,45087
351,45118
207,45142
371,45143
147,45146
293,45152
294,45153
295,45154
40,45155
499,45166
207,45174
371,45175
271,45229
146,45235
487,45254
350,45258
323,45276
418,45296
491,45319
492,45320
493,45321
320,45331
321,45332
377,45335
178,45336
185,45376
270,45393
186,45435
492,45441
131,45523
66,45585
495,45588
496,45589
351,45654
352,45655
490,45696
491,45697
455,45705
250,45708
320,45717
40,45725
496,45746
351,45868
21,45877
306,45878
402,45892
397,45910
398,45911
489,45976
514,45996
461,46043
462,46044
499,46078
39,46119
40,46120
95,46121
494,46136
485,46148
119,46165
397,46204
398,46205
119,46206
387,46207
518,46222
519,46223
498,46233
499,46234
270,46250
494,46253
495,46254
33,46301
43,46308
54,46421
43,46422
271,46458
270,46478
351,46511
146,46544
219,46546
77,46577
496,46593
39,46612
201,46614
11,46615
202,46615
66,46631
513,46635
119,46658
387,46659
118,46661
411,46782
351,46848
446,46871
390,46884
295,47014
39,47019
301,47080
509,47088
510,47089
492,47134
154,47140
351,47160
352,47161
353,47162
432,47177
39,47240
257,47243
39,47275
398,47308
461,47311
293,47386
294,47387
293,47398
294,47399
295,47400
40,47401
399,47433
207,47437
371,47438
488,47511
74,47534
113,47534
64,47568
65,47569
114,47576
110,47583
171,47650
402,47701
39,47727
399,47797
400,47798
401,47799
65,47821
66,47822
493,47844
494,47845
295,47867
40,47868
41,47869
343,47869
42,47870
518,47880
397,48005
39,48015
40,48016
41,48023
343,48023
493,48052
29,48060
487,48068
513,48086
306,48120
351,48126
354,48151
355,48152
491,48209
492,48210
493,48211
320,48222
321,48223
322,48224
323,48225
475,48229
115,48273
348,48274
349,48275
322,48290
485,48295
493,48315
105,48323
106,48324
351,48330
178,48332
354,48344
54,48348
494,48389
495,48390
334,48409
118,48462
350,48506
8,48522
488,48531
349,48586
350,48587
210,48595
211,48596
317,48655
42,48672
40,48741
66,48793
377,48833
146,48969
111,48974
112,48975
207,48988
8,49000
496,49005
399,49013
398,49033
486,49042
487,49043
488,49044
146,49116
333,49157
262,49167
496,49188
320,49242
90,49321
399,49344
400,49345
401,49346
491,49347
492,49348
376,49352
295,49367
40,49368
376,49379
493,49508
494,49509
495,49510
74,49513
113,49513
114,49514
418,49555
398,49588
119,49589
432,49592
376,49610
376,49718
50,49749
499,49758
491,49762
320,49783
433,49800
491,49815
492,49816
75,49823
458,49837
171,49852
219,49861
493,49939
171,50005
497,50073
491,50091
353,50092
354,50093
108,50114
295,50116
118,50186
433,50220
376,50231
185,50250
490,50260
491,50261
494,50293
43,50301
498,50390
499,50391
118,50436
117,50452
118,50453
52,50492
250,50500
293,50515
401,50540
171,50557
96,50588
294,50607
433,50622
508,50661
376,50687
377,50688
147,50707
148,50708
433,50712
40,50728
95,50729
64,50784
146,50787
115,50790
348,50791
66,50819
498,50861
42,50928
294,50961
411,50986
97,51001
490,51161
39,51166
146,51186
147,51187
148,51188
206,51194
185,51215
119,51216
387,51217
66,51232
387,51234
388,51235
68,51260
69,51261
293,51272
294,51273
496,51310
497,51311
489,51382
490,51383
491,51384
39,51414
509,51488
66,51539
496,51552
306,51559
110,51578
64,51579
249,51607
41,51625
343,51625
402,51634
401,51644
516,51653
295,51654
171,51685
185,51702
124,51709
40,51722
95,51723
54,51804
54,51864
43,51865
54,51934
39,51945
493,51989
494,51990
497,52012
66,52085
66,52098
67,52099
68,52100
498,52157
119,52175
387,52176
111,52186
112,52187
94,52188
43,52208
489,52227
401,52320
491,52405
118,52430
119,52431
387,52432
388,52433
492,52453
184,52531
185,52532
399,52533
348,52572
349,52573
401,52602
402,52603
458,52633
67,52694
400,52695
118,52715
350,52779
219,52793
401,52804
432,52874
239,52879
119,52889
402,52897
178,52898
351,52910
351,53014
119,53036
387,53037
39,53073
40,53074
207,53102
370,53103
398,53116
119,53117
8,53127
146,53151
219,53153
488,53162
489,53163
490,53164
97,53309
376,53393
271,53394
42,53417
239,53449
65,53453
376,53515
293,53551
294,53552
295,53553
323,53576
518,53586
376,53654
494,53734
495,53735
496,53736
350,53753
351,53754
95,53790
270,53816
377,53817
351,53822
352,53823
492,53824
74,53849
113,53849
295,53914
446,53954
515,53961
457,53969
66,54053
487,54094
39,54140
408,54226
171,54238
272,54254
39,54266
67,54386
400,54387
171,54418
154,54427
294,54484
492,54489
39,54493
186,54499
294,54521
295,54522
270,54561
302,54596
407,54597
408,54598
96,54635
493,54660
494,54661
432,54671
418,54706
490,54709
39,54761
302,54779
407,54780
491,54800
39,54810
207,54855
370,54856
370,54857
493,54862
494,54863
492,54906
493,54907
494,54908
185,54923
399,54924
270,54977
106,54994
458,55022
376,55046
344,55102
261,55122
75,55130
105,55134
459,55135
460,55136
171,55153
509,55171
510,55172
321,55336
377,55339
178,55340
54,55364
43,55365
511,55395
111,55417
493,55458
67,55524
124,55547
39,55573
66,55607
67,55629
400,55630
401,55631
350,55650
433,55687
494,55711
495,55712
496,55713
497,55714
493,55731
269,55735
270,55736
496,55764
497,55765
351,55772
271,55810
294,55815
206,55968
43,56007
400,56016
212,56040
498,56069
498,56084
350,56123
351,56124
494,56155
295,56169
43,56195
333,56215
350,56223
323,56265
293,56296
294,56297
295,56298
40,56299
95,56300
268,56304
295,56352
39,56374
66,56432
461,56474
185,56502
41,56512
343,56512
42,56513
55,56514
397,56521
398,56522
41,56530
343,56530
294,56566
41,56629
343,56629
493,56643
111,56655
66,56671
65,56683
496,56699
491,56758
124,56858
64,56874
65,56875
42,56921
43,56922
498,56951
270,56963
377,56964
509,57055
295,57076
40,57077
95,57078
96,57079
432,57125
96,57140
433,57208
171,57220
39,57280
353,57332
490,57347
52,57389
223,57404
498,57467
349,57479
493,57505
494,57506
123,57599
130,57600
487,57628
505,57644
506,57645
97,57682
98,57683
39,57693
292,57756
293,57757
294,57758
295,57759
40,57760
95,57761
115,57765
66,57804
270,57816
293,57833
294,57834
219,57917
66,57948
111,57973
112,57974
94,57975
41,57976
343,57976
351,58011
397,58030
491,58089
350,58107
305,58153
306,58154
238,58160
492,58176
43,58202
65,58207
13,58250
357,58268
294,58283
323,58286
43,58323
493,58350
505,58359
506,58360
302,58419
492,58455
125,58487
126,58488
96,58500
351,58508
351,58530
490,58548
95,58611
266,58618
367,58618
267,58619
507,58652
508,58653
320,58681
41,58684
343,58684
399,58689
418,58697
354,58713
351,58719
184,58765
487,58789
488,58790
146,58847
118,58865
495,58868
496,58869
497,58870
351,58875
93,58879
320,58882
490,58902
402,58903
498,58913
377,58959
178,58960
294,58973
295,58974
489,59017
96,59085
97,59086
490,59209
491,59210
494,59228
508,59244
65,59260
488,59294
489,59295
490,59296
491,59297
65,59307
301,59310
342,59315
485,59372
42,59468
54,59481
375,59518
376,59519
271,59520
306,59547
270,59561
377,59562
178,59563
270,59599
219,59611
377,59619
496,59646
119,59658
387,59659
117,59667
118,59668
418,59671
196,59735
490,59742
320,59766
