510,27
439,29
203,32
568,67
195,137
505,250
537,251
538,252
278,264
183,366
302,368
302,369
302,370
183,381
195,419
291,425
433,431
212,440
72,453
553,574
141,590
142,591
136,599
120,694
568,702
404,741
405,742
281,761
302,798
302,937
302,938
76,969
183,970
322,1002
307,1028
557,1029
278,1063
302,1065
280,1067
244,1084
147,1088
439,1114
291,1121
281,1142
277,1151
182,1191
440,1198
76,1223
183,1224
307,1225
280,1226
551,1258
364,1394
569,1417
182,1428
354,1525
122,1569
402,1608
514,1635
553,1654
436,1706
182,1724
183,1725
513,1771
514,1772
515,1773
282,1782
283,1783
345,1823
355,1828
73,1834
183,1875
345,1949
346,1950
344,1970
579,2054
240,2059
71,2153
347,2171
325,2193
302,2200
308,2202
438,2218
381,2219
307,2234
308,2235
557,2271
302,2278
302,2279
355,2344
202,2367
511,2368
320,2369
512,2369
408,2405
322,2438
308,2475
302,2489
302,2490
302,2491
302,2492
302,2493
303,2494
278,2508
195,2571
321,2584
506,2634
349,2637
399,2660
144,2661
145,2662
281,2680
553,2737
554,2738
280,2773
569,2778
570,2779
278,2859
288,2887
289,2888
511,2914
122,2952
183,2960
122,3042
569,3085
381,3169
122,3201
281,3209
290,3280
438,3285
381,3286
280,3333
281,3334
182,3398
322,3404
510,3420
277,3462
278,3463
302,3465
302,3466
302,3467
513,3517
514,3518
68,3580
307,3657
453,3659
355,3705
371,3708
122,3759
33,3786
365,3854
72,3927
73,3928
74,3929
75,3930
349,3954
250,3973
291,3974
345,3990
322,3995
553,4075
464,4101
302,4139
183,4192
307,4193
538,4203
533,4233
121,4255
163,4263
551,4291
355,4336
124,4422
182,4439
183,4440
302,4499
344,4521
319,4538
371,4564
372,4565
207,4577
182,4587
73,4627
541,4678
344,4898
281,4901
290,4906
291,4907
154,4929
280,4953
405,5005
365,5006
355,5019
483,5025
345,5062
355,5202
183,5228
374,5253
353,5258
163,5263
551,5269
289,5270
290,5325
321,5377
551,5422
72,5504
73,5537
320,5611
512,5611
110,5630
278,5660
355,5682
399,5729
195,5733
354,5847
510,5895
66,5896
124,5910
308,5934
125,5955
511,5992
510,6011
439,6013
283,6040
510,6086
66,6087
92,6088
381,6092
322,6106
385,6110
386,6111
163,6150
554,6155
354,6168
533,6174
509,6311
510,6312
66,6313
183,6345
307,6346
308,6347
302,6364
348,6387
514,6388
280,6411
281,6412
347,6419
348,6420
514,6421
31,6457
320,6468
512,6468
290,6469
291,6470
510,6495
439,6497
345,6522
346,6523
347,6524
322,6586
182,6594
280,6606
137,6621
120,6663
195,6678
130,6699
195,6759
533,6762
299,6825
300,6826
557,6828
307,6873
280,6874
195,6906
194,6923
108,6969
439,6998
227,7152
322,7175
163,7204
307,7237
280,7238
237,7259
238,7260
417,7275
100,7319
72,7348
579,7382
244,7391
280,7407
324,7466
308,7521
320,7524
512,7524
417,7569
278,7579
559,7608
183,7610
307,7611
308,7612
195,7620
357,7624
77,7663
250,7672
136,7696
281,7736
280,7753
426,7829
322,7844
281,7892
571,7905
568,7908
355,7958
381,7960
344,7976
553,8002
554,8003
281,8006
280,8128
120,8137
244,8162
438,8164
381,8165
381,8173
320,8192
512,8192
322,8201
291,8252
419,8281
202,8323
511,8324
358,8333
359,8334
360,8335
141,8490
365,8507
453,8533
237,8665
183,8674
354,8694
281,8699
371,8991
110,9041
353,9140
202,9166
511,9167
280,9183
281,9184
349,9233
278,9237
56,9253
369,9253
195,9261
122,9268
130,9279
124,9287
125,9288
122,9324
274,9347
381,9367
354,9372
355,9373
68,9384
553,9412
76,9455
77,9456
569,9478
137,9479
165,9480
244,9704
353,9720
354,9721
355,9722
571,9826
354,9854
439,10012
307,10050
280,10051
136,10064
570,10065
185,10092
439,10200
194,10205
195,10206
527,10253
121,10275
417,10292
439,10369
142,10432
183,10440
194,10445
308,10547
77,10558
551,10610
68,10638
183,10755
137,10783
138,10784
139,10785
404,10820
344,10821
278,10822
122,10836
308,10859
76,10877
121,10895
121,10952
122,10953
281,11369
302,11380
280,11382
76,11396
142,11459
429,11486
121,11495
195,11577
120,11617
99,11623
439,11661
227,11671
122,11722
78,11739
79,11740
277,11765
122,11796
56,11816
369,11816
57,11817
355,11847
320,11849
512,11849
121,11898
307,11900
531,11934
433,11987
136,11990
77,12181
365,12259
482,12287
571,12295
195,12339
73,12350
110,12355
371,12406
511,12436
281,12515
372,12538
302,12550
122,12567
183,12598
307,12599
557,12600
124,12601
194,12620
345,12680
195,12693
75,12711
76,12712
302,12791
365,12844
307,12855
345,12882
404,12886
405,12887
281,12934
253,12959
278,13035
122,13083
195,13116
183,13120
184,13121
511,13129
195,13137
121,13196
399,13328
181,13386
182,13387
569,13423
195,13589
257,13599
464,13609
194,13629
195,13630
429,13669
408,13710
417,13820
281,13846
357,13851
244,13904
122,13943
203,13963
559,14055
281,14059
120,14115
121,14116
77,14124
121,14180
307,14196
130,14218
108,14235
109,14236
364,14238
406,14239
182,14348
213,14412
195,14422
136,14431
281,14443
322,14484
308,14545
344,14602
311,14671
281,14674
282,14675
283,14676
290,14856
291,14857
281,14887
278,14962
279,14963
217,14971
237,15016
238,15017
182,15061
324,15143
124,15158
125,15159
126,15160
183,15164
559,15202
137,15267
365,15281
571,15299
308,15329
558,15398
182,15407
320,15424
512,15424
120,15465
121,15466
184,15483
281,15568
227,15616
76,15620
569,15662
570,15663
76,15866
76,15900
183,15901
515,15934
516,15935
322,15952
122,15968
74,15983
75,15984
76,15985
281,15988
227,16019
194,16054
464,16103
465,16104
466,16105
540,16105
541,16106
542,16107
121,16182
76,16199
154,16273
138,16327
139,16328
140,16329
577,16329
124,16352
515,16451
399,16483
137,16515
554,16585
466,16649
540,16649
308,16717
439,16760
506,16764
302,16820
227,16830
433,16834
554,16849
320,16866
512,16866
163,16889
553,16896
554,16897
268,16963
308,16976
381,16993
320,17008
512,17008
78,17075
307,17096
354,17108
355,17109
308,17228
279,17253
265,17260
281,17274
183,17355
244,17359
579,17365
121,17399
321,17547
183,17571
307,17572
308,17573
289,17587
508,17627
319,17639
110,17642
307,17663
464,17754
465,17755
278,17785
279,17786
458,17846
482,17855
275,17903
76,17909
354,17924
121,17930
227,17974
365,17982
280,18018
570,18042
110,18070
281,18075
364,18208
182,18220
322,18268
141,18280
355,18306
122,18374
77,18462
78,18463
120,18509
121,18510
307,18512
182,18572
183,18573
307,18574
568,18599
183,18620
307,18621
269,18647
417,18660
418,18661
353,18724
570,18919
553,18933
554,18934
281,18937
124,18948
438,18971
381,18972
73,19004
108,19050
557,19129
475,19136
281,19171
55,19175
99,19183
100,19184
202,19260
281,19279
353,19370
354,19371
281,19410
355,19415
320,19417
512,19417
182,19502
56,19514
369,19514
121,19614
183,19672
281,19723
308,19738
510,19808
511,19809
121,19816
355,19911
482,19927
510,19946
203,19947
281,19987
281,19999
345,20048
346,20049
347,20050
195,20096
278,20106
279,20107
559,20119
183,20121
302,20123
125,20147
281,20164
121,20202
307,20204
308,20246
557,20260
558,20261
277,20327
552,20432
75,20469
155,20562
511,20673
320,20674
512,20674
194,20689
554,20746
281,20749
355,20806
291,20851
241,20858
121,20893
527,20897
551,20912
320,20947
512,20947
513,20948
553,20991
341,21086
184,21145
307,21182
68,21223
195,21271
100,21341
302,21348
542,21374
543,21375
76,21394
77,21513
195,21587
195,21594
320,21687
512,21687
513,21688
514,21689
184,21789
354,21804
281,21821
334,21834
436,21836
308,21848
227,21885
265,21900
289,21951
244,21955
515,21971
122,21981
347,22019
281,22022
121,22029
569,22047
569,22063
570,22064
201,22092
202,22093
511,22094
74,22103
75,22104
76,22105
183,22106
307,22107
280,22108
281,22109
282,22110
244,22113
291,22296
68,22331
381,22369
237,22380
238,22381
353,22384
429,22505
226,22509
308,22515
309,22516
278,22527
399,22563
144,22564
145,22565
290,22576
121,22593
277,22620
278,22621
108,22690
277,22698
278,22699
279,22700
280,22701
163,22719
417,22743
183,22774
307,22775
308,22776
73,22780
404,22802
344,22803
345,22804
533,22818
533,22824
121,22835
122,22836
155,22888
533,22902
277,22917
308,22931
280,22957
183,22969
195,23016
439,23074
183,23083
307,23084
280,23085
281,23086
381,23120
355,23173
244,23178
122,23205
120,23376
278,23412
308,23415
513,23436
514,23437
355,23524
288,23604
516,23629
538,23661
475,23690
387,23827
344,23862
345,23863
319,23935
239,23964
543,23965
121,23978
515,23981
516,23982
509,23990
348,24015
237,24023
202,24079
511,24080
553,24082
554,24083
289,24194
559,24284
77,24286
278,24296
279,24297
439,24330
511,24333
354,24348
355,24349
277,24383
439,24414
440,24415
536,24455
244,24476
163,24489
183,24526
551,24554
121,24647
307,24649
280,24650
291,24674
182,24687
137,24890
308,24951
558,24990
559,24991
302,25006
302,25007
121,25013
122,25014
121,25043
122,25044
308,25104
182,25119
77,25120
163,25137
182,25140
347,25170
579,25192
467,25209
568,25382
559,25417
226,25429
320,25465
512,25465
121,25557
202,25689
511,25690
320,25691
512,25691
321,25692
322,25693
237,25700
182,25762
183,25763
278,25780
136,25796
227,25807
195,25841
121,25900
121,25941
136,25962
183,25974
307,25975
320,26044
512,26044
72,26063
281,26101
324,26137
290,26148
291,26149
281,26182
137,26185
527,26232
320,26257
512,26257
321,26258
504,26337
514,26430
543,26450
568,26470
283,26509
202,26567
511,26568
278,26642
71,26693
226,26700
227,26701
345,26732
124,26739
449,26848
322,26862
381,26878
281,26925
140,26932
577,26932
321,26939
121,27060
407,27117
408,27118
137,27143
110,27184
280,27236
195,27244
125,27247
559,27351
203,27366
237,27403
280,27454
322,27486
322,27512
551,27514
552,27515
319,27572
535,27624
121,27626
464,27742
345,27749
195,27816
182,27865
76,27891
183,27892
307,27944
371,27972
372,27973
475,28012
322,28038
514,28047
195,28059
183,28079
281,28119
121,28173
524,28310
288,28343
279,28353
278,28357
303,28359
309,28505
122,28509
551,28545
289,28546
553,28558
551,28562
309,28583
281,28590
322,28610
183,28675
302,28677
202,28683
511,28684
569,28686
322,28777
110,28874
300,28894
280,28896
387,28909
388,28910
182,28944
123,28946
124,28947
136,28980
183,29026
322,29038
382,29045
288,29093
78,29129
322,29153
320,29214
512,29214
280,29217
121,29249
124,29283
349,29296
244,29304
349,29311
77,29420
345,29426
569,29538
137,29539
551,29550
289,29551
182,29615
140,29623
577,29623
320,29729
512,29729
321,29730
322,29731
302,29775
347,29792
322,29794
142,29803
123,29810
124,29811
283,29814
322,29947
515,29958
277,29964
123,29982
124,29983
283,29986
278,29999
381,30146
302,30320
302,30321
322,30387
71,30390
275,30461
439,30471
227,30489
122,30533
439,30537
402,30591
217,30601
183,30603
124,30655
120,30681
538,30708
580,30738
288,30739
552,30740
322,30767
324,30793
505,30856
302,30911
302,30912
185,30914
77,30934
347,30980
322,31018
203,31041
408,31079
302,31166
308,31168
309,31169
543,31188
354,31298
355,31299
195,31307
559,31310
302,31331
322,31364
323,31365
569,31371
121,31391
122,31392
120,31401
121,31402
265,31418
513,31462
514,31463
183,31468
184,31469
122,31546
183,31550
580,31639
288,31640
277,31662
278,31663
280,31789
281,31790
307,31862
541,31869
538,31998
289,32067
558,32111
559,32112
183,32114
302,32116
281,32147
320,32225
512,32225
277,32237
371,32257
346,32300
347,32301
288,32372
289,32373
371,32381
195,32446
553,32471
120,32477
121,32478
122,32479
195,32490
76,32496
77,32497
348,32582
514,32583
278,32648
279,32649
280,32650
281,32651
321,32730
194,32737
464,32752
465,32753
227,32783
551,32788
281,32816
322,32882
323,32883
277,32907
278,32908
279,32909
280,32910
347,32924
182,32992
183,32993
137,33003
453,33036
347,33123
124,33126
533,33136
515,33186
516,33187
517,33188
275,33191
354,33209
381,33250
123,33287
346,33339
347,33340
348,33341
514,33342
320,33364
512,33364
130,33417
321,33447
538,33490
568,33546
569,33547
570,33548
182,33550
289,33671
320,33690
512,33690
283,33703
122,33714
438,33734
381,33735
382,33736
383,33737
319,33740
527,33767
183,33785
307,33786
280,33787
281,33788
280,33792
319,33851
183,33899
307,33900
280,33901
250,33917
291,33918
439,33965
154,34028
446,34067
73,34123
55,34133
289,34135
365,34163
281,34177
120,34187
121,34188
302,34191
202,34264
538,34282
280,34289
281,34290
56,34299
369,34299
370,34300
337,34320
269,34448
121,34457
307,34459
511,34507
195,34526
78,34641
251,34652
321,34683
322,34684
323,34685
121,34730
78,34732
554,34757
202,34794
511,34795
569,34797
570,34798
182,34800
354,34851
510,34934
511,34935
347,34974
289,35015
290,35016
291,35017
237,35023
446,35053
76,35068
183,35069
183,35081
302,35083
514,35117
558,35172
195,35201
123,35333
558,35334
559,35335
290,35396
182,35420
281,35429
288,35470
280,35619
359,35623
73,35627
73,35646
110,35665
182,35693
183,35694
307,35695
429,35701
551,35721
538,35772
265,35810
195,35858
122,35906
195,35952
513,36004
203,36195
302,36200
302,36201
557,36203
124,36204
270,36227
364,36353
365,36354
77,36378
78,36379
68,36512
355,36528
439,36530
291,36613
307,36619
308,36620
440,36639
124,36645
291,36690
381,36731
382,36732
383,36733
347,36771
381,36791
382,36792
383,36793
244,36827
559,36862
122,36886
281,36888
533,36892
381,36905
533,36976
323,37008
195,37034
182,37044
78,37071
110,37087
308,37130
533,37132
345,37143
76,37193
365,37266
364,37303
365,37304
438,37331
381,37332
135,37351
417,37504
418,37505
277,37514
194,37531
195,37532
354,37548
355,37549
505,37577
136,37582
183,37589
302,37591
124,37608
307,37684
308,37685
464,37716
136,37821
570,37822
123,37837
558,37838
559,37839
183,37841
110,37889
320,37905
512,37905
513,37906
514,37907
281,37915
514,37926
183,37959
383,37972
163,37983
464,38067
121,38123
307,38125
280,38126
383,38134
557,38150
124,38151
302,38165
280,38167
281,38168
124,38190
195,38211
580,38215
195,38298
533,38301
302,38392
302,38393
302,38394
140,38404
577,38404
124,38435
281,38512
320,38538
512,38538
514,38607
307,38621
322,38658
275,38688
433,38696
136,38699
137,38700
513,38819
77,38830
154,38844
514,38847
514,38853
562,38893
345,38923
571,38938
527,38962
100,39006
237,39074
558,39106
559,39107
404,39140
344,39141
122,39155
182,39199
183,39200
322,39240
244,39270
120,39317
121,39318
122,39319
281,39321
76,39345
195,39421
276,39438
482,39458
182,39519
244,39552
364,39605
121,39612
122,39613
281,39615
383,39629
154,39696
551,39821
281,39828
122,39927
124,39961
125,39962
355,39964
320,39966
512,39966
240,40024
372,40067
382,40069
383,40070
322,40110
137,40165
183,40185
307,40186
184,40207
217,40254
568,40353
121,40419
307,40421
280,40422
136,40432
124,40450
539,40473
466,40474
540,40474
55,40480
182,40484
183,40485
307,40486
511,40526
122,40543
453,40545
195,40554
557,40578
558,40579
289,40632
279,40643
280,40644
322,40779
404,40782
344,40783
278,40784
140,40819
577,40819
533,40869
310,40887
311,40888
382,40894
130,40902
194,40931
195,40932
542,40956
141,40960
72,41030
141,41118
543,41166
277,41181
355,41186
142,41201
143,41202
165,41217
108,41242
227,41270
241,41282
76,41316
183,41317
307,41318
126,41376
55,41383
56,41384
369,41384
370,41385
371,41386
527,41404
462,41463
498,41489
499,41490
321,41497
516,41505
517,41506
567,41536
281,41572
121,41634
355,41641
381,41643
355,41674
381,41676
183,41683
55,41687
543,41781
183,41789
244,41793
280,41904
281,41905
281,41927
482,41934
321,41999
289,42016
533,42020
227,42172
355,42217
244,42225
438,42227
381,42228
250,42254
558,42298
559,42299
143,42320
144,42321
145,42322
146,42323
147,42324
281,42351
203,42368
183,42437
508,42450
319,42473
551,42477
241,42577
75,42640
347,42666
110,42673
322,42678
404,42681
121,42714
183,42726
307,42727
280,42728
381,42750
281,42760
282,42761
183,42791
307,42792
280,42793
355,42796
320,42798
512,42798
195,42847
355,42884
365,42918
511,43016
244,43031
108,43039
324,43125
163,43132
122,43191
311,43225
381,43272
307,43495
280,43496
281,43497
182,43528
183,43529
307,43530
289,43537
55,43585
202,43622
511,43623
320,43624
512,43624
110,43640
345,43651
372,43727
110,43754
569,43786
347,43876
76,43934
77,43935
110,43946
309,43961
265,43996
322,44007
202,44043
511,44044
544,44137
355,44149
68,44202
371,44212
372,44213
77,44321
73,44445
281,44457
322,44460
439,44570
195,44616
354,44626
353,44657
354,44658
355,44659
541,44690
475,44705
154,44730
155,44731
212,44767
213,44768
538,44779
163,44845
509,44853
510,44854
203,44855
371,44932
122,44984
533,44987
207,44992
453,45014
345,45061
120,45086
324,45134
538,45141
110,45158
381,45234
281,45249
276,45279
183,45319
307,45320
280,45321
281,45322
195,45376
307,45441
309,45490
275,45567
355,45589
278,45667
76,45696
183,45697
506,45705
355,45746
278,45786
279,45787
308,45788
578,45846
551,45980
289,45981
140,46033
577,46033
475,46044
108,46093
533,46100
380,46145
381,46146
229,46224
509,46230
510,46231
203,46232
122,46251
551,46309
289,46310
567,46377
290,46379
291,46380
551,46423
552,46424
108,46443
365,46472
288,46548
552,46549
355,46593
404,46685
344,46686
281,46689
288,46753
277,46921
518,46937
504,46938
515,46968
110,47025
307,47134
308,47135
147,47142
283,47214
250,47364
513,47484
514,47485
241,47501
320,47570
512,47570
72,47656
544,47744
281,47795
322,47817
227,47832
280,47844
122,47883
381,47996
280,48052
281,48053
476,48061
289,48063
322,48092
383,48109
308,48117
325,48133
154,48155
136,48172
570,48173
183,48209
307,48210
280,48211
381,48248
324,48286
325,48287
280,48315
77,48321
78,48322
533,48326
253,48459
510,48510
511,48511
73,48513
371,48525
372,48526
439,48537
140,48541
577,48541
568,48569
541,48595
347,48611
75,48627
568,48671
136,48735
137,48736
281,48767
289,48782
511,48792
55,48799
237,48818
238,48819
347,48835
182,48948
562,48966
72,48982
538,48987
355,49005
185,49026
530,49156
531,49157
355,49188
510,49302
381,49304
137,49319
137,49334
183,49347
307,49348
308,49349
121,49352
110,49371
383,49375
121,49379
122,49380
281,49382
569,49387
137,49388
433,49412
408,49463
371,49473
372,49474
280,49508
72,49528
308,49553
558,49560
559,49561
569,49571
570,49572
182,49574
121,49610
68,49633
110,49638
136,49660
108,49668
365,49685
121,49718
122,49719
217,49760
183,49762
345,49800
183,49815
307,49816
322,49826
56,49870
369,49870
370,49871
322,49910
280,49939
227,49963
122,49966
281,50058
182,50090
183,50091
55,50139
570,50160
143,50165
345,50220
383,50227
121,50231
122,50232
182,50241
195,50250
76,50260
183,50261
527,50265
124,50434
110,50455
543,50569
345,50622
122,50636
557,50647
124,50648
121,50687
345,50712
381,50786
265,50837
281,50840
510,50934
511,50935
140,51028
577,51028
229,51053
122,51072
56,51111
369,51111
370,51112
538,51130
74,51159
75,51160
76,51161
570,51180
195,51215
439,51228
511,51231
125,51235
126,51236
283,51243
147,51254
108,51258
355,51310
364,51324
365,51325
73,51372
76,51383
183,51384
482,51445
483,51446
511,51538
417,51548
355,51552
320,51554
512,51554
514,51608
195,51702
45,51712
259,51775
260,51776
110,51858
130,51971
135,51980
280,51989
364,52088
406,52089
278,52163
279,52164
80,52240
353,52288
354,52289
365,52313
217,52403
183,52405
321,52411
322,52412
124,52428
125,52433
126,52434
307,52453
308,52454
194,52531
195,52532
508,52554
282,52610
527,52691
417,52738
511,52744
527,52748
558,52770
559,52771
325,52796
123,52806
322,52813
533,52847
163,52893
182,52896
370,52901
277,52958
299,52973
300,52974
383,53058
464,53103
76,53164
342,53193
343,53194
344,53195
281,53198
300,53229
308,53231
559,53252
381,53267
121,53393
508,53500
121,53515
302,53606
55,53610
121,53654
303,53657
136,53661
570,53662
329,53688
330,53689
66,53701
92,53702
381,53706
372,53722
355,53736
371,53760
321,53763
349,53798
307,53824
308,53825
383,53878
417,53993
291,54017
344,54147
100,54152
143,54220
141,54226
147,54248
417,54436
307,54489
244,54567
141,54598
297,54603
278,54658
279,54659
280,54660
76,54709
77,54710
371,54729
181,54798
182,54799
183,54800
184,54801
464,54856
464,54857
280,54862
154,54869
307,54906
280,54907
407,54916
408,54917
195,54923
193,54967
155,55007
156,55008
439,55013
277,55016
281,55019
121,55046
122,55047
250,55132
319,55146
108,55224
551,55366
280,55458
281,55466
237,55581
276,55685
277,55686
345,55687
355,55713
280,55731
355,55764
381,55829
509,55901
510,55902
438,55924
381,55925
73,56030
136,56078
291,56148
551,56196
229,56204
530,56214
531,56215
108,56247
517,56335
364,56435
195,56502
320,56506
512,56506
290,56507
291,56508
569,56531
570,56532
511,56601
280,56643
202,56669
511,56670
355,56699
281,56708
183,56758
302,56760
321,56785
320,56876
512,56876
45,56892
551,56923
268,56966
365,57003
237,57145
439,57200
203,57203
345,57208
462,57218
302,57296
281,57319
282,57320
76,57347
308,57464
280,57505
543,57565
244,57596
45,57667
383,57724
404,57752
344,57753
182,57797
319,57803
387,57840
278,57864
72,57871
407,58023
182,58088
183,58089
307,58176
244,58181
154,58199
213,58310
280,58350
419,58392
357,58415
307,58455
281,58471
281,58519
76,58548
77,58549
291,58580
553,58612
182,58631
237,58669
66,58679
569,58685
68,58726
194,58765
244,58769
237,58798
355,58869
309,58878
67,58889
76,58902
302,58947
278,58967
289,58987
227,59116
204,59144
322,59174
76,59209
183,59210
184,59211
439,59279
76,59296
183,59297
72,59316
281,59326
321,59351
322,59352
137,59447
567,59466
568,59467
120,59518
121,59519
68,59558
344,59568
68,59596
347,59621
551,59628
355,59646
320,59702
512,59702
75,59741
76,59742
278,59782
347,59785
