353,15
181,84
446,84
182,85
326,156
387,252
388,253
215,254
216,255
438,264
439,265
299,303
283,367
317,367
410,367
193,368
194,368
284,368
318,368
193,369
194,369
284,369
318,369
193,370
194,370
284,370
318,370
319,371
411,371
343,403
180,412
104,442
119,458
488,561
92,573
356,598
357,599
358,600
359,601
399,627
407,633
408,634
148,646
149,647
191,648
129,649
130,650
383,705
388,736
436,741
487,761
192,797
193,798
194,798
284,798
318,798
304,816
181,833
446,833
119,835
282,935
283,936
317,936
410,936
193,937
194,937
284,937
318,937
193,938
194,938
284,938
318,938
195,939
285,939
84,942
196,972
276,972
286,972
92,979
316,1027
412,1029
118,1037
117,1058
438,1063
439,1064
193,1065
194,1065
284,1065
318,1065
319,1066
411,1066
399,1110
386,1125
212,1134
487,1142
95,1155
382,1245
132,1262
143,1268
144,1269
181,1292
446,1292
191,1301
147,1311
145,1357
146,1358
197,1363
277,1363
179,1365
311,1384
312,1385
439,1390
319,1391
411,1391
358,1418
359,1419
360,1420
365,1424
366,1425
386,1439
390,1442
398,1448
399,1449
426,1470
316,1480
283,1481
317,1481
410,1481
486,1517
316,1579
283,1580
317,1580
410,1580
343,1594
212,1628
388,1629
92,1653
183,1692
130,1727
388,1799
215,1800
380,1801
58,1812
342,1851
283,1876
317,1876
410,1876
437,1970
74,2080
74,2145
91,2153
215,2158
316,2198
283,2199
317,2199
410,2199
193,2200
194,2200
284,2200
318,2200
319,2201
411,2201
197,2211
277,2211
316,2233
123,2245
215,2267
192,2269
319,2270
411,2270
412,2271
283,2277
317,2277
410,2277
193,2278
194,2278
284,2278
318,2278
193,2279
194,2279
284,2279
318,2279
319,2280
411,2280
384,2302
204,2352
197,2372
277,2372
215,2415
216,2416
380,2437
193,2489
194,2489
284,2489
318,2489
193,2490
194,2490
284,2490
318,2490
193,2491
194,2491
284,2491
318,2491
193,2492
194,2492
284,2492
318,2492
193,2493
194,2493
284,2493
318,2493
438,2508
439,2509
319,2510
411,2510
192,2523
385,2533
386,2534
92,2598
190,2635
328,2646
214,2651
215,2652
487,2680
488,2681
366,2691
191,2825
192,2826
319,2827
411,2827
438,2859
439,2860
319,2861
411,2861
180,2883
181,2884
446,2884
342,2923
180,3067
358,3086
316,3141
92,3147
116,3167
151,3181
487,3209
399,3264
126,3329
127,3330
128,3331
487,3334
380,3403
204,3405
216,3413
144,3432
236,3445
448,3445
438,3463
439,3464
193,3465
194,3465
284,3465
318,3465
193,3466
194,3466
284,3466
318,3466
193,3467
194,3467
284,3467
318,3467
319,3468
411,3468
316,3477
327,3582
117,3645
344,3659
345,3660
316,3834
213,3848
147,3882
148,3883
192,3888
74,3923
257,3933
388,3951
215,3952
380,3994
204,3996
92,4074
213,4100
214,4102
215,4103
216,4104
343,4105
192,4138
193,4139
194,4139
284,4139
318,4139
319,4140
411,4140
387,4203
213,4204
215,4216
315,4255
192,4281
343,4304
81,4322
191,4349
191,4357
316,4379
192,4390
319,4391
411,4391
413,4422
204,4443
118,4460
294,4484
295,4485
192,4498
193,4499
194,4499
284,4499
318,4499
195,4500
285,4500
294,4502
437,4521
391,4628
380,4642
61,4678
62,4679
366,4719
399,4735
399,4738
148,4795
149,4796
192,4850
195,4851
285,4851
361,4885
437,4898
486,4900
487,4901
488,4902
469,4905
192,4951
319,4952
411,4952
236,5022
448,5022
299,5047
311,5092
449,5129
129,5150
343,5225
343,5272
323,5319
441,5370
469,5376
118,5405
366,5453
191,5497
488,5510
84,5513
489,5594
213,5601
214,5602
215,5603
216,5604
438,5660
439,5661
319,5662
411,5662
147,5784
380,5788
381,5789
213,5868
214,5869
389,5870
390,5871
413,5910
414,5911
122,5948
123,5949
213,5964
214,5965
389,5966
390,5967
311,5971
148,6103
149,6104
215,6119
380,6120
381,6121
79,6131
80,6132
213,6201
214,6202
215,6203
129,6205
204,6207
84,6286
316,6362
283,6363
317,6363
410,6363
193,6364
194,6364
284,6364
318,6364
319,6365
411,6365
487,6412
214,6436
343,6449
325,6480
311,6565
386,6617
92,6711
445,6797
412,6828
204,6898
497,6966
489,7027
426,7092
204,7176
316,7236
118,7314
126,7337
488,7341
311,7342
118,7394
119,7395
311,7474
426,7536
304,7566
438,7579
439,7580
319,7581
411,7581
126,7655
357,7696
487,7736
60,7782
383,7795
384,7796
143,7823
204,7845
147,7857
148,7858
487,7892
384,7951
437,7976
92,8001
487,8006
488,8007
316,8109
130,8111
191,8126
343,8194
204,8202
147,8205
148,8206
149,8207
386,8301
343,8532
344,8533
487,8699
488,8700
104,8741
105,8742
235,8775
488,8784
384,8810
215,8840
192,8842
319,8843
411,8843
377,8887
92,8928
92,8937
342,9013
81,9117
269,9144
270,9145
474,9165
487,9184
488,9185
438,9237
130,9239
488,9264
449,9284
413,9287
84,9321
197,9335
277,9335
311,9363
312,9364
180,9417
181,9418
446,9418
381,9467
399,9512
145,9575
449,9614
270,9637
92,9665
93,9666
489,9684
147,9743
92,9777
380,9790
143,9811
144,9812
380,9823
366,9894
129,9943
360,9960
236,9976
448,9976
116,9982
316,10049
357,10064
486,10107
257,10190
92,10250
470,10256
315,10275
445,10303
196,10442
276,10442
286,10442
287,10443
143,10527
118,10553
327,10640
325,10695
377,10723
180,10746
181,10747
446,10747
436,10820
437,10821
438,10822
196,10824
276,10824
286,10824
491,10826
191,10857
315,10895
343,10915
197,10920
277,10920
315,10952
316,11048
216,11085
294,11111
295,11112
236,11136
448,11136
449,11137
143,11179
408,11352
487,11369
488,11370
192,11379
193,11380
194,11380
284,11380
318,11380
319,11381
411,11381
315,11495
294,11498
119,11523
316,11527
283,11528
317,11528
410,11528
195,11529
285,11529
115,11587
116,11588
366,11597
92,11802
180,11815
343,11851
315,11898
316,11899
147,11964
148,11965
149,11966
357,11990
316,12026
381,12146
382,12147
383,12148
384,12149
105,12165
98,12266
205,12289
192,12324
449,12386
358,12505
487,12515
488,12516
439,12549
193,12550
194,12550
284,12550
318,12550
343,12574
412,12600
413,12601
310,12603
311,12613
489,12622
215,12788
192,12790
193,12791
194,12791
284,12791
318,12791
195,12792
285,12792
282,12854
204,12864
204,12884
436,12886
147,12921
148,12922
487,12934
128,12936
195,12978
285,12978
92,12990
438,13035
439,13036
195,13037
285,13037
312,13049
117,13051
147,13092
180,13154
447,13181
79,13190
315,13196
316,13197
371,13209
491,13254
147,13278
148,13279
216,13299
294,13382
119,13484
316,13533
449,13552
104,13570
105,13571
213,13608
214,13610
489,13626
74,13634
489,13691
489,13698
299,13716
105,13724
487,13846
380,13866
144,13993
145,13994
311,14008
190,14026
92,14042
487,14059
315,14116
269,14148
315,14180
316,14181
316,14195
80,14229
145,14246
146,14247
215,14268
357,14431
487,14443
118,14464
314,14479
204,14485
191,14543
180,14552
437,14602
487,14674
217,14743
399,14755
366,14821
487,14887
488,14888
438,14962
117,14988
310,15080
217,15157
413,15158
496,15160
129,15186
130,15187
306,15269
321,15304
322,15305
180,15372
181,15373
446,15373
343,15426
181,15442
446,15442
315,15466
316,15482
377,15492
236,15543
448,15543
487,15568
488,15569
491,15580
489,15600
236,15698
448,15698
449,15699
180,15725
148,15773
149,15774
381,15776
74,15787
366,15806
304,15817
147,15854
148,15855
487,15988
488,15989
316,16060
283,16061
317,16061
410,16061
195,16062
285,16062
294,16064
213,16102
61,16106
145,16144
449,16162
115,16171
315,16182
325,16185
326,16186
327,16187
316,16239
413,16352
305,16401
306,16402
192,16429
195,16430
285,16430
414,16468
180,16480
92,16526
80,16590
190,16637
150,16638
191,16657
325,16660
128,16698
190,16765
192,16819
193,16820
194,16820
284,16820
318,16820
195,16821
285,16821
92,16895
343,17010
92,17048
408,17094
409,17095
118,17111
384,17155
380,17188
201,17260
487,17274
315,17399
312,17500
383,17513
384,17514
343,17589
148,17625
316,17749
311,17778
438,17785
316,17842
304,17861
315,17930
343,17939
365,17955
366,17956
316,18003
487,18075
360,18199
380,18267
204,18269
192,18311
195,18312
285,18312
294,18314
129,18330
130,18331
489,18469
315,18510
316,18511
148,18527
149,18528
183,18715
366,18771
294,18869
343,18886
144,18893
126,18916
487,18937
217,18947
413,18948
120,18958
214,18965
144,18983
399,19019
108,19022
92,19031
147,19040
497,19047
412,19129
269,19132
487,19171
488,19172
316,19189
196,19191
276,19191
286,19191
311,19218
312,19219
487,19279
488,19280
343,19335
144,19343
489,19347
486,19409
487,19410
81,19460
180,19513
314,19613
315,19614
469,19676
148,19715
487,19723
386,19745
358,19749
315,19816
316,19817
283,19818
317,19818
410,19818
195,19819
285,19819
294,19843
299,19893
150,19943
151,19944
118,19948
487,19987
488,19988
487,19999
383,20011
438,20106
283,20122
317,20122
410,20122
193,20123
194,20123
284,20123
318,20123
388,20156
487,20164
315,20202
316,20203
196,20211
276,20211
286,20211
197,20212
277,20212
196,20221
276,20221
286,20221
287,20222
439,20233
319,20245
411,20245
412,20260
217,20407
143,20521
191,20709
214,20722
215,20723
216,20724
281,20737
487,20749
488,20750
147,20765
148,20766
366,20773
449,20775
148,20880
149,20881
191,20882
315,20893
117,20979
92,20990
126,21037
212,21076
213,21077
214,21078
147,21089
148,21090
149,21091
191,21092
192,21093
80,21108
316,21144
148,21161
149,21162
343,21164
316,21181
414,21274
234,21289
486,21312
316,21346
283,21347
317,21347
410,21347
193,21348
194,21348
284,21348
318,21348
312,21363
74,21366
283,21418
317,21418
410,21418
195,21419
285,21419
449,21457
383,21491
366,21557
166,21632
311,21646
81,21702
117,21706
299,21737
235,21738
236,21739
448,21739
282,21788
449,21818
487,21821
191,21845
192,21846
319,21847
411,21847
283,21863
317,21863
410,21863
440,21864
441,21865
93,21877
201,21900
449,21968
148,21997
148,22006
487,22022
314,22028
315,22029
489,22051
490,22052
118,22075
380,22099
487,22109
192,22128
270,22169
271,22170
126,22187
310,22188
489,22189
92,22193
92,22235
294,22253
295,22254
385,22283
399,22318
399,22321
314,22324
122,22330
116,22367
316,22467
212,22486
388,22487
438,22527
426,22533
469,22575
315,22593
438,22621
215,22626
269,22651
311,22666
312,22667
438,22699
195,22767
285,22767
436,22802
437,22803
315,22835
384,22862
316,22865
271,22869
92,22893
192,22929
319,22930
411,22930
192,22955
319,22956
411,22956
118,22964
299,23049
235,23050
487,23086
488,23090
116,23185
117,23186
342,23218
325,23259
438,23412
439,23413
319,23414
411,23414
492,23445
81,23493
452,23514
92,23556
311,23593
304,23648
92,23655
387,23661
388,23662
215,23663
74,23669
126,23717
117,23794
118,23795
342,23800
437,23862
148,23884
197,23920
277,23920
315,23978
192,24000
319,24001
411,24001
126,24011
366,24064
148,24116
359,24244
360,24245
438,24296
148,24317
149,24318
74,24323
118,24351
281,24355
452,24522
190,24606
191,24607
315,24647
316,24648
122,24660
123,24661
452,24694
304,24707
383,24754
384,24755
381,24777
382,24778
377,24784
294,24836
215,24877
342,24988
217,24989
192,25005
193,25006
194,25006
284,25006
318,25006
193,25007
194,25007
284,25007
318,25007
315,25013
315,25043
360,25064
74,25082
196,25132
276,25132
286,25132
287,25133
257,25331
192,25357
81,25368
191,25404
151,25434
316,25443
315,25557
316,25735
408,25751
438,25780
439,25781
319,25782
411,25782
357,25796
118,25817
426,25854
399,25881
314,25899
315,25900
315,25941
92,25946
357,25962
180,25991
115,26011
116,26012
399,26077
487,26101
487,26182
385,26302
488,26311
395,26352
180,26356
342,26387
343,26388
397,26437
398,26438
399,26439
235,26514
93,26534
381,26552
366,26573
438,26642
120,26692
91,26693
85,26714
413,26739
414,26740
395,26749
316,26753
196,26755
276,26755
286,26755
204,26863
398,26871
399,26872
399,26899
215,26922
216,26923
487,26925
147,27013
315,27060
316,27061
92,27151
346,27230
316,27233
283,27234
317,27234
410,27234
319,27235
411,27235
197,27313
277,27313
216,27394
217,27395
269,27398
180,27432
195,27464
285,27464
380,27511
383,27558
384,27559
385,27560
315,27626
192,27662
212,27740
213,27741
214,27743
365,27861
366,27862
497,28028
204,28039
215,28045
127,28063
342,28064
441,28081
487,28119
310,28153
489,28154
490,28155
325,28163
315,28173
257,28206
190,28298
92,28320
117,28336
118,28337
119,28338
120,28339
438,28357
439,28358
380,28452
488,28554
216,28575
487,28590
488,28591
204,28611
130,28622
182,28653
183,28654
283,28676
317,28676
410,28676
193,28677
194,28677
284,28677
318,28677
358,28687
380,28776
204,28778
316,28798
130,28800
191,28853
117,28858
192,28878
382,28881
447,28905
413,28947
151,28962
357,28980
259,28996
191,29013
204,29029
147,29064
260,29113
192,29120
204,29138
380,29152
204,29154
292,29157
117,29195
116,29202
117,29203
319,29237
411,29237
314,29248
315,29249
413,29283
414,29284
489,29486
340,29670
192,29698
380,29710
192,29774
193,29775
194,29775
284,29775
318,29775
413,29811
192,29858
204,29948
413,29983
438,29999
180,30252
316,30318
283,30319
317,30319
410,30319
193,30320
194,30320
284,30320
318,30320
193,30321
194,30321
284,30321
318,30321
316,30342
91,30390
399,30407
92,30435
439,30440
319,30441
411,30441
383,30481
316,30492
236,30629
448,30629
413,30655
414,30656
386,30707
387,30708
213,30709
80,30720
81,30721
180,30725
129,30756
204,30758
310,30788
346,30906
316,30909
283,30910
317,30910
410,30910
193,30911
194,30911
284,30911
318,30911
193,30912
194,30912
284,30912
318,30912
380,30978
192,30982
447,31029
236,31030
448,31030
192,31045
180,31051
432,31082
151,31116
192,31165
193,31166
194,31166
284,31166
318,31166
319,31167
411,31167
299,31171
119,31180
359,31203
192,31330
193,31331
194,31331
284,31331
318,31331
195,31332
285,31332
196,31333
276,31333
286,31333
287,31334
379,31362
380,31363
315,31391
315,31402
201,31418
221,31579
310,31625
489,31626
216,31655
438,31663
439,31664
130,31666
349,31671
342,31696
118,31714
311,31731
312,31732
487,31790
92,31857
316,31861
61,31869
62,31870
388,31892
191,31900
486,31953
379,31956
380,31957
380,31990
346,31995
387,31998
213,31999
214,32000
151,32069
426,32089
366,32100
217,32110
283,32115
317,32115
410,32115
193,32116
194,32116
284,32116
318,32116
319,32117
411,32117
487,32147
204,32164
343,32227
147,32232
469,32278
151,32303
92,32348
380,32452
315,32478
365,32546
366,32547
302,32627
438,32648
487,32651
489,32664
342,32709
63,32720
213,32751
305,32801
486,32815
487,32816
488,32817
438,32908
380,32922
215,32984
151,32986
344,33036
340,33039
311,33041
312,33042
395,33049
145,33063
129,33121
217,33125
413,33126
148,33144
331,33194
129,33203
129,33232
116,33248
316,33346
102,33374
58,33392
93,33432
408,33479
359,33483
360,33484
361,33485
387,33490
85,33579
180,33667
122,33677
487,33788
128,33790
426,33927
310,33957
213,33971
214,33972
183,33982
259,34025
269,34042
191,34069
147,34078
148,34086
149,34087
214,34097
215,34098
192,34100
204,34103
487,34177
315,34188
316,34189
283,34190
317,34190
410,34190
193,34191
194,34191
284,34191
318,34191
319,34192
411,34192
316,34231
130,34233
191,34254
366,34269
386,34281
387,34282
213,34283
214,34284
215,34285
192,34287
319,34288
411,34288
487,34290
128,34292
129,34293
180,34298
192,34337
195,34338
285,34338
385,34360
445,34384
315,34457
316,34458
118,34574
315,34730
311,34807
312,34808
313,34809
314,34810
311,34845
237,34897
129,34972
316,35004
180,35013
325,35036
283,35082
317,35082
410,35082
193,35083
194,35083
284,35083
318,35083
148,35114
149,35115
92,35159
217,35171
346,35175
316,35178
115,35270
116,35271
117,35272
118,35273
316,35320
196,35322
276,35322
286,35322
204,35339
214,35425
215,35426
216,35427
487,35429
342,35431
343,35432
145,35499
299,35512
235,35513
360,35516
439,35590
319,35591
411,35591
316,35616
283,35617
317,35617
410,35617
319,35618
411,35618
486,35758
386,35771
387,35772
388,35773
215,35774
216,35775
343,35776
116,35784
117,35785
201,35810
371,35815
217,35837
383,35887
399,35931
445,35956
148,35963
74,35999
94,36059
95,36060
447,36104
323,36108
447,36161
236,36162
448,36162
449,36163
62,36179
192,36199
193,36200
194,36200
284,36200
318,36200
193,36201
194,36201
284,36201
318,36201
319,36202
411,36202
412,36203
413,36204
342,36212
294,36248
118,36281
119,36282
428,36284
96,36330
148,36407
149,36408
150,36409
150,36468
486,36496
190,36562
381,36564
143,36571
408,36585
316,36618
413,36645
212,36698
213,36699
214,36700
215,36701
92,36724
316,36749
380,36769
84,36807
74,36830
487,36888
488,36966
489,36967
489,37081
325,37092
343,37113
258,37119
380,37230
192,37253
192,37355
214,37416
215,37417
216,37418
439,37489
118,37551
357,37582
283,37590
317,37590
410,37590
193,37591
194,37591
284,37591
318,37591
413,37608
316,37683
213,37715
214,37717
215,37718
325,37727
270,37733
269,37748
148,37819
357,37821
371,37825
310,37868
487,37915
488,37916
148,37923
149,37924
310,38012
353,38025
486,38052
98,38063
213,38066
214,38068
215,38069
216,38070
408,38074
343,38093
315,38123
316,38124
412,38150
413,38151
316,38163
283,38164
317,38164
410,38164
193,38165
194,38165
284,38165
318,38165
319,38166
411,38166
487,38168
217,38189
413,38190
447,38217
310,38383
489,38384
283,38391
317,38391
410,38391
193,38392
194,38392
284,38392
318,38392
193,38393
194,38393
284,38393
318,38393
193,38394
194,38394
284,38394
318,38394
195,38395
285,38395
196,38396
276,38396
286,38396
197,38397
277,38397
148,38414
149,38415
342,38433
217,38434
413,38435
414,38436
487,38512
383,38598
148,38604
149,38605
204,38659
357,38699
145,39016
486,39035
217,39105
436,39140
437,39141
204,39241
486,39287
315,39318
487,39321
311,39389
312,39390
489,39503
311,39536
312,39537
271,39538
191,39544
342,39597
315,39612
487,39615
122,39623
123,39624
366,39647
342,39826
487,39828
488,39829
74,39846
353,39924
413,39961
234,40004
119,40006
311,40058
449,40103
204,40111
316,40206
488,40363
315,40419
316,40420
357,40432
413,40450
344,40545
366,40572
412,40578
346,40582
312,40606
181,40649
446,40649
311,40667
398,40669
399,40670
204,40780
436,40782
437,40783
438,40784
439,40785
74,40855
270,40878
117,40880
486,41183
358,41196
192,41292
319,41293
411,41293
488,41311
496,41376
399,41531
487,41572
488,41573
311,41574
294,41628
315,41634
294,41637
197,41667
277,41667
191,41742
80,41752
384,41763
383,41800
384,41801
148,41823
149,41824
294,41850
81,41894
487,41905
487,41927
92,41980
148,42034
331,42067
191,42069
180,42092
181,42093
446,42093
489,42103
343,42110
342,42296
217,42297
415,42327
488,42343
487,42351
345,42383
180,42427
181,42428
446,42428
197,42531
277,42531
311,42568
150,42637
151,42638
380,42677
204,42679
436,42681
315,42714
96,42733
487,42760
488,42819
311,42820
312,42821
271,42822
180,42839
181,42840
446,42840
74,43034
488,43042
216,43073
343,43074
311,43079
360,43116
212,43170
343,43178
148,43297
131,43411
489,43445
487,43497
150,43547
147,43777
148,43778
428,43845
371,43862
331,43872
180,43912
151,43922
146,43930
201,43996
148,44004
149,44005
129,44104
360,44156
491,44198
432,44199
143,44222
180,44305
181,44306
446,44306
182,44307
183,44308
358,44349
81,44430
180,44434
408,44449
486,44456
487,44457
311,44467
312,44468
271,44469
235,44513
469,44525
61,44690
62,44691
387,44779
388,44780
215,44781
365,44800
365,44815
366,44816
383,44885
116,44941
117,44942
118,44943
92,44980
344,45014
345,45015
311,45053
312,45054
380,45079
144,45114
145,45115
146,45116
386,45140
387,45141
213,45142
213,45174
346,45226
486,45248
487,45249
488,45250
311,45251
487,45322
488,45323
204,45337
380,45411
316,45440
128,45538
144,45577
438,45667
190,45706
366,45759
438,45786
445,45915
180,45994
92,46121
216,46134
408,46158
409,46159
316,46194
414,46208
196,46220
276,46220
286,46220
197,46221
277,46221
93,46279
436,46685
437,46686
486,46688
487,46689
214,46732
215,46733
216,46734
118,46751
181,46792
446,46792
294,46880
316,47133
118,47138
60,47148
469,47181
414,47327
408,47346
409,47347
283,47348
317,47348
410,47348
195,47349
285,47349
294,47351
213,47437
299,47534
235,47576
144,47582
399,47594
117,47597
129,47688
204,47690
384,47711
304,47759
215,47792
216,47793
487,47795
380,47816
204,47818
488,47825
489,47878
191,47918
489,48007
439,48050
319,48051
411,48051
487,48053
204,48093
191,48149
129,48150
148,48170
357,48172
366,48187
214,48231
447,48241
366,48263
148,48277
342,48304
147,48357
365,48369
366,48370
365,48547
366,48548
117,48561
118,48562
61,48595
62,48596
215,48608
380,48609
148,48619
192,48632
319,48633
411,48633
216,48699
357,48735
487,48767
128,48769
281,48775
445,48780
488,48796
74,48809
488,48936
311,48937
312,48973
387,48987
213,48988
214,48989
215,48990
488,49248
311,49249
312,49250
326,49278
146,49297
361,49311
315,49352
315,49379
487,49382
488,49383
306,49422
294,49454
299,49513
235,49514
118,49538
191,49551
383,49565
314,49609
315,49610
316,49611
283,49612
317,49612
410,49612
195,49613
285,49613
122,49632
357,49660
315,49718
319,49725
411,49725
321,49768
322,49769
150,49792
380,49825
180,49869
148,49907
149,49908
204,49911
406,49933
407,49934
408,49935
409,49936
283,49937
317,49937
410,49937
319,49938
411,49938
300,49959
399,50008
147,50021
486,50057
487,50058
147,50066
148,50067
149,50068
214,50125
215,50126
147,50133
148,50134
149,50135
106,50167
315,50231
408,50236
360,50384
217,50433
413,50434
488,50439
126,50452
197,50463
277,50463
192,50645
319,50646
411,50646
412,50647
413,50648
315,50687
92,50729
201,50837
487,50840
488,50841
84,50844
191,50886
414,50905
310,50999
281,51036
143,51049
304,51080
305,51081
180,51110
385,51128
386,51129
387,51130
388,51131
215,51132
216,51133
212,51194
388,51195
496,51236
216,51321
302,51408
294,51485
489,51568
343,51642
117,51682
92,51723
399,51886
447,51930
343,52031
398,52045
399,52046
438,52163
311,52184
312,52185
445,52193
271,52391
217,52427
413,52428
496,52434
489,52492
148,52552
343,52600
147,52626
294,52639
147,52644
148,52645
149,52646
191,52647
147,52788
343,52802
391,52840
366,52850
217,52871
197,52913
277,52913
311,52968
445,53005
380,53022
310,53039
144,53096
213,53102
214,53104
215,53105
221,53191
437,53195
486,53197
487,53198
488,53199
311,53200
181,53262
446,53262
447,53263
366,53312
399,53389
314,53392
315,53393
116,53452
118,53480
315,53515
82,53532
366,53567
489,53584
354,53587
191,53604
192,53605
193,53606
194,53606
284,53606
318,53606
195,53607
285,53607
315,53654
316,53655
283,53656
317,53656
410,53656
357,53661
381,53764
382,53765
383,53766
92,53790
366,53839
299,53849
389,53938
437,54147
486,54149
181,54157
446,54157
388,54214
215,54215
216,54216
409,54309
486,54335
148,54407
118,54425
116,54472
117,54473
316,54488
343,54512
180,54627
438,54658
377,54787
213,54855
214,54858
215,54859
316,54905
191,54956
180,54973
486,55018
487,55019
314,55045
315,55046
151,55106
287,55164
486,55189
106,55243
204,55341
150,55423
151,55424
385,55443
486,55465
487,55466
488,55467
94,55469
95,55470
488,55610
118,55619
388,55704
215,55705
216,55706
316,55737
491,55753
181,55789
446,55789
129,55793
399,55825
118,55871
74,55889
212,55968
384,55972
191,56055
148,56076
357,56078
358,56079
359,56080
97,56108
382,56109
257,56193
310,56258
119,56262
117,56281
92,56300
151,56316
386,56390
377,56401
399,56459
115,56465
116,56466
117,56467
399,56608
399,56620
314,56623
316,56640
283,56641
317,56641
410,56641
319,56642
411,56642
116,56682
487,56708
399,56722
399,56725
399,56740
399,56743
283,56759
317,56759
410,56759
193,56760
194,56760
284,56760
318,56760
195,56761
285,56761
214,56767
215,56768
366,56773
488,56821
488,56862
488,56871
311,56872
312,56873
117,56950
148,57063
149,57064
92,57078
143,57110
439,57295
193,57296
194,57296
284,57296
318,57296
319,57297
411,57297
487,57319
316,57331
121,57355
449,57457
321,57460
322,57461
259,57477
148,57481
149,57482
197,57485
277,57485
191,57503
197,57587
277,57587
314,57643
436,57752
437,57753
92,57761
342,57774
343,57775
316,57817
438,57864
316,57890
283,57891
317,57891
410,57891
216,57896
148,57938
443,57946
236,57969
448,57969
270,57972
366,58148
316,58175
447,58325
342,58411
316,58454
486,58470
487,58471
486,58518
487,58519
377,58560
449,58563
92,58611
196,58703
276,58703
286,58703
287,58704
191,58710
192,58711
122,58725
294,58744
294,58778
123,58890
343,58928
192,58946
193,58947
194,58947
284,58947
318,58947
195,58948
285,58948
438,58967
385,59064
386,59065
486,59227
342,59252
487,59326
320,59438
122,59494
315,59519
122,59557
437,59568
486,59570
343,59623
414,59660
126,59667
447,59709
151,59739
438,59782
