151,13
152,14
487,18
223,19
241,29
324,162
113,211
227,220
314,244
427,253
419,254
368,376
320,539
317,597
318,598
291,704
427,736
428,737
512,760
374,939
314,941
315,942
339,1008
222,1009
157,1029
420,1044
83,1111
241,1114
416,1134
512,1141
375,1158
242,1198
300,1240
301,1241
322,1316
144,1372
180,1400
202,1442
322,1592
323,1593
416,1628
427,1629
428,1630
259,1646
472,1675
34,1792
427,1799
419,1800
183,1840
184,1841
185,1842
185,1896
452,1919
363,1974
487,2067
223,2068
193,2087
512,2093
419,2158
420,2159
342,2171
314,2174
369,2214
312,2241
313,2242
419,2267
420,2268
157,2271
301,2348
148,2351
149,2352
419,2415
324,2417
415,2470
420,2473
344,2474
343,2522
480,2621
366,2622
418,2651
419,2652
336,2688
490,2739
421,2756
344,2772
511,2808
312,2853
225,2918
322,3059
322,3077
95,3083
227,3091
339,3102
222,3103
323,3117
322,3179
322,3191
512,3241
471,3244
83,3265
282,3266
363,3302
182,3331
344,3332
340,3399
149,3405
514,3428
112,3440
222,3558
223,3559
180,3584
320,3638
226,3708
227,3709
306,3711
485,3823
343,3842
344,3843
417,3848
492,3868
220,3872
319,3885
322,3886
343,3887
323,3912
427,3951
419,3952
34,3976
149,3996
428,4013
426,4099
417,4100
418,4102
419,4103
222,4122
488,4123
489,4124
490,4125
299,4179
221,4191
417,4204
419,4216
96,4250
486,4255
343,4280
469,4343
421,4358
375,4359
452,4367
420,4389
480,4412
149,4443
374,4500
300,4516
368,4562
226,4564
340,4588
180,4600
203,4628
312,4651
306,4677
18,4678
307,4678
83,4739
480,4756
270,4803
179,4805
420,4849
374,4851
489,4853
490,4854
324,4861
369,4911
322,4949
343,4950
471,4956
472,4957
473,4958
474,4959
95,5042
323,5103
222,5190
487,5194
299,5373
368,5399
222,5427
223,5428
489,5438
490,5439
420,5448
344,5498
315,5513
114,5542
115,5543
116,5544
247,5544
314,5552
417,5601
418,5602
419,5603
308,5639
297,5654
179,5845
426,5867
417,5868
418,5869
202,5871
344,5933
251,5956
417,5964
418,5965
202,5967
241,6013
512,6058
192,6093
419,6119
490,6156
512,6157
305,6164
306,6165
511,6171
417,6201
418,6202
419,6203
420,6204
149,6207
180,6282
315,6286
452,6303
376,6329
512,6337
221,6344
322,6386
510,6397
511,6398
420,6409
344,6410
340,6417
341,6418
342,6419
418,6436
428,6437
429,6438
241,6497
342,6524
343,6525
297,6714
421,6813
157,6828
511,6879
363,6882
149,6898
344,6916
241,6998
149,7176
513,7239
476,7476
227,7480
72,7498
344,7520
324,7526
180,7604
491,7627
299,7641
511,7717
512,7718
512,7735
322,7750
343,7751
344,7752
513,7754
291,7794
149,7845
219,7846
512,7891
363,7896
322,7910
343,7911
183,7912
490,8004
512,8005
227,8059
364,8079
344,8127
368,8149
369,8150
149,8202
324,8219
513,8264
496,8327
480,8572
511,8697
512,8698
491,8829
419,8840
420,8841
512,8877
226,8991
227,8992
181,9012
324,9014
298,9019
259,9071
181,9204
300,9265
301,9266
251,9289
315,9321
304,9403
305,9404
306,9405
322,9465
180,9566
95,9911
308,9936
343,9942
241,10012
306,10038
513,10052
297,10119
241,10200
486,10275
491,10324
241,10369
259,10431
339,10439
116,10470
247,10470
220,10556
221,10557
322,10583
306,10629
487,10699
223,10700
339,10754
297,10759
298,10760
316,10844
344,10858
300,10873
486,10895
487,10896
223,10897
322,10913
323,10914
222,10918
486,10952
421,10992
177,11014
178,11015
179,11016
180,11017
193,11027
487,11237
488,11238
489,11239
490,11240
227,11320
452,11354
300,11371
486,11495
487,11496
223,11497
374,11529
241,11661
339,11729
222,11730
474,11741
282,11773
113,11826
486,11898
363,11903
221,11976
340,11977
148,11978
420,12058
344,12059
339,12072
340,12073
148,12074
420,12204
344,12205
324,12214
112,12245
324,12270
218,12288
226,12406
472,12419
514,12423
512,12514
297,12519
184,12552
157,12600
300,12604
291,12689
419,12788
420,12789
374,12792
363,12861
149,12864
149,12884
298,12910
123,12924
182,12936
344,12937
374,12978
374,13037
316,13070
486,13196
313,13381
340,13388
397,13430
511,13435
223,13559
305,13561
306,13562
417,13608
418,13610
323,13619
122,13654
306,13718
323,13844
324,13845
180,13882
472,13915
300,13921
428,13936
297,14005
298,14006
299,14007
299,14033
192,14079
300,14083
311,14092
312,14093
486,14116
487,14117
223,14118
486,14180
193,14258
419,14268
420,14269
512,14442
149,14485
344,14544
512,14673
291,14688
193,14690
110,14703
420,14730
218,14796
259,14823
512,14886
306,14939
306,15107
184,15166
185,15167
343,15185
428,15265
340,15429
486,15466
487,15467
369,15559
180,15610
180,15651
351,15736
473,15858
180,15885
489,15904
490,15905
374,16062
512,16071
417,16102
18,16106
307,16106
283,16173
486,16182
180,16189
340,16200
452,16201
291,16265
324,16276
300,16281
496,16282
42,16299
115,16333
512,16398
374,16430
299,16583
480,16639
182,16698
344,16699
343,16715
344,16716
241,16760
193,16794
374,16821
490,16850
421,16868
297,16871
490,16898
180,17083
345,17097
363,17225
154,17260
324,17273
486,17399
487,17400
420,17723
421,17724
375,17725
355,17774
474,17812
475,17813
218,17856
219,17857
115,17863
221,17882
486,17930
375,18005
344,18017
324,18074
219,18138
220,18139
320,18191
369,18254
149,18269
420,18310
374,18312
420,18329
109,18389
110,18390
346,18412
472,18500
486,18510
345,18575
95,18604
96,18605
339,18619
316,18630
180,18643
511,18761
487,18785
223,18786
490,18935
512,18936
219,18941
220,18942
323,18946
418,18965
152,19012
280,19043
363,19077
322,19126
343,19127
344,19128
157,19129
512,19278
110,19479
222,19503
222,19509
511,19520
336,19569
291,19609
486,19614
428,19624
122,19651
339,19671
421,19678
512,19722
487,19789
486,19816
374,19819
487,19841
223,19842
474,19875
415,19882
472,19885
220,19951
221,19952
512,19986
512,19998
344,20021
342,20050
336,20088
251,20148
427,20156
512,20163
340,20187
486,20202
421,20210
157,20260
222,20274
320,20299
95,20335
322,20413
369,20548
324,20619
480,20632
179,20650
180,20651
344,20710
418,20722
419,20723
324,20725
490,20747
512,20748
486,20893
487,20894
306,20900
514,20916
415,21075
416,21076
417,21077
418,21078
428,21079
305,21154
306,21155
221,21260
513,21313
363,21398
374,21419
322,21445
323,21446
185,21453
339,21512
512,21796
179,21802
252,21805
320,21895
154,21900
54,21904
363,22016
342,22019
323,22020
324,22021
486,22029
511,22149
512,22150
513,22151
490,22200
42,22231
301,22237
298,22310
299,22311
83,22322
84,22323
306,22335
300,22339
42,22409
324,22457
416,22486
427,22487
472,22489
144,22518
252,22552
486,22593
419,22626
420,22627
183,22628
374,22767
489,22769
490,22770
148,22795
486,22835
375,22867
322,22953
343,22954
220,22967
221,22968
180,23034
241,23074
291,23105
193,23107
306,23124
96,23304
97,23305
54,23417
140,23448
469,23477
339,23538
427,23662
419,23663
421,23732
375,23733
222,23766
259,23776
180,23841
192,23859
486,23978
284,23993
285,23994
345,24002
322,24014
490,24084
512,24085
340,24160
297,24198
298,24199
241,24330
341,24395
291,24398
324,24406
241,24414
242,24415
511,24537
291,24557
183,24608
184,24609
340,24613
486,24647
340,24688
420,24692
252,24760
193,24780
363,24810
322,24833
419,24877
420,24878
344,24950
180,24986
181,24987
283,25001
486,25013
486,25043
397,25077
420,25102
344,25103
341,25169
342,25170
306,25208
109,25276
420,25356
183,25405
340,25419
452,25420
184,25445
367,25524
485,25556
486,25557
452,25559
453,25560
472,25589
344,25613
110,25683
111,25684
95,25719
110,25831
111,25832
83,25882
486,25900
487,25901
488,25902
489,25903
490,25904
179,25920
486,25941
487,25942
512,26100
480,26112
180,26130
222,26229
487,26267
193,26349
112,26372
259,26374
144,26529
322,26550
148,26783
512,26788
306,26798
149,26863
219,26864
193,26915
419,26922
324,26924
473,27004
420,27017
183,27018
486,27060
491,27107
492,27108
180,27140
143,27149
259,27165
339,27195
485,27218
251,27248
480,27360
511,27377
344,27453
374,27464
297,27467
486,27626
322,27660
343,27661
416,27740
417,27741
418,27743
428,27744
193,27775
316,27784
340,27866
179,27919
226,27972
179,28001
83,28014
300,28023
149,28039
419,28045
512,28118
180,28148
486,28173
487,28174
223,28175
224,28219
95,28319
340,28369
143,28485
351,28499
322,28533
310,28579
311,28580
511,28581
324,28589
149,28611
219,28612
220,28613
300,28639
220,28673
221,28674
149,28778
340,28788
420,28792
453,28801
421,28854
375,28855
489,28913
490,28914
183,29014
149,29029
150,29030
420,29119
149,29138
149,29154
72,29161
83,29211
344,29216
84,29247
486,29249
487,29271
339,29366
340,29367
148,29368
322,29392
340,29401
480,29431
222,29616
193,29627
421,29741
422,29742
324,29752
342,29792
259,29802
95,29818
280,29849
149,29948
305,30063
192,30147
193,30148
420,30177
421,30178
375,30179
344,30195
180,30276
322,30348
343,30349
344,30350
96,30391
227,30400
241,30471
239,30511
241,30537
322,30551
314,30554
143,30582
322,30586
480,30588
220,30593
221,30594
340,30595
452,30596
453,30597
417,30709
95,30733
149,30758
219,30759
480,30875
342,30980
343,30981
420,31044
283,31112
376,31249
312,31267
313,31268
420,31329
374,31332
324,31340
324,31359
313,31368
251,31388
486,31391
486,31402
148,31404
154,31418
491,31420
492,31421
221,31467
421,31491
324,31588
512,31688
344,31788
227,31809
301,31859
345,31863
306,31868
18,31869
307,31869
426,31891
427,31892
324,31967
417,31999
418,32000
428,32001
183,32022
324,32063
148,32163
149,32164
226,32257
227,32258
340,32271
342,32301
226,32381
486,32478
259,32631
180,32707
181,32708
417,32751
490,32762
510,32796
511,32797
512,32798
144,32823
323,32835
324,32836
252,32839
491,32886
342,32924
343,32925
344,32926
419,32984
305,32997
306,32998
489,33051
343,33120
342,33123
323,33124
219,33309
342,33340
322,33357
343,33358
421,33359
375,33360
420,33379
344,33380
259,33422
180,33441
420,33504
421,33505
222,33551
227,33572
83,33687
322,33722
306,33770
182,33790
344,33791
30,33831
241,33965
417,33971
418,33972
428,33973
143,34017
144,34018
344,34070
418,34097
419,34098
420,34099
149,34103
150,34104
282,34105
283,34106
314,34132
72,34147
336,34150
324,34176
486,34188
453,34234
421,34255
417,34283
418,34284
419,34285
420,34286
182,34292
313,34304
224,34305
305,34317
343,34336
374,34338
143,34378
486,34457
220,34715
221,34716
486,34730
490,34758
472,34821
252,34852
179,34854
72,34929
420,34971
342,34974
323,34975
324,34976
319,35055
320,35056
219,35078
220,35079
221,35080
478,35094
95,35158
344,35238
472,35299
340,35337
148,35338
149,35339
109,35415
110,35416
340,35421
418,35425
419,35426
324,35428
351,35449
480,35495
144,35583
340,35742
427,35773
419,35774
154,35810
316,35831
291,35898
83,35932
151,35933
298,36027
487,36096
219,36174
420,36198
157,36203
181,36211
344,36350
339,36377
480,36410
344,36428
480,36469
300,36475
241,36530
317,36561
242,36639
299,36678
416,36698
417,36699
418,36700
419,36701
342,36771
323,36772
324,36773
314,36806
315,36807
96,36857
184,36914
375,36929
340,37006
148,37007
270,37036
340,37116
341,37117
344,37129
291,37218
193,37220
319,37352
322,37353
343,37354
491,37370
418,37416
419,37417
322,37431
323,37432
324,37433
144,37467
322,37478
343,37479
183,37480
148,37527
282,37701
283,37702
417,37715
418,37717
419,37718
239,37784
375,37843
305,37871
83,37902
221,38060
340,38061
417,38066
418,38068
419,38069
219,38101
486,38123
420,38148
344,38149
157,38150
420,38325
344,38326
345,38327
374,38395
324,38511
239,38521
344,38585
291,38597
149,38659
219,38660
71,38681
345,38712
30,38772
180,38904
422,38960
476,39017
322,39064
323,39065
149,39241
185,39295
486,39318
340,39346
425,39394
116,39405
247,39405
218,39459
320,39488
222,39520
476,39523
183,39545
184,39546
185,39547
181,39596
485,39611
486,39612
227,39635
219,39700
513,39723
514,39724
227,39800
324,39827
511,39867
491,39868
340,39905
452,39906
453,39907
252,39949
251,39963
227,40076
149,40111
71,40237
306,40252
344,40280
486,40419
426,40472
179,40521
336,40569
157,40578
227,40730
421,40738
322,40777
149,40780
220,40923
179,40947
340,41110
339,41144
222,41145
179,41159
298,41264
420,41291
492,41295
300,41312
511,41330
313,41342
314,41382
226,41386
487,41401
191,41406
363,41449
280,41528
489,41540
490,41541
512,41571
115,41621
486,41634
487,41635
223,41636
221,41682
314,41686
487,41692
344,41743
291,41799
351,41873
344,41903
324,41926
95,41974
96,41975
421,42070
375,42071
490,42126
355,42137
340,42301
259,42336
324,42350
259,42371
221,42436
469,42510
341,42665
342,42666
343,42667
421,42668
149,42679
351,42689
352,42690
486,42714
487,42715
223,42716
270,42720
54,42721
512,42759
428,42780
221,42790
487,42806
487,42853
512,42881
314,42971
179,42980
95,43151
416,43170
491,43227
369,43263
179,43401
340,43409
452,43410
345,43531
480,43548
481,43549
482,43550
313,43583
314,43584
344,43626
369,43632
370,43633
429,43722
140,43736
113,43839
342,43876
192,43903
511,43953
511,43959
154,43996
512,43998
343,44088
421,44089
224,44091
420,44103
368,44210
226,44212
178,44314
480,44408
313,44412
314,44413
308,44423
241,44570
143,44593
16,44622
17,44623
340,44649
452,44650
306,44689
18,44690
307,44690
96,44741
427,44780
419,44781
113,44904
368,44930
226,44932
301,44982
179,45030
180,45031
420,45043
344,45044
116,45072
247,45072
117,45073
115,45083
344,45107
417,45142
306,45166
417,45174
116,45255
247,45255
225,45326
148,45336
149,45337
487,45394
180,45469
487,45476
223,45477
182,45538
344,45539
180,45617
85,45704
96,45726
511,45878
491,45879
492,45880
340,45892
179,45906
344,45983
83,46046
420,46060
344,46061
345,46062
306,46078
363,46096
324,46135
192,46147
193,46148
184,46161
185,46162
421,46219
306,46234
369,46242
370,46243
227,46354
219,46361
220,46362
221,46363
179,46388
113,46397
487,46479
488,46480
180,46656
418,46732
419,46733
324,46735
474,47102
117,47143
180,47252
89,47284
300,47314
374,47349
512,47391
239,47416
417,47437
89,47557
113,47577
291,47590
83,47595
426,47668
363,47682
420,47687
149,47690
340,47701
452,47702
144,47732
419,47792
324,47794
149,47818
150,47819
420,47842
344,47843
180,47876
219,47914
344,47919
491,47979
96,48017
95,48022
320,48025
487,48045
270,48056
54,48057
149,48093
344,48116
511,48120
223,48128
324,48158
221,48208
418,48231
428,48232
193,48295
180,48302
181,48303
324,48305
513,48306
344,48314
148,48332
324,48388
109,48447
110,48448
219,48519
220,48520
225,48524
226,48525
240,48536
241,48537
115,48581
18,48595
307,48595
419,48608
342,48611
343,48631
370,48658
42,48738
324,48766
182,48769
183,48770
324,48784
341,48834
342,48835
323,48836
324,48837
325,48838
180,48845
476,48879
95,48981
417,48988
418,48989
419,48990
420,48991
363,49079
420,49090
296,49122
297,49123
491,49283
115,49336
116,49337
247,49337
486,49352
234,49377
486,49379
42,49390
219,49402
226,49473
180,49494
179,49521
180,49522
344,49552
363,49578
83,49607
84,49608
486,49610
374,49613
486,49718
306,49758
489,49765
490,49766
480,49793
180,49805
221,49814
345,49817
149,49911
225,49918
351,49943
415,49988
83,50009
420,50025
344,50080
418,50125
419,50126
314,50138
480,50177
370,50181
234,50229
486,50231
422,50263
308,50378
306,50391
300,50440
363,50460
428,50485
298,50492
184,50597
282,50628
283,50629
157,50647
486,50687
482,50797
154,50837
512,50839
315,50844
344,50887
345,50888
224,51064
427,51131
419,51132
428,51178
415,51193
416,51194
427,51195
241,51228
113,51462
421,51483
179,51527
511,51559
340,51634
96,51710
300,51829
319,51981
320,51982
321,51983
320,51984
321,51985
322,51986
343,51987
344,51988
42,52042
319,52075
320,52076
180,52173
180,52182
472,52238
473,52239
179,52325
322,52381
323,52382
324,52383
340,52603
363,52636
183,52648
319,52756
320,52757
203,52840
340,52897
148,52898
180,53000
417,53102
418,53104
419,53105
480,53107
366,53108
225,53129
222,53165
223,53166
312,53330
313,53331
83,53390
84,53391
486,53393
486,53515
487,53516
488,53517
336,53564
374,53607
314,53609
486,53654
480,53684
192,53707
512,53733
226,53760
185,53799
336,53873
239,53884
112,53998
113,53999
224,54182
225,54183
427,54214
419,54215
324,54217
123,54409
512,54504
369,54524
487,54562
488,54563
428,54612
95,54721
226,54729
227,54730
252,54783
417,54855
418,54858
419,54859
420,54860
344,54861
489,54883
490,54884
512,54885
369,54941
421,54957
375,54958
487,54978
241,55013
83,55043
84,55044
486,55046
420,55063
344,55064
324,55070
487,55098
223,55099
300,55260
355,55318
148,55340
149,55341
180,55362
344,55457
222,55632
453,55689
427,55704
419,55705
344,55730
420,55792
83,55826
368,55849
369,55850
220,55874
415,55967
416,55968
115,55987
344,56056
512,56089
363,56106
324,56154
482,56227
280,56392
300,56485
219,56586
83,56621
84,56622
322,56631
480,56633
512,56707
374,56761
418,56767
419,56768
113,56829
114,56830
115,56831
185,56850
300,56863
452,56965
324,57066
324,57094
322,57100
241,57200
281,57212
469,57239
319,57315
322,57316
323,57317
324,57318
298,57389
283,57428
344,57504
487,57539
488,57540
344,57581
116,57629
247,57629
96,57665
113,57700
183,57710
185,57771
375,57819
421,57884
296,57905
297,57906
319,57940
511,58154
319,58187
480,58305
343,58348
344,58349
513,58351
485,58358
219,58389
181,58410
113,58674
114,58675
115,58676
322,58741
425,58773
284,58819
285,58820
340,58903
322,58926
323,58927
374,58948
148,58960
324,58989
143,59054
322,59172
241,59279
115,59293
512,59325
193,59372
344,59437
486,59519
311,59546
511,59547
491,59548
148,59563
341,59620
342,59621
323,59622
112,59698
113,59710
472,59753
342,59785
