374,13
519,14
43,39
481,48
460,84
66,243
444,253
445,254
479,271
265,303
531,367
525,371
480,411
324,450
535,456
118,510
476,511
165,516
166,517
464,517
167,518
388,519
389,538
534,637
308,648
123,649
165,664
327,667
450,694
444,736
385,768
69,796
122,796
523,796
70,797
524,797
460,833
64,855
121,855
168,855
522,855
65,856
264,907
531,936
71,939
72,972
73,973
259,1029
222,1037
525,1066
215,1070
263,1070
373,1111
104,1129
105,1130
105,1135
332,1190
169,1285
460,1292
308,1301
390,1316
60,1337
385,1340
94,1364
264,1371
525,1391
239,1400
388,1416
330,1417
67,1460
531,1481
119,1501
531,1580
388,1590
389,1591
390,1592
444,1629
403,1646
404,1647
120,1652
433,1672
194,1765
120,1769
64,1770
121,1770
168,1770
522,1770
344,1795
444,1799
445,1800
531,1876
119,1888
165,2046
67,2069
226,2123
227,2124
167,2148
388,2149
388,2154
445,2158
66,2173
531,2199
525,2201
310,2202
393,2202
194,2203
94,2212
480,2229
481,2230
310,2235
393,2235
445,2267
70,2269
524,2269
525,2270
259,2271
531,2277
525,2280
65,2370
47,2405
465,2407
445,2415
377,2430
378,2431
309,2474
392,2474
310,2475
393,2475
532,2494
533,2495
525,2510
119,2514
391,2522
70,2523
524,2523
127,2553
271,2564
475,2580
119,2581
120,2582
64,2583
121,2583
168,2583
522,2583
166,2596
464,2596
167,2597
354,2634
445,2652
413,2750
309,2772
392,2772
330,2778
331,2779
388,2790
433,2800
308,2825
70,2826
524,2826
525,2827
167,2846
388,2847
525,2861
332,2867
118,2880
119,2881
460,2884
60,2928
148,2939
278,3046
433,3052
390,3059
465,3066
390,3077
388,3084
330,3085
292,3124
148,3174
433,3175
390,3179
447,3181
390,3191
475,3222
119,3223
120,3224
413,3240
373,3265
120,3278
64,3279
121,3279
168,3279
522,3279
325,3307
370,3328
309,3332
392,3332
165,3349
329,3389
221,3443
525,3468
167,3515
64,3516
121,3516
168,3516
522,3516
67,3560
166,3566
464,3566
410,3580
239,3584
118,3609
119,3610
118,3624
119,3625
66,3634
67,3635
389,3637
529,3655
530,3656
226,3665
529,3747
332,3838
391,3842
309,3843
392,3843
167,3857
307,3865
390,3886
391,3887
70,3888
524,3888
167,3926
444,3951
445,3952
118,3966
119,3967
120,3968
388,3969
454,4021
120,4073
445,4103
70,4138
524,4138
525,4140
398,4155
165,4158
445,4216
385,4246
63,4249
95,4249
521,4249
391,4280
70,4281
524,4281
507,4319
508,4320
308,4349
308,4357
70,4390
524,4390
525,4391
446,4411
260,4422
222,4460
529,4480
530,4481
70,4498
524,4498
71,4500
165,4506
507,4532
508,4533
332,4586
239,4600
327,4710
165,4723
166,4724
464,4724
59,4731
373,4739
421,4740
148,4752
431,4766
120,4800
70,4850
524,4850
71,4851
68,4905
390,4949
391,4950
70,4951
524,4951
525,4952
270,4992
221,5020
265,5047
324,5050
119,5146
120,5147
64,5148
121,5148
168,5148
522,5148
69,5149
122,5149
523,5149
123,5150
64,5157
121,5157
168,5157
522,5157
65,5158
238,5169
475,5281
119,5282
167,5323
64,5324
121,5324
168,5324
522,5324
68,5376
222,5405
67,5429
358,5459
359,5460
59,5461
60,5462
307,5496
308,5497
309,5498
392,5498
475,5562
476,5563
445,5603
479,5618
480,5619
525,5662
221,5683
59,5724
60,5725
480,5727
481,5728
293,5753
418,5805
60,5817
396,5850
237,5879
238,5880
359,5900
59,5901
60,5902
260,5910
309,5933
392,5933
310,5934
393,5934
194,5935
409,5948
261,5955
262,5956
534,5987
433,6030
434,6031
165,6097
445,6119
125,6122
445,6203
123,6205
194,6213
118,6240
119,6241
239,6282
534,6321
310,6347
393,6347
378,6351
379,6352
531,6363
525,6365
389,6385
390,6386
148,6405
433,6406
309,6410
392,6410
64,6447
121,6447
168,6447
522,6447
465,6473
466,6474
394,6517
391,6525
493,6533
193,6596
450,6663
357,6705
381,6705
120,6710
165,6729
259,6828
529,6871
530,6872
64,6914
121,6914
168,6914
522,6914
69,6915
122,6915
523,6915
309,6916
392,6916
377,7031
388,7073
479,7121
377,7154
165,7230
328,7294
222,7314
222,7394
165,7401
357,7447
381,7447
118,7458
119,7459
481,7461
324,7483
481,7486
118,7495
399,7505
534,7512
309,7520
392,7520
310,7521
393,7521
525,7581
239,7604
416,7608
310,7612
393,7612
413,7626
358,7666
221,7699
327,7743
328,7744
390,7750
391,7751
309,7752
392,7752
433,7801
271,7837
477,7867
370,7873
118,7878
389,7909
390,7910
391,7911
475,7970
119,7999
120,8000
69,8013
122,8013
523,8013
165,8097
308,8126
309,8127
392,8127
450,8137
120,8216
64,8217
121,8217
168,8217
522,8217
358,8254
165,8266
357,8298
381,8298
480,8331
369,8355
370,8356
65,8366
66,8367
307,8375
74,8387
307,8464
118,8517
476,8518
67,8546
193,8553
194,8554
166,8568
464,8568
167,8569
64,8570
121,8570
168,8570
522,8570
266,8775
221,8778
478,8812
445,8840
70,8842
524,8842
525,8843
138,8891
167,8936
475,8947
136,9034
403,9071
379,9098
389,9169
480,9225
481,9226
260,9287
261,9288
262,9289
398,9316
59,9338
60,9339
410,9384
225,9387
460,9418
390,9465
330,9478
165,9492
239,9566
59,9586
60,9587
480,9589
466,9590
165,9648
388,9786
148,9939
391,9942
123,9943
293,10010
331,10065
217,10074
167,10088
64,10089
121,10089
168,10089
522,10089
69,10090
122,10090
523,10090
148,10188
352,10208
241,10243
411,10286
193,10300
357,10320
381,10320
230,10371
476,10392
74,10393
293,10427
403,10431
72,10442
241,10447
119,10492
310,10547
393,10547
293,10551
222,10553
390,10583
66,10585
535,10618
410,10638
479,10744
480,10745
460,10747
352,10763
118,10788
72,10824
308,10857
309,10858
392,10858
310,10859
393,10859
67,10898
390,10913
454,10958
239,11017
240,11018
312,11045
376,11046
225,11080
226,11081
371,11114
165,11233
165,11258
166,11259
464,11259
165,11268
118,11307
476,11308
70,11379
524,11379
525,11381
475,11478
454,11480
59,11481
165,11502
531,11528
71,11529
118,11547
119,11548
120,11549
64,11550
121,11550
168,11550
522,11550
476,11555
477,11556
478,11557
450,11617
454,11637
377,11673
454,11697
529,11755
194,11790
119,11800
120,11801
479,11813
480,11814
66,11823
237,11943
238,11944
309,12059
392,12059
279,12196
356,12196
357,12197
381,12197
167,12199
388,12200
309,12205
392,12205
64,12212
121,12212
168,12212
522,12212
413,12240
418,12281
278,12316
70,12324
524,12324
279,12332
356,12332
357,12333
381,12333
357,12377
381,12377
113,12437
267,12462
138,12469
413,12513
59,12528
60,12529
466,12545
193,12582
194,12583
259,12600
260,12601
394,12675
480,12720
481,12721
74,12766
271,12778
445,12788
70,12790
524,12790
71,12792
475,12812
119,12813
479,12896
480,12897
481,12898
309,12937
392,12937
71,12978
71,13037
119,13152
221,13202
119,13238
140,13323
324,13324
481,13327
357,13393
381,13393
165,13405
166,13406
464,13406
465,13407
330,13423
136,13431
329,13507
378,13617
433,13683
47,13710
264,13715
265,13716
332,13752
418,13754
238,13802
134,13822
442,13863
239,13882
413,13892
442,13912
376,13941
67,13972
413,14015
120,14041
467,14046
468,14047
416,14055
450,14115
67,14119
119,14133
481,14135
370,14168
269,14169
270,14170
118,14204
445,14268
118,14330
119,14331
332,14347
222,14464
378,14481
119,14493
134,14511
324,14515
325,14516
326,14517
149,14529
308,14543
309,14544
392,14544
310,14545
393,14545
60,14549
480,14551
398,14705
529,14712
119,14739
120,14740
64,14741
121,14741
168,14741
522,14741
403,14823
413,14828
165,14852
166,14853
464,14853
167,14854
64,14855
121,14855
168,14855
522,14855
230,14908
148,14972
149,14973
226,14998
278,15000
399,15034
332,15060
221,15136
418,15141
260,15158
261,15159
431,15162
391,15185
123,15186
416,15202
166,15226
464,15226
310,15329
393,15329
119,15370
460,15373
415,15398
138,15403
460,15442
449,15464
450,15465
221,15541
271,15607
239,15610
239,15651
330,15662
331,15663
332,15664
413,15716
119,15723
232,15753
194,15785
118,15831
119,15832
239,15885
385,15927
385,16035
531,16061
71,16062
466,16084
397,16129
118,16132
476,16133
377,16135
119,16149
232,16174
239,16189
327,16228
328,16229
476,16236
476,16309
260,16352
376,16389
413,16397
70,16429
524,16429
71,16430
370,16441
371,16442
118,16523
119,16524
120,16525
118,16538
433,16614
534,16640
308,16657
309,16699
392,16699
332,16711
391,16715
309,16716
392,16716
310,16717
393,16717
394,16718
257,16732
167,16738
80,16755
354,16764
165,16782
166,16783
464,16783
70,16819
524,16819
71,16821
293,16864
69,16867
122,16867
523,16867
140,16877
324,16878
118,16892
119,16893
120,16894
414,16899
310,16976
393,16976
348,17023
357,17045
381,17045
167,17047
376,17072
239,17083
221,17110
222,17111
475,17171
310,17228
393,17228
477,17319
165,17342
166,17343
464,17343
64,17383
121,17383
168,17383
522,17383
119,17388
92,17426
477,17463
529,17472
226,17517
388,17533
310,17573
393,17573
194,17574
529,17661
530,17662
119,17667
328,17691
475,17828
534,17885
535,17886
134,17904
309,18017
392,18017
331,18042
379,18142
118,18152
332,18219
193,18222
167,18295
388,18296
221,18307
70,18311
524,18311
71,18312
123,18330
475,18335
119,18336
120,18337
119,18378
165,18386
376,18436
450,18509
332,18571
357,18607
381,18607
239,18643
119,18655
119,18712
370,18726
394,18822
165,18846
166,18847
464,18847
465,18848
413,18851
370,18915
331,18919
260,18948
519,19012
520,19013
408,19014
120,19030
223,19096
479,19099
390,19126
391,19127
309,19128
392,19128
259,19129
459,19175
72,19191
413,19277
413,19382
394,19384
67,19474
480,19557
481,19558
118,19640
476,19641
67,19675
68,19676
69,19677
122,19677
523,19677
237,19711
344,19713
279,19717
356,19717
357,19718
381,19718
310,19738
393,19738
194,19739
388,19781
531,19818
71,19819
411,19848
345,19880
265,19893
447,19944
448,19945
222,19948
466,19962
149,20009
309,20021
392,20021
66,20052
67,20053
416,20119
531,20122
261,20147
262,20148
444,20156
357,20159
381,20159
119,20169
264,20173
72,20211
72,20221
525,20245
310,20246
393,20246
194,20247
259,20260
415,20261
113,20312
64,20405
121,20405
168,20405
522,20405
390,20413
119,20496
60,20510
193,20647
239,20651
344,20698
308,20709
309,20710
392,20710
445,20723
193,20739
221,20807
467,20835
468,20836
308,20882
65,20927
167,20989
465,20996
370,21036
118,21068
344,21072
345,21073
308,21092
70,21093
524,21093
481,21114
410,21223
165,21315
394,21334
395,21335
531,21347
314,21407
531,21418
71,21419
476,21429
442,21441
390,21445
230,21616
508,21700
146,21729
265,21737
266,21738
118,21741
454,21743
59,21744
60,21745
308,21845
70,21846
524,21846
525,21847
310,21848
393,21848
531,21863
389,21894
480,21911
118,21933
169,21952
279,22008
356,22008
357,22009
381,22009
330,22047
388,22062
330,22063
331,22064
222,22075
241,22111
232,22125
70,22128
524,22128
529,22141
165,22153
370,22186
94,22191
63,22192
95,22192
521,22192
120,22234
60,22281
373,22322
409,22330
410,22331
232,22448
444,22487
310,22515
393,22515
311,22516
481,22562
68,22575
445,22626
414,22648
476,22694
71,22767
310,22776
393,22776
113,22779
376,22792
73,22810
328,22846
357,22890
381,22890
167,22892
70,22929
524,22929
525,22930
310,22931
393,22931
390,22953
391,22954
70,22955
524,22955
525,22956
222,22964
119,23005
120,23006
388,23007
389,23008
454,23022
239,23034
265,23049
266,23050
119,23065
293,23072
388,23103
223,23254
450,23376
119,23401
525,23414
310,23415
393,23415
324,23442
120,23555
65,23562
165,23575
166,23576
464,23576
477,23636
444,23662
445,23663
370,23716
403,23776
222,23795
239,23841
475,23871
119,23872
120,23873
231,23992
70,24000
524,24000
525,24001
390,24014
329,24051
466,24109
223,24127
475,24188
476,24189
74,24190
65,24195
164,24210
165,24211
166,24212
464,24212
65,24228
416,24284
237,24292
194,24321
221,24350
222,24351
357,24516
381,24516
167,24518
64,24519
121,24519
168,24519
522,24519
69,24520
122,24520
523,24520
194,24535
394,24547
395,24548
396,24549
328,24550
329,24551
308,24607
409,24660
306,24671
307,24672
105,24772
390,24833
66,24835
445,24877
413,24936
476,24940
309,24950
392,24950
310,24951
393,24951
271,24961
239,24986
415,24990
416,24991
417,24992
432,24992
232,25002
70,25005
524,25005
529,25027
530,25028
136,25078
309,25103
392,25103
310,25104
393,25104
194,25105
530,25130
72,25132
332,25139
165,25282
166,25283
464,25283
232,25290
70,25357
524,25357
394,25365
226,25401
308,25404
416,25417
64,25432
121,25432
168,25432
522,25432
447,25434
169,25466
480,25525
309,25613
392,25613
324,25633
223,25686
224,25687
525,25782
454,25803
222,25817
481,25857
373,25882
454,25894
59,25895
120,25945
118,25988
119,25989
358,26002
359,26003
59,26004
293,26023
65,26045
119,26061
120,26062
118,26069
193,26093
194,26094
148,26108
534,26113
215,26118
263,26118
239,26130
64,26147
121,26147
168,26147
522,26147
165,26324
403,26374
404,26375
370,26485
266,26514
120,26547
388,26548
389,26549
390,26550
125,26553
442,26559
443,26560
240,26624
241,26625
242,26626
476,26686
260,26739
72,26755
73,26756
480,26778
481,26779
74,26808
445,26922
118,26968
476,26969
396,27036
328,27037
65,27082
47,27118
239,27140
403,27165
404,27166
480,27177
531,27234
525,27235
261,27247
262,27248
226,27252
278,27254
94,27314
416,27351
534,27361
414,27378
226,27390
480,27431
309,27453
392,27453
118,27458
71,27464
242,27575
390,27660
391,27661
70,27662
524,27662
191,27670
480,27694
143,27721
144,27722
481,27783
388,27847
530,27943
165,27985
373,28014
421,28015
422,28016
423,28017
369,28027
445,28045
423,28089
352,28122
239,28148
67,28176
222,28337
230,28349
532,28359
533,28360
311,28505
312,28506
376,28507
389,28532
390,28533
65,28547
332,28570
433,28572
311,28583
418,28615
531,28676
330,28686
307,28697
394,28700
395,28701
328,28735
533,28794
308,28853
388,28865
70,28878
524,28878
124,28880
332,28943
260,28947
221,28953
446,28961
447,28962
308,29013
420,29030
421,29031
422,29032
70,29120
524,29120
240,29185
241,29186
242,29187
373,29211
69,29215
122,29215
523,29215
309,29216
392,29216
525,29237
165,29258
260,29283
390,29392
446,29430
534,29432
169,29463
329,29537
330,29538
332,29614
70,29698
524,29698
377,29706
69,29740
122,29740
523,29740
70,29774
524,29774
403,29802
260,29811
218,29833
70,29858
524,29858
306,29895
307,29896
260,29983
118,30106
73,30125
480,30159
481,30160
165,30170
327,30173
309,30195
392,30195
418,30199
419,30200
479,30250
480,30251
377,30271
239,30276
357,30279
381,30279
167,30281
64,30282
121,30282
168,30282
522,30282
531,30319
390,30348
391,30349
309,30350
392,30350
475,30432
119,30433
120,30434
525,30441
193,30534
520,30547
63,30548
95,30548
521,30548
388,30549
389,30550
390,30551
66,30553
388,30584
389,30585
390,30586
534,30589
242,30619
221,30627
260,30655
450,30681
118,30717
64,30754
121,30754
168,30754
522,30754
69,30755
122,30755
523,30755
123,30756
169,30780
223,30800
293,30822
534,30876
531,30910
167,30938
64,30939
121,30939
168,30939
522,30939
169,30940
388,30948
413,30966
391,30981
70,30982
524,30982
118,31032
70,31045
524,31045
465,31050
47,31079
65,31085
232,31113
447,31116
448,31117
70,31165
524,31165
525,31167
310,31168
393,31168
311,31169
265,31171
408,31183
67,31194
65,31247
67,31269
416,31310
479,31319
70,31330
524,31330
71,31332
72,31333
118,31354
119,31355
120,31356
64,31357
121,31357
168,31357
522,31357
67,31369
330,31371
370,31386
262,31388
450,31401
166,31459
464,31459
167,31460
64,31461
121,31461
168,31461
522,31461
399,31483
69,31490
122,31490
523,31490
271,31562
534,31599
352,31647
221,31713
222,31714
309,31788
392,31788
328,31801
165,31821
119,31828
120,31829
64,31830
121,31830
168,31830
522,31830
65,31831
465,31876
413,31879
444,31892
308,31900
377,31917
307,31965
379,32035
380,32036
64,32061
121,32061
168,32061
522,32061
447,32069
415,32111
416,32112
531,32115
525,32117
388,32129
68,32278
65,32279
73,32281
477,32282
447,32303
475,32326
119,32327
119,32378
105,32392
450,32477
352,32492
124,32529
271,32575
148,32579
534,32597
475,32603
119,32604
403,32631
404,32632
165,32671
239,32707
377,32785
378,32833
378,32845
379,32846
395,32851
396,32852
327,32864
328,32865
413,32885
391,32925
309,32926
392,32926
119,32930
148,32980
433,32981
445,32984
446,32985
447,32986
418,33012
134,33068
227,33079
358,33099
378,33118
391,33120
123,33121
260,33126
119,33158
123,33203
232,33229
123,33232
124,33233
377,33332
390,33357
391,33358
169,33365
309,33380
392,33380
403,33422
404,33423
239,33441
105,33491
370,33514
269,33515
270,33516
370,33521
376,33540
534,33544
330,33547
331,33548
332,33549
480,33577
481,33578
169,33672
409,33677
373,33687
481,33711
433,33718
390,33722
66,33724
357,33760
381,33760
167,33762
64,33763
121,33763
168,33763
522,33763
65,33764
309,33791
392,33791
271,33808
375,33823
376,33824
232,33870
466,33886
467,33887
321,33914
165,33978
166,33979
464,33979
308,34069
309,34070
392,34070
418,34074
419,34075
445,34098
70,34100
524,34100
420,34104
232,34107
66,34131
459,34133
475,34144
450,34187
531,34190
525,34192
165,34199
64,34215
121,34215
168,34215
522,34215
69,34216
122,34216
523,34216
308,34254
445,34285
70,34287
524,34287
525,34288
123,34293
391,34336
70,34337
524,34337
71,34338
357,34369
381,34369
389,34387
380,34389
388,34445
526,34460
221,34573
222,34574
46,34653
120,34681
64,34682
121,34682
168,34682
522,34682
413,34687
64,34702
121,34702
168,34702
522,34702
330,34797
331,34798
332,34799
193,34802
118,34835
292,34868
293,34869
118,34883
119,34884
118,34926
467,34942
123,34972
533,35006
465,35012
480,35028
531,35082
341,35102
415,35172
120,35211
64,35212
121,35212
168,35212
522,35212
64,35236
121,35236
168,35236
522,35236
69,35237
122,35237
523,35237
309,35238
392,35238
241,35262
242,35263
222,35273
433,35296
72,35322
415,35334
416,35335
480,35370
64,35395
121,35395
168,35395
522,35395
445,35426
64,35437
121,35437
168,35437
522,35437
169,35438
166,35466
464,35466
446,35494
265,35512
266,35513
230,35586
525,35591
465,35597
466,35598
467,35599
468,35600
469,35601
531,35617
525,35618
113,35626
66,35653
332,35692
526,35696
74,35770
444,35773
445,35774
481,35830
480,35889
373,35932
374,35933
307,35985
73,35988
167,36002
64,36003
121,36003
168,36003
522,36003
92,36021
418,36051
398,36069
333,36083
481,36093
226,36100
70,36199
524,36199
525,36202
259,36203
260,36204
222,36281
406,36284
309,36350
392,36350
534,36411
165,36422
309,36428
392,36428
307,36467
191,36486
398,36502
410,36512
194,36548
377,36575
310,36620
393,36620
194,36621
260,36645
149,36651
445,36701
165,36721
166,36722
464,36722
167,36723
66,36805
416,36862
417,36863
432,36863
149,36864
332,37043
418,37055
94,37083
63,37084
95,37084
521,37084
69,37128
122,37128
523,37128
309,37129
392,37129
310,37130
393,37130
70,37253
524,37253
119,37273
166,37277
464,37277
144,37340
390,37353
391,37354
70,37355
524,37355
445,37417
167,37428
388,37429
389,37430
390,37431
264,37466
148,37473
433,37474
390,37478
391,37479
221,37550
222,37551
531,37590
260,37608
310,37685
393,37685
232,37703
445,37718
331,37822
344,37833
415,37838
416,37839
373,37902
476,37944
377,37946
120,38020
104,38065
445,38069
357,38088
381,38088
167,38090
64,38091
121,38091
168,38091
522,38091
419,38100
278,38104
309,38149
392,38149
259,38150
260,38151
531,38164
525,38166
260,38190
534,38263
475,38286
309,38326
392,38326
314,38380
531,38391
71,38395
72,38396
260,38435
241,38463
242,38464
136,38534
69,38584
122,38584
523,38584
309,38585
392,38585
530,38620
119,38630
466,38672
216,38680
134,38689
112,38807
357,38815
381,38815
167,38817
64,38818
121,38818
168,38818
522,38818
418,38875
535,38894
239,38904
221,38927
257,38958
138,38967
167,38998
64,38999
121,38999
168,38999
522,38999
65,39000
388,39062
389,39063
390,39064
415,39106
416,39107
417,39108
432,39108
73,39144
332,39198
450,39317
475,39340
476,39341
389,39487
421,39499
422,39539
308,39544
241,39550
409,39623
327,39768
328,39769
329,39770
306,39817
333,39888
334,39889
335,39890
193,39928
394,39929
395,39930
396,39931
328,39932
260,39961
261,39962
262,39963
118,40039
119,40096
475,40127
119,40128
376,40204
194,40224
216,40236
221,40250
118,40266
69,40279
122,40279
523,40279
309,40280
392,40280
476,40340
260,40450
459,40480
357,40539
381,40539
259,40578
415,40579
169,40633
460,40649
64,40736
121,40736
168,40736
522,40736
69,40737
122,40737
523,40737
293,40765
390,40777
118,40823
119,40824
120,40825
388,40826
112,40865
358,40940
120,41029
221,41187
378,41230
70,41292
524,41292
525,41293
194,41328
388,41337
459,41383
65,41538
118,41550
127,41560
63,41663
95,41663
521,41663
64,41664
121,41664
168,41664
522,41664
65,41665
94,41668
63,41669
95,41669
521,41669
459,41687
308,41742
309,41743
392,41743
324,41814
66,41849
309,41903
392,41903
64,41924
121,41924
168,41924
522,41924
413,41959
357,41977
381,41977
167,41979
64,41998
121,41998
168,41998
522,41998
308,42069
460,42093
534,42115
120,42157
388,42158
396,42211
328,42212
241,42223
415,42298
416,42299
348,42333
403,42336
113,42356
403,42371
460,42428
327,42487
328,42488
118,42514
119,42515
120,42516
64,42517
121,42517
168,42517
522,42517
65,42518
64,42528
121,42528
168,42528
522,42528
65,42529
94,42532
65,42562
447,42638
391,42667
67,42670
221,42686
292,42705
293,42706
67,42717
147,42724
241,42762
242,42763
477,42773
476,42803
460,42840
221,42885
66,42970
466,42986
144,42989
241,43029
293,43057
433,43070
388,43152
105,43171
64,43176
121,43176
168,43176
522,43176
476,43195
74,43196
193,43251
397,43276
138,43328
167,43381
64,43382
121,43382
168,43382
522,43382
271,43404
65,43538
459,43585
69,43625
122,43625
523,43625
309,43626
392,43626
119,43630
119,43676
234,43710
332,43717
433,43719
330,43786
535,43837
406,43845
118,43916
119,43917
446,43921
447,43922
194,43951
311,43961
418,44039
431,44063
237,44070
238,44071
378,44086
391,44088
123,44104
398,44146
118,44189
476,44190
410,44202
465,44304
460,44306
388,44381
118,44478
476,44479
377,44481
266,44513
66,44523
67,44524
68,44525
69,44526
122,44526
523,44526
118,44562
119,44563
466,44565
357,44743
381,44743
225,44772
444,44780
445,44781
385,44832
413,44880
222,44943
332,44952
333,44953
165,44957
166,44958
464,44958
120,44979
193,44985
239,45031
309,45044
392,45044
450,45086
309,45107
392,45107
193,45120
293,45124
120,45155
292,45207
533,45213
534,45214
535,45215
237,45243
419,45261
133,45278
481,45391
239,45469
240,45470
67,45478
311,45490
309,45539
392,45539
134,45568
239,45617
232,45622
238,45680
225,45694
354,45705
120,45725
310,45788
393,45788
431,45890
418,45978
69,45982
122,45982
523,45982
309,45983
392,45983
413,46018
373,46046
421,46047
309,46061
392,46061
194,46106
195,46107
118,46118
119,46119
120,46120
72,46220
481,46248
216,46453
465,46475
481,46476
271,46559
475,46611
119,46612
239,46656
445,46733
167,46745
64,46746
121,46746
168,46746
522,46746
222,46751
292,46772
293,46773
480,46779
481,46780
460,46792
66,46903
232,46946
343,47001
118,47018
119,47019
310,47135
393,47135
222,47138
475,47151
67,47180
68,47181
241,47196
167,47208
119,47240
239,47252
118,47274
119,47275
118,47303
127,47323
476,47341
531,47348
71,47349
118,47396
120,47401
64,47402
121,47402
168,47402
522,47402
65,47403
227,47513
265,47534
324,47537
92,47542
169,47571
266,47576
373,47595
529,47607
123,47688
475,47726
119,47727
264,47731
445,47792
128,47804
420,47819
309,47843
392,47843
481,47852
120,47868
388,47869
239,47876
357,47902
381,47902
308,47918
309,47919
392,47919
377,47957
118,48014
119,48015
120,48016
388,48023
389,48024
525,48051
65,48064
309,48116
392,48116
310,48117
393,48117
194,48118
167,48136
64,48137
121,48137
168,48137
522,48137
307,48148
308,48149
123,48150
331,48173
293,48219
433,48228
267,48273
239,48302
309,48314
392,48314
113,48512
222,48562
369,48584
445,48608
66,48613
391,48631
70,48632
524,48632
525,48633
348,48679
344,48719
345,48720
306,48726
307,48727
120,48741
64,48742
121,48742
168,48742
522,48742
65,48743
419,48759
193,48777
459,48799
467,48802
239,48845
445,48990
118,49020
529,49068
230,49127
165,49152
166,49153
464,49153
480,49173
481,49174
357,49208
381,49208
421,49215
166,49243
464,49243
167,49244
310,49349
393,49349
120,49368
330,49387
307,49414
164,49425
165,49426
166,49427
464,49427
167,49428
64,49429
121,49429
168,49429
522,49429
47,49463
239,49494
240,49495
215,49511
263,49511
264,49512
265,49513
266,49514
239,49522
357,49525
381,49525
167,49527
292,49535
293,49536
222,49538
308,49551
309,49552
392,49552
310,49553
393,49553
415,49560
416,49561
417,49562
432,49562
149,49563
327,49568
328,49569
329,49570
330,49571
331,49572
332,49573
373,49607
531,49612
71,49613
394,49621
395,49622
396,49623
397,49624
398,49625
409,49632
410,49633
165,49674
166,49675
464,49675
465,49676
358,49687
359,49688
59,49689
60,49690
480,49692
257,49723
525,49725
535,49756
166,49784
464,49784
167,49785
534,49794
239,49805
357,49808
381,49808
358,49809
165,49866
166,49867
464,49867
465,49868
480,49894
466,49895
531,49937
525,49938
373,50009
533,50027
221,50073
309,50080
392,50080
445,50126
66,50137
459,50139
331,50160
446,50176
534,50178
332,50240
332,50285
333,50286
332,50349
333,50350
334,50351
335,50352
418,50354
118,50364
215,50412
263,50412
167,50430
64,50431
121,50431
168,50431
522,50431
260,50434
369,50450
370,50451
327,50466
469,50524
334,50538
335,50539
279,50603
356,50603
357,50604
381,50604
232,50630
70,50645
524,50645
525,50646
259,50647
260,50648
92,50726
120,50728
292,50756
267,50790
292,50858
293,50859
308,50886
309,50887
392,50887
307,50895
165,50907
166,50908
464,50908
465,50909
466,50910
65,51086
479,51108
480,51109
444,51131
445,51132
377,51146
119,51166
331,51180
444,51195
261,51235
370,51237
140,51288
324,51289
165,51300
398,51307
221,51311
165,51364
113,51371
118,51413
119,51414
69,51482
122,51482
523,51482
67,51511
165,51521
166,51522
464,51522
194,51557
388,51625
63,51709
95,51709
521,51709
120,51722
357,51735
381,51735
370,51750
56,51867
119,51945
390,51986
391,51987
309,51988
392,51988
221,52012
239,52173
239,52182
418,52229
421,52244
165,52263
166,52264
464,52264
465,52265
193,52322
390,52381
260,52428
261,52433
370,52435
269,52436
530,52452
310,52454
393,52454
481,52615
308,52647
415,52770
416,52771
417,52772
432,52772
418,52773
167,52799
64,52800
121,52800
168,52800
522,52800
333,52833
332,52895
291,52915
466,52980
239,53000
119,53073
120,53074
165,53079
166,53080
464,53080
465,53081
445,53105
446,53106
370,53145
333,53219
310,53231
393,53231
416,53252
460,53262
191,53352
373,53390
169,53467
222,53480
165,53544
308,53604
70,53605
524,53605
71,53607
459,53610
531,53656
532,53657
331,53662
64,53682
121,53682
168,53682
522,53682
534,53685
193,53756
165,53782
166,53783
464,53783
310,53825
393,53825
264,53848
265,53849
481,53916
278,53968
293,54051
65,54105
66,54106
67,54107
119,54140
460,54157
66,54181
146,54195
194,54203
444,54214
445,54215
218,54224
119,54266
118,54325
476,54326
396,54383
328,54384
418,54389
419,54390
222,54425
466,54451
534,54456
65,54459
66,54460
119,54493
469,54529
481,54559
465,54626
475,54760
119,54761
140,54789
324,54790
118,54809
119,54810
475,54819
476,54820
445,54859
309,54861
392,54861
47,54917
308,54956
165,54970
166,54971
464,54971
465,54972
373,55043
309,55064
392,55064
127,55074
67,55100
446,55105
447,55106
113,55147
535,55150
118,55176
118,55229
165,55335
238,55361
239,55362
241,55375
242,55376
447,55424
530,55435
309,55457
392,55457
507,55488
127,55530
128,55531
63,55547
95,55547
521,55547
64,55548
121,55548
168,55548
522,55548
165,55557
119,55573
222,55619
444,55704
445,55705
221,55714
309,55730
392,55730
221,55765
460,55789
123,55793
376,55808
373,55826
222,55871
379,55877
324,55942
105,55969
418,56018
308,56055
309,56056
392,56056
414,56120
167,56151
64,56152
121,56152
168,56152
522,56152
377,56178
324,56284
120,56299
223,56304
224,56305
447,56316
448,56317
475,56373
119,56374
419,56456
167,56511
388,56512
388,56530
330,56531
331,56532
332,56533
333,56534
165,56538
166,56539
464,56539
373,56621
167,56628
388,56629
389,56630
390,56631
534,56634
531,56641
525,56642
357,56703
381,56703
531,56759
71,56761
445,56768
112,56803
63,56858
95,56858
521,56858
271,56916
59,56934
328,57049
120,57077
64,57092
121,57092
168,57092
522,57092
389,57099
390,57100
369,57122
398,57150
113,57164
334,57228
335,57229
475,57279
119,57280
142,57284
525,57297
390,57316
241,57321
418,57352
64,57399
121,57399
168,57399
522,57399
65,57400
232,57429
310,57464
393,57464
308,57503
309,57504
392,57504
241,57525
241,57561
167,57578
64,57579
121,57579
168,57579
522,57579
69,57580
122,57580
523,57580
309,57581
392,57581
94,57588
241,57594
520,57599
119,57693
69,57709
122,57709
523,57709
120,57760
267,57765
531,57891
194,57898
271,57909
535,57916
388,57976
193,58013
64,58040
121,58040
168,58040
522,58040
533,58091
306,58099
307,58100
271,58241
476,58248
74,58249
226,58287
446,58304
378,58346
391,58348
309,58349
392,58349
2,58568
377,58584
332,58630
65,58637
149,58659
166,58682
464,58682
167,58683
388,58684
330,58685
72,58703
308,58710
70,58711
524,58711
409,58725
410,58726
411,58727
390,58741
66,58743
241,58767
66,58777
328,58784
241,58824
221,58870
193,58877
311,58878
293,58911
390,58926
70,58946
524,58946
71,58948
65,59027
66,59028
390,59172
216,59203
257,59336
167,59349
64,59350
121,59350
168,59350
522,59350
69,59436
122,59436
523,59436
309,59437
392,59437
357,59491
381,59491
409,59494
448,59516
449,59517
450,59518
408,59556
409,59557
410,59558
410,59596
418,59626
357,59631
381,59631
165,59662
166,59663
464,59663
352,59670
65,59703
446,59738
447,59739
357,59762
381,59762
166,59767
464,59767
