187,12
402,12
196,18
153,109
154,123
356,222
357,223
399,243
400,244
484,260
104,264
350,367
205,368
206,368
351,368
495,368
496,368
497,368
205,369
206,369
351,369
495,369
496,369
497,369
205,370
206,370
351,370
495,370
496,370
497,370
207,371
432,404
363,458
152,524
304,561
296,629
221,643
203,648
493,648
152,654
362,657
98,661
425,761
204,797
494,797
205,798
206,798
351,798
495,798
496,798
497,798
293,834
363,835
383,839
398,856
350,936
205,937
206,937
351,937
495,937
496,937
497,937
205,938
206,938
351,938
495,938
496,938
497,938
352,939
353,940
400,941
467,1001
208,1029
187,1056
402,1056
102,1061
103,1062
104,1063
205,1065
206,1065
351,1065
495,1065
496,1065
497,1065
207,1066
424,1067
96,1096
97,1097
98,1098
331,1137
425,1142
424,1226
305,1240
194,1241
195,1242
203,1301
493,1301
85,1363
152,1383
207,1391
99,1424
100,1425
296,1451
353,1459
350,1481
350,1580
186,1608
432,1715
145,1818
146,1819
344,1858
350,1876
328,2029
219,2053
196,2067
120,2087
491,2167
492,2168
467,2169
399,2173
400,2174
66,2175
350,2199
205,2200
206,2200
351,2200
495,2200
496,2200
497,2200
207,2201
85,2211
118,2219
204,2269
494,2269
207,2270
208,2271
350,2277
205,2278
206,2278
351,2278
495,2278
496,2278
497,2278
205,2279
206,2279
351,2279
495,2279
496,2279
497,2279
207,2280
331,2301
194,2348
195,2349
267,2369
398,2370
85,2372
195,2379
365,2441
205,2489
206,2489
351,2489
495,2489
496,2489
497,2489
205,2490
206,2490
351,2490
495,2490
496,2490
497,2490
205,2491
206,2491
351,2491
495,2491
496,2491
497,2491
205,2492
206,2492
351,2492
495,2492
496,2492
497,2492
205,2493
206,2493
351,2493
495,2493
496,2493
497,2493
104,2508
207,2510
204,2523
494,2523
376,2565
426,2574
268,2584
116,2604
202,2635
160,2637
425,2680
304,2681
100,2691
430,2739
424,2773
431,2797
203,2825
493,2825
204,2826
494,2826
207,2827
104,2859
207,2861
293,2885
431,2986
151,2993
152,2994
266,3007
432,3044
428,3061
153,3109
84,3121
334,3124
118,3169
376,3171
377,3172
378,3173
425,3209
287,3216
292,3236
293,3237
295,3259
188,3266
118,3286
440,3293
289,3303
116,3312
158,3330
424,3333
425,3334
510,3348
220,3369
507,3377
221,3436
104,3463
205,3465
206,3465
351,3465
495,3465
496,3465
497,3465
205,3466
206,3466
351,3466
495,3466
496,3466
497,3466
205,3467
206,3467
351,3467
495,3467
496,3467
497,3467
207,3468
84,3526
399,3634
330,3647
349,3656
241,3669
356,3680
152,3714
432,3845
204,3888
494,3888
187,3920
402,3920
160,3954
331,3961
479,3988
263,4034
197,4123
429,4124
430,4125
204,4138
494,4138
205,4139
206,4139
351,4139
495,4139
496,4139
497,4139
207,4140
204,4281
494,4281
203,4349
493,4349
466,4356
203,4357
493,4357
240,4388
204,4390
494,4390
207,4391
294,4461
349,4481
353,4483
204,4498
494,4498
205,4499
206,4499
351,4499
495,4499
496,4499
497,4499
352,4500
353,4501
305,4516
116,4537
269,4643
370,4668
383,4700
100,4719
378,4751
204,4850
494,4850
352,4851
429,4853
430,4854
425,4901
304,4902
328,4945
204,4951
494,4951
207,4952
424,4953
398,5158
195,5193
196,5194
314,5259
268,5377
269,5378
447,5404
221,5416
429,5438
430,5439
100,5453
86,5481
333,5490
203,5497
493,5497
303,5509
304,5510
353,5551
400,5552
267,5611
104,5660
207,5662
426,5736
427,5737
125,5998
118,6092
119,6093
467,6105
430,6156
355,6164
313,6167
294,6252
152,6283
350,6363
205,6364
206,6364
351,6364
495,6364
496,6364
497,6364
207,6365
424,6411
425,6412
267,6468
67,6475
220,6504
378,6538
219,6547
151,6569
467,6585
424,6606
295,6718
151,6792
208,6828
467,6860
349,6872
424,6874
441,6908
110,6979
86,7029
376,7099
424,7238
294,7315
304,7341
363,7395
424,7407
289,7442
110,7499
111,7500
220,7506
266,7523
267,7524
101,7576
102,7577
103,7578
104,7579
207,7581
467,7587
269,7588
240,7671
122,7685
425,7736
424,7753
376,7838
377,7839
467,7843
314,7872
425,7892
499,7913
122,7942
123,7943
330,7949
331,7950
118,7960
376,7962
430,8004
425,8006
304,8007
153,8008
221,8047
203,8126
493,8126
424,8128
118,8165
117,8172
118,8173
267,8192
510,8265
264,8334
153,8344
398,8366
399,8367
431,8394
151,8426
467,8465
294,8496
295,8497
353,8545
499,8676
313,8693
425,8699
304,8700
366,8775
304,8784
331,8809
204,8842
494,8842
207,8843
145,8858
146,8859
330,8994
331,8995
314,9141
424,9183
425,9184
304,9185
151,9203
427,9205
160,9233
104,9237
304,9264
305,9265
194,9266
195,9267
85,9335
118,9367
376,9369
355,9404
152,9408
293,9419
294,9420
123,9482
510,9647
269,9791
101,9874
102,9875
103,9876
100,9894
424,10051
431,10135
103,10230
154,10350
294,10554
399,10585
152,10632
103,10692
196,10699
104,10822
203,10857
493,10857
305,10873
196,10896
85,10920
431,10974
432,10975
120,11027
330,11202
331,11203
196,11237
197,11238
429,11239
430,11240
425,11369
304,11370
305,11371
204,11379
494,11379
205,11380
206,11380
351,11380
495,11380
496,11380
497,11380
207,11381
424,11382
101,11434
161,11444
162,11445
196,11496
363,11523
350,11528
352,11529
198,11531
280,11570
221,11581
100,11597
101,11598
342,11647
84,11695
187,11772
402,11772
188,11773
362,11805
399,11823
354,11824
267,11849
499,11906
291,11979
291,12075
492,12144
467,12145
293,12218
294,12219
295,12220
124,12276
161,12278
162,12279
204,12324
494,12324
367,12462
425,12515
304,12516
205,12550
206,12550
351,12550
495,12550
496,12550
497,12550
498,12551
157,12593
208,12600
305,12604
86,12624
87,12625
277,12650
220,12684
458,12704
122,12707
110,12738
458,12750
376,12779
204,12790
494,12790
205,12791
206,12791
351,12791
495,12791
496,12791
497,12791
352,12792
103,12838
289,12862
290,12863
479,12880
425,12934
426,12935
352,12978
153,12984
479,13017
221,13027
104,13035
352,13037
331,13096
152,13167
153,13168
266,13176
292,13180
363,13484
354,13560
355,13561
431,13839
425,13846
300,13856
301,13857
152,13920
305,13921
202,14026
66,14045
263,14052
425,14059
119,14079
305,14083
110,14105
111,14106
196,14117
120,14258
479,14406
425,14443
294,14465
491,14541
492,14542
203,14543
493,14543
458,14612
425,14674
120,14690
491,14724
492,14725
467,14726
485,14743
101,14775
100,14821
431,14829
295,14840
425,14887
304,14888
101,14901
103,14961
104,14962
220,15035
467,15088
238,15105
152,15110
249,15130
485,15157
315,15161
330,15375
331,15376
266,15423
267,15424
293,15443
196,15467
425,15568
304,15569
376,15608
151,15759
467,15775
100,15806
429,15904
430,15905
425,15988
304,15989
350,16061
352,16062
353,16063
189,16173
428,16177
431,16223
305,16281
204,16429
494,16429
352,16430
362,16529
220,16535
221,16551
202,16637
203,16657
493,16657
202,16765
120,16794
204,16819
494,16819
205,16820
206,16820
351,16820
495,16820
496,16820
497,16820
352,16821
428,16839
430,16850
267,16866
430,16898
153,16952
118,16993
267,17008
152,17084
153,17085
330,17153
331,17154
240,17187
425,17274
426,17275
427,17276
377,17322
378,17323
431,17352
219,17364
196,17400
397,17546
268,17547
432,17590
349,17662
440,17693
104,17785
99,17955
100,17956
80,18011
424,18018
293,18022
425,18075
240,18309
204,18311
494,18311
352,18312
353,18313
294,18358
220,18422
153,18518
431,18666
314,18725
100,18771
101,18772
102,18773
103,18774
196,18785
376,18790
294,18842
432,18887
266,18931
430,18935
425,18937
485,18947
364,18958
118,18972
315,18998
431,19068
331,19113
208,19129
442,19131
122,19155
425,19171
304,19172
425,19279
304,19280
362,19283
116,19319
432,19336
289,19401
425,19410
267,19417
110,19567
479,19592
431,19662
353,19674
425,19723
431,19731
196,19789
350,19818
352,19819
196,19841
356,19895
294,19949
425,19987
304,19988
153,19989
425,19999
220,20030
399,20052
101,20103
102,20104
103,20105
104,20106
350,20122
205,20123
206,20123
351,20123
495,20123
496,20123
497,20123
440,20145
425,20164
378,20185
85,20212
498,20234
207,20245
208,20260
154,20288
187,20309
402,20309
491,20391
485,20407
220,20530
221,20531
428,20573
361,20666
362,20667
267,20674
203,20709
493,20709
314,20716
187,20733
402,20733
430,20747
425,20749
304,20750
100,20773
301,20820
101,20844
203,20882
493,20882
196,20894
398,20927
515,20929
516,20930
267,20947
451,20982
294,21014
203,21092
493,21092
204,21093
494,21093
355,21154
124,21188
344,21192
293,21226
103,21310
510,21314
350,21347
205,21348
206,21348
351,21348
495,21348
496,21348
497,21348
350,21418
352,21419
285,21509
151,21526
100,21557
266,21597
267,21687
366,21738
479,21770
425,21821
203,21845
493,21845
204,21846
494,21846
207,21847
221,21858
350,21863
285,22002
289,22017
425,22022
151,22040
152,22041
424,22108
425,22109
204,22128
494,22128
510,22152
314,22185
430,22200
194,22237
195,22238
403,22323
152,22338
305,22339
330,22347
331,22348
118,22369
314,22385
90,22508
104,22527
110,22555
104,22621
442,22650
104,22699
424,22701
352,22767
429,22769
430,22770
431,22771
266,22778
78,22841
204,22929
494,22929
207,22930
204,22955
494,22955
207,22956
424,22957
294,22965
366,23050
377,23080
378,23081
424,23085
425,23086
304,23090
153,23091
120,23107
118,23120
330,23182
328,23252
104,23412
207,23414
398,23562
293,23618
294,23619
294,23796
434,23827
119,23859
371,23879
85,23920
116,23934
440,23937
204,24000
494,24000
207,24001
428,24033
100,24064
430,24084
447,24171
398,24195
398,24228
104,24296
467,24311
277,24431
289,24598
202,24606
203,24607
493,24607
161,24610
162,24611
295,24617
424,24650
467,24776
120,24780
289,24811
450,24815
399,24835
151,24907
151,24926
152,24927
376,24984
485,24989
189,25001
204,25005
494,25005
205,25006
206,25006
351,25006
495,25006
496,25006
497,25006
205,25007
206,25007
351,25007
495,25007
496,25007
497,25007
349,25028
499,25030
101,25075
348,25129
349,25130
347,25159
348,25160
328,25206
431,25327
151,25340
204,25357
494,25357
498,25358
203,25404
493,25404
195,25442
187,25462
402,25462
267,25465
479,25499
433,25593
293,25596
294,25597
267,25691
268,25692
344,25710
220,25756
219,25758
220,25759
104,25780
207,25782
294,25818
196,25901
197,25902
429,25903
430,25904
431,25905
432,25906
151,25927
196,25942
266,26043
267,26044
398,26045
221,26088
425,26101
378,26107
86,26176
425,26182
431,26226
267,26257
268,26258
196,26267
304,26311
120,26349
427,26435
296,26474
366,26514
100,26573
151,26623
377,26631
104,26642
364,26692
195,26752
118,26878
122,26902
120,26915
425,26925
397,26938
268,26939
398,27082
428,27083
293,27124
294,27125
376,27138
220,27163
350,27234
207,27235
424,27236
85,27313
467,27334
440,27349
102,27369
103,27370
485,27395
442,27397
424,27454
352,27464
153,27473
467,27485
240,27510
291,27513
431,27540
292,27595
204,27662
494,27662
103,27748
120,27775
99,27861
100,27862
348,27942
349,27943
305,28023
296,28041
158,28063
431,28112
425,28119
196,28174
153,28186
353,28218
202,28298
363,28338
364,28339
365,28340
104,28357
431,28366
219,28409
220,28410
191,28450
440,28488
398,28547
304,28554
425,28590
304,28591
305,28639
292,28652
294,28671
350,28676
205,28677
206,28677
351,28677
495,28677
496,28677
497,28677
191,28757
492,28852
203,28853
493,28853
204,28878
494,28878
424,28896
434,28909
429,28913
430,28914
330,28955
331,28956
240,28960
151,28973
285,28987
285,28990
203,29013
493,29013
499,29015
467,29037
204,29120
494,29120
84,29158
110,29162
111,29163
267,29214
424,29217
207,29237
187,29246
402,29246
403,29247
510,29257
196,29271
145,29274
160,29296
160,29311
116,29361
431,29398
103,29425
431,29506
120,29627
121,29628
204,29698
494,29698
267,29729
268,29730
397,29750
204,29774
494,29774
205,29775
206,29775
351,29775
495,29775
496,29775
497,29775
289,29790
77,29839
204,29858
494,29858
467,29946
301,29994
104,29999
292,30016
361,30062
355,30063
118,30146
119,30147
120,30148
240,30176
350,30319
205,30320
206,30320
351,30320
495,30320
496,30320
497,30320
205,30321
206,30321
351,30321
495,30321
496,30321
497,30321
498,30322
499,30323
207,30441
344,30488
431,30519
432,30520
399,30553
400,30554
186,30591
331,30712
350,30910
205,30911
206,30911
351,30911
495,30911
496,30911
497,30911
205,30912
206,30912
351,30912
495,30912
496,30912
497,30912
146,30930
431,30967
432,30968
184,30974
240,30977
204,30982
494,30982
291,31019
240,31043
204,31045
494,31045
398,31085
189,31112
204,31165
494,31165
205,31166
206,31166
351,31166
495,31166
496,31166
497,31166
207,31167
363,31180
398,31247
151,31255
152,31256
240,31328
204,31330
494,31330
205,31331
206,31331
351,31331
495,31331
496,31331
497,31331
352,31332
262,31365
446,31455
220,31484
458,31610
440,31642
104,31663
152,31730
440,31736
424,31789
425,31790
294,31811
398,31831
194,31859
195,31860
203,31900
493,31900
440,32027
100,32100
221,32101
485,32110
350,32115
205,32116
206,32116
351,32116
495,32116
496,32116
497,32116
207,32117
425,32147
195,32161
266,32224
267,32225
266,32241
294,32260
398,32279
354,32369
362,32370
154,32385
467,32396
240,32451
99,32546
100,32547
376,32576
377,32577
378,32578
104,32648
424,32650
425,32651
268,32730
221,32746
430,32762
431,32763
425,32816
304,32817
262,32883
151,32889
153,32900
145,32902
104,32908
424,32910
240,32921
353,32995
354,32996
355,32997
371,33020
429,33051
485,33125
157,33132
467,33196
118,33250
294,33281
267,33364
240,33378
397,33446
268,33447
515,33507
330,33574
331,33575
267,33690
399,33724
118,33735
266,33757
398,33764
424,33787
425,33788
426,33789
424,33792
431,33813
154,33842
116,33850
152,33857
378,33897
424,33901
101,33995
102,33996
184,34008
466,34068
203,34069
493,34069
204,34100
494,34100
188,34105
189,34106
399,34131
400,34132
110,34148
285,34153
425,34177
350,34190
205,34191
206,34191
351,34191
495,34191
496,34191
497,34191
207,34192
466,34253
203,34254
493,34254
100,34269
204,34287
494,34287
207,34288
424,34289
425,34290
426,34291
355,34317
204,34337
494,34337
352,34338
353,34339
76,34374
294,34523
162,34568
294,34575
431,34647
432,34648
268,34683
262,34685
266,34690
152,34755
430,34758
431,34759
334,34868
110,34930
111,34931
240,34970
350,35082
205,35083
206,35083
351,35083
495,35083
496,35083
497,35083
432,35100
433,35101
484,35170
485,35171
146,35244
376,35255
377,35256
331,35368
425,35429
426,35430
366,35513
221,35560
207,35591
350,35617
207,35618
424,35619
264,35623
265,35624
266,35625
399,35653
354,35654
362,35655
431,35739
431,35812
485,35837
266,35861
294,35928
152,36057
196,36096
294,36126
292,36160
240,36197
204,36199
494,36199
205,36200
206,36200
351,36200
495,36200
496,36200
497,36200
205,36201
206,36201
351,36201
495,36201
496,36201
497,36201
207,36202
208,36203
151,36210
102,36244
103,36245
363,36282
383,36402
376,36418
305,36475
499,36489
202,36562
467,36563
146,36597
300,36626
111,36667
118,36731
187,36788
402,36788
118,36791
399,36805
400,36806
383,36819
425,36888
116,36903
117,36904
118,36905
304,36966
378,37004
262,37008
263,37057
97,37099
103,37142
152,37205
120,37220
269,37231
204,37253
494,37253
498,37254
101,37263
102,37264
118,37332
204,37355
494,37355
110,37423
376,37470
377,37471
378,37472
499,37481
498,37490
378,37587
350,37590
205,37591
206,37591
351,37591
495,37591
496,37591
497,37591
458,37602
101,37611
102,37612
376,37661
188,37701
189,37702
97,37709
241,37719
440,37745
441,37746
442,37747
151,37768
355,37871
267,37905
425,37915
304,37916
153,37987
424,38126
208,38150
350,38164
205,38165
206,38165
351,38165
495,38165
496,38165
497,38165
207,38166
424,38167
425,38168
266,38172
484,38188
485,38189
350,38391
205,38392
206,38392
351,38392
495,38392
496,38392
497,38392
205,38393
206,38393
351,38393
495,38393
496,38393
497,38393
205,38394
206,38394
351,38394
495,38394
496,38394
497,38394
352,38395
85,38397
467,38416
485,38434
509,38499
425,38512
440,38524
267,38538
347,38618
348,38619
349,38620
343,38634
344,38635
275,38663
344,38706
220,38763
159,38852
152,38905
294,38965
398,39000
458,39045
485,39105
425,39321
97,39369
428,39398
97,39470
431,39478
187,39498
402,39498
86,39505
203,39544
493,39544
151,39595
425,39615
100,39647
440,39679
221,39754
426,39825
425,39828
304,39829
153,39830
315,39937
267,39966
151,39981
152,39982
153,39983
363,40006
507,40025
153,40115
397,40278
151,40284
151,40312
292,40316
304,40363
424,40422
152,40477
110,40506
100,40572
208,40578
424,40644
228,40663
330,40732
331,40733
274,40752
275,40753
276,40754
104,40784
220,40801
221,40802
479,40837
293,40920
294,40921
220,40982
228,41075
431,41107
450,41114
370,41193
344,41269
458,41278
204,41292
494,41292
207,41293
304,41311
305,41312
479,41360
400,41382
196,41401
294,41410
266,41453
340,41492
397,41496
268,41497
398,41538
428,41539
429,41540
430,41541
353,41556
425,41572
304,41573
196,41635
118,41643
187,41655
402,41655
398,41665
85,41667
118,41676
353,41685
400,41686
196,41692
145,41695
146,41696
84,41719
151,41731
203,41742
493,41742
330,41761
331,41762
399,41849
151,41867
424,41904
425,41905
425,41927
151,41949
431,41960
344,41995
268,41999
269,42000
195,42028
292,42038
203,42069
493,42069
293,42094
430,42126
431,42127
331,42186
118,42228
184,42257
485,42297
151,42315
304,42343
425,42351
266,42355
293,42429
398,42518
398,42529
85,42531
398,42562
353,42669
334,42705
196,42715
424,42728
118,42750
425,42760
424,42793
267,42798
196,42806
304,42819
196,42853
399,42970
400,42971
66,42972
304,43042
292,43092
221,43114
331,43173
266,43253
118,43272
289,43322
101,43330
102,43331
103,43332
219,43354
220,43355
376,43405
377,43406
378,43407
86,43447
424,43496
425,43497
398,43538
400,43584
267,43624
383,43738
431,43822
431,43859
467,43874
119,43903
240,43920
221,44001
467,44006
314,44061
315,44062
353,44090
240,44102
292,44264
330,44266
331,44267
315,44290
383,44316
400,44413
425,44457
426,44458
98,44464
366,44513
97,44517
399,44523
313,44625
431,44646
116,44686
123,44693
458,44715
99,44800
159,44810
99,44815
100,44816
221,44817
289,44849
294,44944
510,44956
194,44982
195,44983
431,44994
431,45013
450,45176
153,45184
101,45200
102,45201
103,45202
334,45207
118,45234
425,45249
304,45250
383,45292
424,45321
425,45322
304,45323
196,45394
191,45409
196,45476
269,45572
266,45584
220,45650
221,45651
499,45657
104,45667
499,45699
202,45706
116,45754
100,45759
221,45760
104,45786
331,45809
220,45847
101,45848
103,45924
118,46146
119,46147
120,46148
85,46221
86,46222
87,46223
340,46274
153,46285
145,46287
146,46288
196,46479
197,46480
293,46540
425,46689
334,46772
330,46776
331,46777
293,46793
293,46796
294,46797
221,46845
399,46903
221,47157
81,47289
151,47312
152,47313
305,47314
350,47348
352,47349
353,47350
190,47361
191,47362
398,47403
450,47439
397,47483
238,47548
267,47570
328,47575
366,47576
499,47621
289,47683
331,47750
289,47778
425,47795
304,47825
343,47830
344,47831
424,47844
300,47864
152,47877
86,47880
151,47899
203,47918
493,47918
116,47994
117,47995
118,47996
196,48045
207,48051
424,48052
425,48053
398,48064
354,48129
362,48130
203,48149
493,48149
100,48187
424,48211
291,48239
292,48240
118,48248
100,48263
367,48273
120,48295
424,48315
99,48369
100,48370
451,48376
280,48401
431,48494
99,48547
100,48548
294,48563
399,48613
204,48632
494,48632
207,48633
219,48682
220,48683
398,48743
425,48767
426,48768
304,48796
304,48936
378,48998
379,48999
240,49089
97,49201
187,49214
402,49214
304,49248
118,49304
491,49326
492,49327
467,49328
425,49382
304,49383
424,49508
366,49514
334,49535
203,49551
493,49551
280,49585
403,49608
350,49612
352,49613
207,49725
429,49765
430,49766
240,49824
291,49827
294,49862
467,49909
350,49937
207,49938
424,49939
80,49948
328,49958
329,49959
451,49961
425,50058
467,50069
399,50137
400,50138
484,50191
467,50282
292,50302
293,50303
294,50304
271,50361
122,50370
123,50371
431,50373
432,50374
221,50382
116,50388
431,50407
485,50433
304,50439
305,50440
85,50463
109,50546
110,50547
111,50548
448,50555
291,50624
187,50627
402,50627
188,50628
189,50629
195,50635
204,50645
494,50645
207,50646
208,50647
220,50654
270,50690
271,50691
291,50714
379,50721
153,50746
333,50755
334,50756
340,50764
341,50765
342,50766
343,50767
118,50786
367,50790
266,50818
425,50840
304,50841
334,50858
466,50885
203,50886
493,50886
220,50916
101,50980
102,50981
153,51000
154,51001
294,51020
398,51086
428,51087
266,51136
440,51233
510,51299
81,51349
344,51389
101,51441
458,51452
122,51455
123,51456
124,51457
353,51484
288,51508
267,51554
431,51560
343,51589
344,51590
159,51607
287,51613
300,51666
448,51683
295,51686
294,51699
431,51739
432,51740
458,51788
383,51816
305,51829
101,51924
102,51925
292,51929
424,51989
431,52068
266,52084
103,52119
330,52131
356,52158
104,52163
152,52183
401,52242
187,52243
402,52243
431,52318
221,52364
397,52410
268,52411
485,52427
348,52451
349,52452
467,52540
294,52566
203,52647
493,52647
228,52684
263,52711
263,52775
467,52812
100,52850
485,52871
291,52899
85,52913
221,53011
510,53078
294,53154
425,53198
304,53199
118,53267
154,53309
100,53312
153,53370
403,53391
484,53422
294,53481
196,53516
197,53517
360,53532
100,53567
86,53586
203,53604
493,53604
204,53605
494,53605
205,53606
206,53606
351,53606
495,53606
496,53606
497,53606
352,53607
353,53608
400,53609
350,53656
118,53706
119,53707
110,53746
397,53762
268,53763
160,53798
100,53839
220,53948
398,54105
399,54106
428,54130
330,54159
331,54160
399,54181
296,54392
398,54459
399,54460
484,54511
196,54562
197,54563
101,54589
103,54657
104,54658
424,54660
230,54744
424,54862
428,54882
429,54883
430,54884
195,54904
424,54907
153,54912
101,54929
203,54956
493,54956
196,54978
266,54996
344,55001
425,55019
403,55044
484,55069
196,55098
328,55129
240,55131
121,55244
122,55245
152,55259
305,55260
347,55433
348,55434
349,55435
424,55458
101,55461
102,55462
103,55463
425,55466
304,55467
510,55556
304,55610
153,55611
116,55617
424,55731
499,55739
239,55790
240,55791
118,55829
376,55831
294,55872
344,55913
118,55925
331,55971
292,56008
293,56009
294,56010
110,56043
203,56055
493,56055
219,56093
220,56094
289,56107
362,56261
363,56262
362,56303
151,56475
305,56485
266,56505
267,56506
510,56537
403,56622
350,56641
207,56642
424,56643
425,56708
350,56759
205,56760
206,56760
351,56760
495,56760
496,56760
497,56760
352,56761
100,56773
268,56785
304,56821
96,56837
304,56862
305,56863
304,56871
267,56876
428,57102
198,57103
269,57134
102,57206
103,57207
205,57296
206,57296
351,57296
495,57296
496,57296
497,57296
207,57297
425,57319
398,57400
189,57428
269,57432
116,57450
219,57454
220,57455
85,57485
203,57503
493,57503
424,57505
151,57510
196,57539
197,57540
85,57587
467,57614
269,57615
153,57681
154,57682
155,57683
294,57715
367,57765
434,57840
104,57864
350,57891
220,58112
100,58148
187,58205
402,58205
376,58242
377,58243
101,58271
102,58272
292,58324
424,58350
151,58409
220,58429
425,58471
425,58519
294,58620
397,58636
398,58637
491,58708
492,58709
203,58710
493,58710
204,58711
494,58711
399,58743
399,58777
204,58946
494,58946
205,58947
206,58947
351,58947
495,58947
496,58947
497,58947
352,58948
353,58949
354,58950
104,58967
398,59027
399,59028
280,59074
154,59086
116,59142
152,59193
122,59240
187,59258
402,59258
117,59278
425,59326
268,59351
330,59370
120,59372
145,59390
343,59395
426,59681
427,59682
458,59687
267,59702
398,59703
428,59704
292,59708
378,59716
104,59782
