376,14
111,30
112,31
498,130
513,143
162,303
334,303
520,310
326,368
326,369
326,370
397,429
227,458
548,459
176,546
418,547
114,605
226,657
112,790
326,798
227,835
307,867
326,937
326,938
327,939
328,972
402,1047
481,1058
326,1065
262,1068
111,1115
515,1238
516,1239
139,1242
493,1245
494,1246
402,1304
183,1409
308,1436
341,1501
260,1516
261,1517
140,1569
333,1588
351,1595
498,1599
170,1623
498,1668
315,1675
260,1713
179,1802
418,1830
66,1831
419,1831
341,1888
275,1951
259,1970
260,1971
126,2050
134,2079
494,2086
306,2127
308,2151
274,2170
503,2187
504,2188
326,2200
224,2242
326,2278
326,2279
418,2346
139,2349
113,2368
177,2369
139,2379
262,2418
179,2434
180,2435
201,2441
343,2442
308,2463
326,2489
326,2490
326,2491
326,2492
326,2493
377,2503
341,2514
517,2542
518,2543
341,2581
178,2584
273,2584
447,2627
307,2643
498,2820
458,2865
341,2881
111,2912
112,2913
113,2914
418,2915
66,2916
419,2916
140,2952
350,2953
350,2957
126,2965
140,3042
350,3043
402,3144
140,3201
341,3223
115,3226
159,3311
230,3366
180,3401
326,3465
326,3466
326,3467
329,3527
350,3555
66,3562
419,3562
513,3600
514,3601
341,3610
341,3625
481,3645
517,3715
309,3731
190,3735
140,3759
531,3849
532,3850
341,3967
180,3992
498,4038
326,4139
531,4205
313,4211
335,4211
116,4232
307,4289
351,4305
180,4409
498,4424
190,4464
326,4499
327,4500
259,4521
159,4536
114,4539
402,4634
180,4640
60,4652
482,4676
443,4765
115,4802
327,4851
125,4865
258,4897
259,4898
260,4899
261,4900
230,4920
313,4946
335,4946
315,4957
115,5044
162,5047
334,5047
341,5146
152,5188
139,5193
498,5244
341,5282
178,5377
273,5377
126,5414
418,5478
67,5512
146,5594
177,5611
262,5680
482,5684
418,5698
516,5715
114,5755
60,5809
337,5841
309,5939
111,5990
112,5991
113,5992
114,5993
115,5994
516,6153
517,6154
262,6158
516,6161
341,6241
67,6285
326,6364
351,6450
177,6468
458,6501
343,6531
183,6572
262,6607
91,6646
116,6761
262,6875
146,7027
274,7063
275,7064
515,7124
190,7179
115,7304
548,7384
227,7395
180,7444
341,7459
262,7492
177,7524
466,7695
230,7713
498,7875
221,7888
222,7889
185,7907
259,7976
341,7999
222,8033
498,8046
262,8129
176,8191
177,8192
262,8220
126,8270
113,8324
418,8325
498,8358
109,8368
110,8369
351,8395
436,8470
66,8704
419,8704
427,8706
482,8779
66,8788
419,8788
154,8847
262,8878
516,8895
517,8896
66,8938
419,8938
420,8939
421,8940
528,9004
418,9047
176,9147
113,9167
139,9267
140,9268
515,9317
516,9318
67,9320
140,9324
418,9375
66,9475
419,9475
176,9639
114,9640
146,9684
260,9877
260,9904
494,9980
176,9983
114,9984
306,10063
125,10098
260,10106
261,10107
436,10110
515,10115
516,10116
308,10143
513,10161
111,10201
402,10217
260,10231
111,10370
114,10388
397,10394
328,10442
498,10473
516,10485
341,10492
260,10506
514,10516
109,10586
498,10656
397,10664
91,10681
402,10716
498,10731
259,10821
328,10824
140,10836
350,10837
351,10838
535,10841
516,10872
350,10879
140,10953
494,11026
115,11043
466,11300
326,11380
262,11383
262,11399
227,11523
327,11529
535,11543
341,11548
176,11589
114,11590
229,11677
140,11722
260,11766
140,11796
341,11800
66,11803
419,11803
226,11805
225,11824
177,11849
351,11852
183,11872
397,11985
493,12147
516,12171
517,12172
518,12173
402,12231
230,12234
315,12419
113,12436
326,12550
140,12567
145,12603
516,12612
146,12622
418,12660
187,12661
494,12690
262,12715
397,12767
326,12791
327,12792
341,12813
402,12821
190,12877
330,12908
327,12978
66,12991
419,12991
327,13037
418,13047
187,13048
481,13051
482,13052
140,13083
112,13128
113,13129
341,13152
159,13193
66,13225
419,13225
341,13238
224,13381
180,13390
126,13397
482,13439
60,13473
227,13484
262,13522
225,13560
428,13597
516,13625
146,13626
195,13633
514,13646
146,13691
146,13698
162,13716
334,13716
494,13735
222,13837
315,13915
140,13943
517,14034
66,14043
419,14043
67,14044
516,14075
133,14091
323,14092
341,14133
112,14216
494,14257
230,14285
341,14331
306,14430
341,14493
259,14602
260,14603
418,14626
66,14627
419,14627
494,14689
179,14727
180,14728
341,14739
383,14743
79,14845
498,14900
481,14988
458,15058
145,15080
383,15157
126,15333
341,15370
260,15396
177,15424
146,15600
262,15623
341,15723
195,15786
341,15832
229,15844
535,15914
140,15968
260,16028
327,16062
262,16072
165,16104
166,16105
416,16118
341,16149
187,16257
494,16266
262,16277
516,16280
183,16356
262,16399
350,16407
327,16430
341,16524
66,16527
419,16527
226,16529
517,16584
59,16586
329,16588
166,16649
517,16680
111,16761
326,16820
327,16821
397,16832
517,16848
177,16866
341,16893
177,17008
66,17049
419,17049
274,17189
275,17190
260,17213
341,17388
114,17393
535,17420
342,17428
114,17442
115,17443
418,17498
187,17499
176,17502
114,17503
272,17546
178,17547
273,17547
428,17554
114,17640
341,17667
165,17755
126,17899
401,17911
260,17996
515,18067
527,18097
498,18233
262,18304
327,18312
341,18336
100,18338
418,18344
140,18374
341,18378
414,18439
415,18440
416,18441
417,18442
114,18443
183,18445
146,18469
315,18500
316,18501
351,18514
341,18655
176,18696
341,18712
342,18713
223,18734
109,18787
427,18870
418,18932
383,18947
498,18950
546,18956
547,18957
376,19012
66,19032
419,19032
110,19034
111,19035
208,19043
515,19102
516,19103
517,19104
67,19174
68,19175
328,19191
260,19206
401,19234
402,19235
226,19283
520,19287
159,19318
146,19347
185,19390
260,19408
261,19409
177,19417
260,19424
482,19543
281,19546
397,19553
494,19610
498,19697
396,19744
88,19786
113,19809
418,19810
327,19819
315,19885
162,19893
334,19893
114,19913
229,19930
402,19959
222,19984
116,20002
498,20102
326,20123
176,20143
114,20144
341,20169
328,20211
328,20221
195,20248
186,20286
176,20311
195,20345
383,20407
341,20496
402,20545
190,20586
226,20667
111,20671
112,20672
113,20673
177,20674
517,20745
262,20782
482,20799
514,20803
52,20942
176,20946
177,20947
498,20954
481,20979
518,20992
528,21012
351,21043
309,21052
516,21219
185,21243
343,21290
260,21311
261,21312
326,21348
418,21361
187,21362
327,21419
114,21598
114,21625
115,21626
177,21687
481,21706
333,21736
162,21737
334,21737
516,21780
176,21892
308,21897
309,21898
126,21965
140,21981
516,22050
146,22051
113,22094
274,22100
402,22131
145,22188
146,22189
139,22238
517,22312
518,22313
62,22341
330,22412
315,22489
494,22501
111,22520
112,22521
66,22573
419,22573
262,22702
327,22767
259,22803
180,22806
116,22823
140,22836
66,22894
419,22894
116,22901
313,22950
335,22950
108,22984
109,22985
126,22997
341,23005
333,23048
162,23049
334,23049
341,23065
494,23106
514,23131
256,23136
481,23186
140,23205
333,23243
343,23253
66,23335
419,23335
66,23338
419,23338
114,23343
90,23382
91,23383
341,23401
114,23741
515,23786
516,23787
517,23788
518,23789
481,23794
259,23862
341,23872
114,23936
66,23950
419,23950
517,24070
518,24071
113,24080
418,24081
350,24157
61,24230
62,24231
458,24260
516,24279
517,24280
195,24322
111,24331
112,24332
113,24333
418,24334
275,24396
494,24399
262,24407
100,24462
230,24510
494,24558
180,24690
482,24722
483,24723
515,24736
493,24778
494,24779
126,24943
383,24989
326,25006
326,25007
415,25010
140,25014
140,25044
498,25074
328,25132
186,25180
281,25223
308,25226
516,25244
517,25245
89,25260
402,25323
114,25346
139,25442
176,25464
177,25465
342,25531
91,25548
169,25566
170,25567
315,25589
91,25637
124,25687
113,25690
177,25691
178,25692
273,25692
309,25695
89,25775
90,25776
169,25791
170,25792
176,25884
114,25885
115,25886
260,25916
66,25947
419,25947
306,25961
466,25981
341,25989
176,26013
482,26025
114,26040
115,26041
177,26044
341,26061
418,26173
177,26257
178,26258
273,26258
179,26259
180,26260
498,26275
498,26282
517,26312
515,26385
186,26533
477,26545
113,26568
126,26689
397,26703
91,26723
139,26752
328,26755
308,26771
482,26797
176,26853
272,26938
178,26939
273,26939
343,27121
66,27152
419,27152
262,27237
316,27256
223,27284
329,27286
114,27348
350,27354
111,27364
112,27365
383,27395
262,27455
327,27464
528,27508
187,27516
161,27683
100,27685
494,27774
343,27792
351,27946
516,28022
483,28051
176,28102
418,28103
145,28153
146,28154
183,28179
515,28184
516,28185
256,28284
66,28321
419,28321
481,28336
227,28338
201,28340
343,28341
497,28406
498,28407
274,28453
275,28454
314,28472
336,28472
140,28509
323,28580
517,28592
307,28650
326,28677
113,28684
342,28706
180,28790
481,28858
161,28863
493,28881
494,28882
230,28941
141,28946
313,28959
335,28959
458,29111
459,29112
232,29113
460,29113
342,29169
343,29170
480,29194
481,29195
482,29196
481,29203
482,29204
176,29213
177,29214
262,29218
429,29221
342,29228
260,29315
180,29428
402,29465
146,29486
308,29523
260,29639
350,29644
351,29645
125,29687
176,29728
177,29729
178,29730
273,29730
272,29750
326,29775
309,29796
141,29810
208,29849
141,29982
60,30070
516,30080
185,30133
416,30144
515,30255
482,30287
115,30310
326,30320
326,30321
180,30345
520,30357
89,30360
90,30361
91,30362
92,30363
428,30417
429,30418
341,30433
402,30495
140,30533
114,30569
531,30710
145,30788
517,30789
343,30799
342,30813
343,30814
171,30886
326,30911
326,30912
274,30979
229,30987
66,31105
419,31105
67,31106
326,31166
162,31171
334,31171
163,31172
202,31172
227,31180
548,31181
224,31268
66,31271
419,31271
114,31301
326,31331
327,31332
328,31333
341,31355
224,31368
140,31392
415,31471
140,31546
350,31547
145,31625
146,31626
176,31734
114,31735
341,31828
139,31860
261,31953
498,32030
176,32040
383,32110
326,32116
139,32161
177,32225
260,32238
418,32242
402,32250
516,32275
341,32327
66,32349
419,32349
225,32369
226,32370
341,32378
416,32468
417,32469
418,32470
140,32479
351,32507
341,32604
533,32627
146,32664
178,32730
273,32730
126,32744
165,32753
184,32765
262,32799
260,32814
261,32815
517,32818
262,32837
329,32862
116,32892
516,32899
342,32919
313,32920
335,32920
274,32923
341,32930
225,32996
418,33057
383,33125
116,33135
307,33146
341,33158
342,33159
477,33265
141,33287
306,33306
307,33307
176,33363
177,33364
528,33376
186,33431
272,33446
178,33447
273,33447
532,33492
195,33609
161,33649
402,33674
176,33689
177,33690
140,33714
350,33715
421,33726
114,33741
114,33754
115,33755
125,33800
126,33801
418,33840
145,33957
308,34110
68,34133
326,34191
224,34304
66,34315
419,34315
327,34338
109,34340
115,34381
125,34424
126,34425
113,34507
343,34670
178,34683
273,34683
498,34724
517,34756
113,34795
315,34821
230,34841
516,34844
341,34884
113,34935
114,34936
326,35083
66,35160
419,35160
383,35171
481,35272
315,35299
328,35322
141,35333
230,35384
343,35468
125,35505
126,35506
161,35511
162,35512
334,35512
458,35547
516,35550
517,35551
126,35558
483,35565
337,35579
111,35585
225,35654
226,35655
222,35737
261,35758
262,35759
481,35785
383,35837
418,35862
66,35863
419,35863
402,35878
494,35899
140,35906
262,36038
515,36070
516,36071
401,36089
402,36090
171,36192
172,36193
326,36200
326,36201
227,36282
548,36283
310,36284
396,36309
397,36310
416,36393
126,36478
261,36496
262,36497
180,36556
114,36581
66,36725
419,36725
110,36727
111,36728
112,36729
274,36770
133,36828
134,36829
190,36881
140,36886
116,36891
146,36967
116,36975
333,36993
402,37012
494,37021
146,37081
275,37118
494,37219
126,37243
341,37273
415,37358
482,37460
260,37515
344,37552
306,37581
326,37591
498,37610
514,37802
515,37803
141,37837
145,37868
176,37904
177,37905
343,37930
494,37949
114,37955
516,37986
145,38012
115,38022
261,38052
260,38080
351,38094
326,38165
383,38189
116,38300
307,38362
186,38373
145,38383
146,38384
326,38392
326,38393
326,38394
327,38395
328,38396
274,38423
383,38434
79,38488
114,38523
176,38537
177,38538
341,38630
443,38779
482,38928
261,39035
383,39105
259,39141
140,39155
230,39228
260,39286
261,39287
140,39319
350,39435
351,39436
351,39479
352,39480
446,39481
146,39503
153,39567
140,39613
498,39682
230,39794
307,39819
134,39845
514,39918
515,39919
140,39927
177,39966
343,40005
227,40006
341,40096
498,40101
341,40128
482,40251
272,40278
262,40306
306,40431
166,40474
67,40479
68,40480
112,40525
113,40526
140,40543
350,40544
187,40605
170,40609
402,40635
516,40666
498,40749
259,40783
402,40788
341,40824
114,40866
115,40867
116,40868
481,40880
230,40979
309,41020
260,41182
261,41183
262,41184
333,41335
224,41342
68,41383
306,41431
307,41432
308,41433
272,41496
178,41497
273,41497
208,41528
109,41557
110,41558
436,41566
68,41687
114,41916
308,41952
66,41981
419,41981
115,41984
178,41999
273,41999
139,42028
307,42036
146,42103
383,42297
414,42362
230,42405
307,42498
341,42515
527,42549
418,42708
115,42719
262,42794
177,42798
114,42816
498,42862
262,42882
482,42886
112,43015
113,43016
114,43017
307,43023
133,43032
134,43033
351,43075
65,43107
66,43108
419,43108
110,43110
66,43144
419,43144
418,43185
140,43191
114,43254
275,43324
146,43445
498,43525
480,43558
224,43583
68,43585
113,43623
177,43624
341,43630
341,43676
342,43677
307,43780
309,43844
310,43845
274,43875
341,43917
342,43918
313,43919
335,43919
414,43936
176,43976
229,44010
113,44044
342,44100
313,44101
335,44101
458,44117
342,44255
343,44256
230,44270
224,44412
260,44455
261,44456
312,44512
341,44563
115,44596
66,44605
419,44605
222,44644
114,44661
482,44688
482,44856
498,44898
481,44942
139,44983
140,44984
531,45143
531,45175
516,45183
414,45230
415,45231
416,45232
260,45247
261,45248
416,45463
66,45480
419,45480
498,45564
114,45585
116,45620
418,45748
154,45857
443,45889
260,45925
341,46119
66,46122
419,46122
262,46136
328,46220
482,46233
140,46251
262,46253
307,46260
308,46261
60,46301
414,46459
535,46538
341,46612
418,46625
114,46631
259,46686
260,46687
261,46688
137,46871
333,46909
260,46922
341,47019
515,47022
520,47055
515,47062
516,47063
516,47091
341,47240
377,47249
458,47271
341,47275
91,47338
327,47349
531,47438
272,47483
333,47533
162,47534
334,47534
176,47569
177,47570
402,47573
494,47591
481,47597
186,47660
66,47661
419,47661
110,47663
180,47685
341,47727
176,47821
114,47822
262,47845
125,47854
308,47871
309,47872
146,47878
140,47883
146,48007
341,48015
276,48026
277,48027
225,48129
226,48130
309,48334
308,48349
262,48389
397,48501
113,48511
481,48561
274,48610
230,48650
112,48791
113,48792
114,48793
67,48798
68,48799
497,48902
498,48903
186,48971
187,48972
415,48994
183,49014
515,49075
126,49147
91,49177
337,49197
161,49239
498,49340
140,49380
262,49509
162,49513
334,49513
327,49613
140,49719
514,49777
515,49778
516,49779
342,49822
313,49823
335,49823
140,49966
307,50039
261,50057
68,50139
260,50209
140,50232
262,50293
307,50300
482,50390
260,50400
351,50408
383,50433
361,50555
139,50635
140,50636
66,50730
419,50730
114,50819
67,50843
125,50846
482,50861
113,50935
145,50999
140,51072
418,51137
66,51138
419,51138
341,51166
260,51204
351,51206
111,51229
112,51230
113,51231
114,51232
533,51408
341,51414
498,51440
113,51538
114,51539
177,51554
516,51567
146,51568
458,51615
481,51682
361,51683
307,51911
498,51923
341,51945
443,51948
416,51969
262,51990
230,52009
351,52069
114,52085
114,52098
517,52114
260,52120
482,52157
184,52167
115,52190
307,52207
315,52238
272,52410
178,52411
273,52411
383,52427
146,52492
306,52526
307,52527
308,52528
125,52617
418,52688
516,52706
517,52707
112,52743
113,52744
418,52745
141,52806
258,52817
498,52830
383,52871
494,52880
260,52959
402,52977
145,53039
341,53073
109,53167
110,53168
259,53195
260,53196
261,53197
498,53216
90,53298
224,53331
494,53450
176,53453
418,53454
402,53469
159,53512
146,53584
326,53606
327,53607
68,53610
515,53613
112,53700
402,53729
262,53734
272,53762
178,53763
273,53763
493,53765
162,53849
334,53849
415,53858
416,53859
417,53860
418,53886
125,53918
137,53954
316,53970
517,54032
114,54053
260,54071
458,54075
341,54140
259,54147
260,54148
261,54149
341,54266
260,54334
261,54335
481,54473
341,54493
436,54555
515,54630
516,54631
307,54644
262,54661
260,54672
185,54701
341,54761
341,54810
498,54833
262,54863
139,54904
262,54908
516,54911
260,55017
261,55018
140,55047
313,55130
335,55130
168,55158
261,55189
260,55464
261,55465
351,55474
309,55545
341,55573
342,55574
114,55607
262,55711
498,55760
168,55806
134,55888
169,55963
170,55964
307,56006
415,56066
416,56067
482,56069
482,56084
516,56097
493,56109
494,56110
262,56155
145,56258
226,56261
227,56262
481,56281
66,56301
419,56301
226,56303
124,56305
342,56353
486,56371
341,56374
208,56392
114,56432
481,56467
177,56506
230,56569
112,56600
113,56601
113,56670
114,56671
176,56683
418,56684
326,56760
327,56761
185,56783
178,56785
273,56785
418,56790
458,56814
176,56875
177,56876
481,56950
482,56951
498,57182
67,57194
111,57201
112,57202
341,57280
326,57296
350,57349
482,57467
262,57506
341,57693
259,57753
66,57762
419,57762
184,57777
185,57778
114,57804
180,57894
114,57948
195,57953
397,57989
151,58121
176,58207
498,58270
111,58292
112,58293
528,58311
344,58313
516,58328
517,58376
260,58469
261,58470
418,58499
260,58517
261,58518
309,58616
312,58618
343,58619
272,58636
183,58690
328,58703
401,58721
402,58722
418,58761
187,58786
186,58849
482,58913
326,58947
327,58948
225,58950
517,59194
261,59227
262,59228
176,59260
176,59307
178,59351
273,59351
133,59545
323,59546
258,59567
259,59568
260,59569
261,59570
177,59702
315,59753
