564,25
477,108
122,161
518,239
455,243
21,244
339,264
132,305
515,371
272,372
465,451
397,457
311,491
310,519
311,520
478,525
478,562
141,600
202,605
283,648
478,655
182,796
513,796
183,797
514,797
557,797
487,826
469,892
309,908
316,939
558,939
21,941
22,942
541,997
542,998
61,1001
506,1001
62,1002
311,1016
300,1029
259,1037
431,1043
556,1044
258,1058
339,1063
515,1066
542,1127
317,1158
131,1214
132,1215
120,1254
311,1260
312,1261
313,1262
282,1300
505,1300
283,1301
196,1388
515,1391
310,1416
141,1418
456,1460
441,1542
309,1589
310,1590
485,1667
207,1679
338,1712
230,1747
507,1802
469,1806
431,1814
129,1828
511,1829
307,1905
347,1982
203,1985
132,2031
456,2069
203,2071
280,2123
207,2141
208,2142
310,2149
310,2154
556,2159
284,2160
61,2169
506,2169
455,2173
21,2174
515,2201
251,2202
516,2202
251,2235
516,2235
556,2268
183,2269
514,2269
557,2269
515,2270
300,2271
515,2280
129,2344
511,2345
147,2347
181,2369
512,2369
406,2405
407,2406
507,2434
62,2438
431,2472
556,2473
250,2474
271,2474
251,2475
516,2475
338,2507
339,2508
515,2510
183,2523
514,2523
557,2523
184,2524
285,2525
477,2541
382,2550
383,2551
478,2682
352,2712
250,2772
271,2772
310,2790
503,2822
504,2823
282,2824
505,2824
283,2825
183,2826
514,2826
557,2826
515,2827
272,2828
310,2847
339,2859
515,2861
121,2888
122,2889
478,2995
180,3007
296,3061
310,3084
141,3086
142,3087
132,3093
350,3238
351,3239
250,3332
271,3332
62,3404
431,3412
510,3442
130,3443
339,3463
515,3468
456,3560
220,3585
455,3634
456,3635
258,3645
370,3647
272,3658
273,3659
280,3665
431,3668
129,3705
147,3724
336,3806
250,3843
271,3843
272,3844
360,3854
60,3865
183,3888
514,3888
557,3888
184,3889
310,3969
336,3987
337,3988
338,3989
62,3995
503,4040
120,4043
297,4124
183,4138
514,4138
557,4138
515,4140
431,4174
478,4180
449,4232
183,4281
514,4281
557,4281
453,4302
129,4336
503,4346
504,4347
282,4348
505,4348
283,4349
283,4357
317,4359
555,4388
556,4389
183,4390
514,4390
557,4390
515,4391
432,4411
106,4448
259,4460
398,4461
470,4462
471,4463
106,4490
183,4498
514,4498
557,4498
316,4500
558,4500
252,4511
148,4517
202,4539
396,4552
160,4628
549,4694
454,4797
431,4848
556,4849
183,4850
514,4850
557,4850
316,4851
558,4851
559,4852
297,4853
478,4903
457,4905
183,4951
514,4951
557,4951
515,4952
360,5006
129,5019
130,5020
182,5149
513,5149
129,5202
453,5223
378,5253
121,5270
122,5271
463,5303
478,5374
457,5376
259,5405
456,5429
196,5435
297,5438
556,5448
60,5496
283,5497
250,5498
271,5498
272,5499
478,5511
22,5513
465,5522
21,5552
181,5611
512,5611
122,5612
106,5644
339,5660
515,5662
129,5682
130,5683
147,5699
278,5700
202,5755
431,5787
352,5808
294,5823
250,5933
271,5933
251,5934
516,5934
128,5956
230,5959
99,5981
202,5993
564,6009
61,6105
506,6105
62,6106
478,6162
556,6204
349,6251
398,6252
106,6260
478,6284
22,6286
251,6347
516,6347
252,6348
515,6365
272,6366
556,6409
250,6410
271,6410
312,6439
122,6448
181,6468
512,6468
284,6526
285,6527
61,6585
506,6585
62,6586
359,6611
204,6656
265,6661
93,6716
449,6761
44,6786
45,6787
293,6810
294,6811
270,6812
300,6828
61,6860
506,6860
182,6915
513,6915
250,6916
271,6916
476,6923
197,7011
477,7026
310,7073
62,7175
471,7178
407,7287
259,7314
398,7315
259,7394
465,7484
250,7520
271,7520
251,7521
516,7521
180,7523
181,7524
512,7524
122,7525
93,7532
339,7579
515,7581
61,7587
506,7587
251,7612
516,7612
478,7642
555,7671
130,7699
250,7752
271,7752
282,7842
505,7842
61,7843
506,7843
62,7844
381,7870
370,7949
129,7958
182,8013
513,8013
284,8014
285,8015
106,8027
463,8067
342,8081
283,8126
250,8127
271,8127
206,8133
207,8134
208,8135
83,8170
181,8192
512,8192
122,8193
62,8201
122,8218
147,8326
207,8352
455,8367
60,8375
60,8464
61,8465
506,8465
398,8496
360,8507
273,8533
456,8546
196,8669
197,8670
478,8701
510,8777
130,8778
478,8785
150,8813
556,8841
183,8842
514,8842
557,8842
515,8843
272,8844
370,8994
510,9045
511,9046
293,9077
478,9186
339,9237
364,9253
128,9289
196,9305
478,9319
22,9321
477,9362
381,9370
129,9373
511,9374
147,9376
478,9409
398,9420
549,9513
550,9514
208,9516
463,9542
202,9640
129,9722
310,9786
431,9822
441,9933
202,9984
182,10090
513,10090
284,10091
93,10121
475,10204
476,10205
131,10270
132,10271
510,10330
511,10331
293,10338
86,10373
202,10388
203,10389
476,10445
478,10486
203,10489
252,10508
251,10547
516,10547
259,10553
398,10554
455,10585
339,10822
23,10844
453,10856
283,10857
250,10858
271,10858
251,10859
516,10859
278,10874
279,10875
456,10898
541,10977
542,10978
280,11081
431,11084
45,11117
46,11118
47,11119
48,11120
396,11200
370,11202
297,11239
148,11372
183,11379
514,11379
557,11379
515,11381
316,11529
558,11529
559,11530
122,11551
549,11568
202,11590
203,11686
364,11816
455,11823
129,11847
511,11848
181,11849
512,11849
122,11850
63,11979
556,12058
250,12059
271,12059
63,12075
150,12081
31,12108
61,12145
506,12145
310,12200
556,12204
250,12205
271,12205
272,12206
122,12213
398,12219
360,12259
338,12309
183,12324
514,12324
557,12324
48,12344
265,12434
140,12504
141,12505
122,12573
300,12600
278,12605
279,12606
476,12620
477,12621
44,12640
511,12659
345,12695
381,12780
556,12789
183,12790
514,12790
557,12790
316,12792
558,12792
360,12844
477,12867
337,12880
338,12881
250,12937
271,12937
316,12978
558,12978
337,13017
339,13035
316,13037
558,13037
258,13051
23,13070
180,13176
130,13202
465,13325
83,13416
220,13450
143,13525
476,13629
406,13710
407,13711
352,13757
353,13758
503,13806
120,13809
431,13865
381,13881
301,13900
278,13922
196,13969
456,13972
478,14076
477,14082
278,14084
353,14094
564,14107
456,14119
99,14129
346,14199
347,14200
106,14250
556,14269
284,14270
285,14271
203,14393
337,14406
259,14464
398,14465
62,14484
283,14543
250,14544
271,14544
251,14545
516,14545
61,14726
506,14726
507,14727
556,14730
284,14731
285,14732
122,14742
123,14743
252,14791
478,14889
196,14910
197,14911
339,14962
139,14967
258,14988
280,14998
281,14999
61,15088
506,15088
144,15104
478,15111
130,15136
123,15157
503,15171
478,15222
360,15281
366,15292
142,15309
143,15310
251,15329
516,15329
252,15330
381,15362
382,15363
370,15375
198,15397
196,15417
197,15418
180,15423
181,15424
512,15424
122,15425
350,15444
185,15484
510,15540
130,15541
478,15570
382,15605
381,15609
61,15775
506,15775
381,15884
559,15903
297,15904
252,15910
550,15922
551,15923
62,15952
475,16053
476,16054
316,16062
558,16062
296,16177
354,16178
560,16178
91,16261
183,16429
514,16429
557,16429
316,16430
558,16430
140,16514
350,16530
282,16656
505,16656
283,16657
284,16658
250,16699
271,16699
272,16700
250,16716
271,16716
251,16717
516,16717
184,16734
285,16735
252,16768
183,16819
514,16819
557,16819
316,16821
558,16821
431,16837
296,16839
471,16844
181,16866
512,16866
182,16867
513,16867
301,16900
477,16951
251,16976
516,16976
181,17008
512,17008
122,17009
129,17109
130,17110
259,17111
370,17153
554,17186
555,17187
106,17199
251,17228
516,17228
252,17229
478,17293
122,17336
252,17374
122,17384
511,17392
202,17393
202,17442
196,17488
202,17503
280,17517
309,17532
310,17533
311,17534
465,17551
251,17573
516,17573
121,17587
122,17588
83,17637
202,17640
106,17650
431,17722
556,17723
317,17725
551,17728
339,17785
396,17793
397,17794
131,17818
132,17819
196,17848
83,17889
360,17982
338,17995
317,18005
250,18017
271,18017
454,18062
203,18117
268,18134
336,18201
106,18217
62,18268
407,18294
310,18296
129,18306
130,18307
555,18309
556,18310
183,18311
514,18311
557,18311
316,18312
558,18312
556,18329
349,18357
398,18358
202,18443
208,18507
272,18513
454,18529
23,18630
196,18819
197,18820
397,18841
398,18842
442,18875
122,18885
180,18931
123,18947
549,19020
285,19080
348,19094
349,19095
106,19120
250,19128
271,19128
300,19129
301,19130
478,19173
477,19217
272,19247
478,19281
350,19284
477,19346
122,19392
129,19415
511,19416
181,19417
512,19417
122,19418
252,19426
456,19474
147,19476
76,19477
364,19514
337,19592
456,19675
457,19676
182,19677
513,19677
251,19738
516,19738
141,19749
310,19781
316,19819
558,19819
129,19911
511,19912
202,19913
203,19914
259,19948
398,19949
449,20002
196,20004
197,20005
250,20021
271,20021
455,20052
456,20053
203,20055
382,20069
383,20070
339,20106
346,20110
202,20144
128,20148
230,20151
515,20245
251,20246
516,20246
300,20260
186,20330
207,20339
196,20350
122,20406
123,20407
146,20432
296,20573
471,20585
147,20611
278,20612
517,20648
220,20652
181,20674
512,20674
122,20675
47,20682
48,20683
476,20689
283,20709
250,20710
271,20710
252,20740
129,20806
130,20807
442,20831
282,20849
505,20849
147,20865
76,20866
283,20882
284,20883
285,20884
181,20947
512,20947
258,20979
398,21014
293,21056
140,21065
283,21092
183,21093
514,21093
557,21093
184,21094
469,21133
478,21220
122,21245
466,21289
316,21419
558,21419
454,21485
180,21597
202,21598
382,21613
383,21614
196,21618
202,21625
477,21645
181,21687
512,21687
258,21706
131,21707
132,21708
337,21770
25,21835
282,21844
505,21844
283,21845
183,21846
514,21846
557,21846
515,21847
251,21848
516,21848
517,21903
121,21951
310,22062
259,22075
159,22102
183,22128
514,22128
557,22128
106,22163
381,22183
147,22236
370,22347
106,22390
503,22397
294,22455
251,22515
516,22515
339,22527
465,22560
457,22575
463,22584
339,22621
556,22627
301,22649
339,22699
316,22767
558,22767
559,22768
297,22769
251,22776
516,22776
180,22778
46,22812
449,22823
317,22867
449,22901
183,22929
514,22929
557,22929
515,22930
251,22931
516,22931
183,22955
514,22955
557,22955
515,22956
259,22964
398,22965
310,23007
220,23035
310,23103
453,23142
129,23173
511,23174
370,23182
258,23186
46,23265
511,23342
202,23343
203,23344
85,23356
196,23357
339,23412
515,23414
251,23415
516,23415
517,23416
129,23524
279,23565
477,23592
398,23619
440,23681
317,23733
202,23741
258,23794
259,23795
398,23796
262,23838
338,23908
202,23936
183,24000
514,24000
557,24000
515,24001
294,24031
295,24032
296,24033
122,24045
463,24123
120,24193
121,24194
47,24253
48,24254
355,24282
338,24295
339,24296
282,24310
505,24310
61,24311
506,24311
129,24349
130,24350
259,24351
308,24460
309,24461
196,24479
197,24480
182,24520
513,24520
283,24607
59,24671
60,24672
556,24692
478,24733
61,24776
506,24776
455,24835
556,24878
478,24928
250,24950
271,24950
251,24951
516,24951
381,24985
123,24989
183,25005
514,25005
557,25005
184,25008
431,25101
556,25102
250,25103
271,25103
251,25104
516,25104
147,25181
278,25182
106,25189
442,25221
511,25345
202,25346
556,25356
183,25357
514,25357
557,25357
280,25401
281,25402
282,25403
505,25403
283,25404
181,25465
512,25465
337,25499
398,25597
250,25613
271,25613
349,25685
181,25691
512,25691
62,25693
339,25780
515,25782
259,25817
398,25818
150,25864
202,25885
297,25903
517,25918
131,26035
132,26036
202,26040
180,26043
181,26044
512,26044
220,26131
367,26145
511,26172
441,26201
181,26257
512,26257
507,26259
503,26284
463,26381
549,26440
120,26522
310,26548
549,26599
550,26600
551,26601
549,26618
339,26642
311,26819
62,26862
549,26900
511,26907
431,27016
556,27017
252,27058
296,27083
406,27118
407,27119
398,27125
381,27139
309,27150
353,27158
515,27235
128,27248
280,27252
281,27253
282,27333
505,27333
61,27334
506,27334
202,27348
280,27390
431,27393
123,27395
301,27396
250,27453
271,27453
316,27464
558,27464
453,27484
61,27485
506,27485
62,27486
555,27510
62,27512
63,27513
146,27515
441,27535
442,27536
183,27662
514,27662
557,27662
184,27663
285,27664
309,27684
23,27784
549,27805
550,27806
551,27807
310,27847
311,27848
465,27870
396,27926
272,27945
549,28004
278,28024
62,28038
255,28056
196,28160
252,28171
456,28176
550,28265
258,28336
259,28337
196,28351
339,28357
30,28483
309,28486
131,28521
132,28522
121,28546
478,28555
176,28579
62,28610
148,28640
398,28671
141,28687
60,28697
431,28775
62,28777
556,28792
351,28805
29,28822
283,28853
317,28855
258,28858
83,28861
309,28864
310,28865
183,28878
514,28878
557,28878
349,28902
503,28907
352,28911
353,28912
297,28913
130,28953
370,28955
555,28960
432,28961
283,29013
61,29037
506,29037
62,29038
381,29071
311,29095
312,29096
556,29119
183,29120
514,29120
557,29120
196,29134
62,29153
258,29195
258,29203
181,29214
512,29214
182,29215
513,29215
250,29216
271,29216
515,29237
432,29430
307,29478
131,29516
132,29517
121,29551
122,29552
338,29638
138,29695
183,29698
514,29698
557,29698
184,29699
185,29700
257,29727
181,29729
512,29729
62,29731
182,29740
513,29740
122,29751
183,29774
514,29774
557,29774
62,29794
503,29846
183,29858
514,29858
557,29858
59,29895
60,29896
307,29939
61,29946
506,29946
62,29947
339,29999
478,30081
196,30092
197,30093
454,30123
46,30127
47,30128
48,30129
47,30163
48,30164
555,30176
556,30177
317,30179
250,30195
271,30195
272,30196
122,30283
250,30350
271,30350
346,30353
62,30387
515,30441
310,30549
455,30553
21,30554
202,30569
309,30583
310,30584
130,30627
99,30661
91,30662
208,30679
146,30740
182,30755
513,30755
62,30767
184,30913
310,30948
311,30949
282,30970
505,30970
554,30976
555,30977
183,30982
514,30982
557,30982
62,31018
63,31019
208,31039
555,31043
556,31044
183,31045
514,31045
557,31045
184,31046
285,31047
406,31079
183,31165
514,31165
557,31165
515,31167
251,31168
516,31168
467,31172
468,31173
469,31174
349,31179
456,31194
478,31257
456,31269
510,31275
511,31276
129,31299
511,31300
202,31301
203,31302
555,31328
556,31329
183,31330
514,31330
557,31330
316,31332
558,31332
122,31358
62,31364
352,31367
456,31369
128,31388
182,31490
513,31490
453,31586
549,31591
550,31592
91,31636
92,31637
93,31638
339,31663
130,31713
259,31714
202,31735
454,31742
440,31767
250,31788
271,31788
398,31811
147,31858
283,31900
196,31951
197,31952
60,31965
122,32062
121,32067
542,32106
123,32110
515,32117
310,32129
180,32224
181,32225
512,32225
122,32226
180,32241
398,32260
478,32276
457,32278
203,32352
83,32361
338,32366
121,32373
122,32374
61,32396
506,32396
555,32451
338,32647
339,32648
477,32663
475,32736
476,32737
208,32794
347,32803
348,32804
338,32813
33,32859
294,32880
62,32882
449,32892
196,32894
339,32908
555,32921
250,32926
271,32926
432,32985
273,33036
297,33051
123,33125
449,33135
549,33152
159,33180
453,33195
61,33196
506,33196
397,33280
398,33281
550,33283
565,33300
107,33334
196,33337
293,33354
317,33360
181,33364
512,33364
463,33372
555,33378
556,33379
250,33380
271,33380
220,33442
431,33503
556,33504
370,33574
83,33647
121,33671
181,33690
512,33690
458,33691
455,33724
202,33741
202,33754
180,33757
250,33791
271,33791
478,33858
478,33958
283,34069
250,34070
271,34070
272,34071
556,34099
183,34100
514,34100
557,34100
431,34129
455,34131
21,34132
121,34135
122,34136
360,34163
294,34174
265,34185
515,34192
272,34193
182,34216
513,34216
284,34217
285,34218
174,34238
283,34254
556,34286
183,34287
514,34287
557,34287
515,34288
364,34299
365,34300
183,34337
514,34337
557,34337
316,34338
558,34338
309,34379
310,34445
311,34446
265,34505
397,34522
398,34523
120,34564
107,34571
130,34573
259,34574
398,34575
552,34600
553,34601
397,34602
282,34650
505,34650
405,34653
62,34684
180,34690
122,34703
106,34774
477,34806
564,34932
202,34936
347,34967
348,34968
555,34970
556,34971
121,35015
346,35045
347,35046
132,35121
123,35171
174,35183
122,35213
346,35216
182,35237
513,35237
250,35238
271,35238
258,35272
259,35273
291,35362
432,35494
83,35509
196,35588
515,35591
515,35618
179,35624
180,35625
455,35653
139,35667
197,35757
258,35785
23,35831
123,35837
180,35861
203,35866
398,35928
60,35985
454,35986
207,36047
478,36072
279,36099
280,36100
397,36125
398,36126
196,36143
441,36176
149,36189
555,36197
556,36198
183,36199
514,36199
557,36199
515,36202
300,36203
441,36224
259,36281
397,36295
260,36296
196,36343
197,36344
250,36350
271,36350
360,36354
381,36419
250,36428
271,36428
99,36438
91,36439
60,36467
278,36476
196,36494
197,36495
129,36528
61,36563
506,36563
202,36581
251,36620
516,36620
87,36660
564,36668
431,36768
455,36805
21,36806
22,36807
449,36891
317,36929
449,36975
150,37001
477,37080
182,37128
513,37128
250,37129
271,37129
251,37130
516,37130
46,37163
99,37175
478,37206
431,37229
183,37253
514,37253
557,37253
360,37266
360,37304
183,37355
514,37355
557,37355
184,37356
196,37361
517,37420
310,37429
196,37487
476,37531
129,37549
130,37550
259,37551
106,37574
107,37575
184,37592
185,37593
106,37639
293,37673
294,37674
251,37685
516,37685
282,37724
505,37724
454,37739
317,37843
91,37847
478,37869
181,37905
512,37905
368,37929
202,37955
196,38050
197,38051
122,38092
556,38148
250,38149
271,38149
300,38150
515,38166
180,38172
123,38189
542,38228
293,38271
294,38272
449,38300
556,38325
250,38326
271,38326
316,38395
558,38395
61,38416
506,38416
159,38425
123,38434
106,38455
202,38523
181,38538
512,38538
122,38539
182,38584
513,38584
250,38585
271,38585
152,38592
62,38658
196,38742
442,38782
220,38801
294,38836
83,38912
130,38927
106,38936
398,38965
197,39034
310,39062
440,39078
123,39105
553,39172
397,39173
62,39240
477,39388
431,39396
296,39398
309,39425
471,39455
550,39461
477,39502
477,39535
283,39544
468,39670
469,39671
307,39675
308,39676
309,39677
463,39738
142,39796
132,39802
59,39817
207,39870
128,39963
129,39964
511,39965
181,39966
512,39966
122,39967
465,40003
466,40004
82,40013
62,40110
477,40114
265,40146
140,40164
272,40187
285,40208
106,40247
107,40248
130,40250
182,40279
513,40279
250,40280
271,40280
220,40285
478,40478
382,40522
383,40523
87,40532
273,40545
300,40578
106,40612
121,40632
196,40641
549,40671
370,40732
182,40737
513,40737
503,40751
62,40779
339,40784
310,40826
337,40837
202,40866
449,40868
258,40880
398,40921
476,40931
441,40953
106,41171
129,41186
130,41187
131,41188
132,41189
141,41196
142,41197
150,41204
186,41234
556,41291
183,41292
514,41292
557,41292
515,41293
278,41313
279,41314
309,41336
310,41337
352,41341
336,41359
337,41360
338,41361
342,41364
21,41382
364,41384
365,41385
397,41409
398,41410
463,41418
441,41437
442,41438
180,41453
468,41464
469,41465
511,41501
549,41532
550,41533
551,41534
552,41535
296,41539
297,41540
106,41585
107,41586
549,41606
208,41622
196,41625
129,41641
129,41674
21,41686
309,41714
203,41716
220,41732
283,41742
250,41743
271,41743
370,41761
465,41815
455,41849
250,41903
271,41903
202,41916
122,41925
207,41942
121,42016
122,42017
307,42047
453,42068
283,42069
317,42071
381,42086
477,42102
122,42109
265,42135
230,42138
310,42158
311,42159
129,42217
31,42249
519,42251
123,42297
122,42349
180,42355
311,42552
40,42556
281,42635
282,42636
505,42636
456,42670
62,42678
130,42686
456,42717
129,42796
511,42797
181,42798
512,42798
122,42799
510,42814
511,42815
202,42816
503,42864
129,42884
130,42885
106,42893
360,42918
455,42970
21,42971
169,43009
202,43017
478,43043
152,43066
511,43088
310,43152
311,43153
312,43154
122,43177
550,43200
346,43229
347,43230
180,43253
202,43254
465,43302
503,43357
122,43383
382,43402
477,43444
121,43537
21,43584
475,43614
181,43624
512,43624
182,43625
513,43625
250,43626
271,43626
132,43679
453,43873
61,43874
506,43874
555,43920
432,43921
463,43964
61,44006
506,44006
62,44007
555,44102
556,44103
294,44140
129,44149
260,44257
370,44266
141,44349
310,44381
311,44382
21,44413
62,44460
145,44486
455,44523
456,44524
457,44525
182,44526
513,44526
284,44527
309,44594
129,44659
511,44660
202,44661
207,44664
503,44720
159,44852
487,44938
258,44942
259,44943
398,44944
147,44981
273,45014
556,45043
250,45044
271,45044
477,45052
550,45070
431,45078
208,45084
207,45101
250,45107
271,45107
272,45108
196,45210
340,45212
338,45246
252,45295
478,45324
366,45327
367,45328
246,45383
247,45384
465,45389
456,45478
475,45492
106,45503
250,45539
271,45539
207,45542
180,45584
202,45585
129,45589
449,45620
339,45667
129,45746
511,45747
339,45786
251,45788
516,45788
121,45981
182,45982
513,45982
250,45983
271,45983
312,46008
431,46059
556,46060
250,46061
271,46061
294,46153
477,46284
121,46310
552,46376
517,46386
146,46424
107,46451
360,46472
397,46546
146,46549
129,46593
511,46594
311,46596
32,46600
33,46601
44,46615
511,46624
202,46631
262,46640
122,46747
259,46751
370,46776
398,46797
196,46808
455,46903
251,47135
516,47135
259,47138
456,47180
457,47181
122,47182
278,47315
316,47349
558,47349
381,47369
382,47370
383,47371
181,47570
512,47570
258,47597
487,47613
196,47618
260,47637
469,47650
556,47687
150,47722
549,47741
62,47817
202,47822
478,47826
431,47841
556,47842
250,47843
271,47843
310,47869
282,47917
505,47917
283,47918
250,47919
271,47919
310,48023
515,48051
121,48063
83,48080
62,48092
250,48116
271,48116
251,48117
516,48117
350,48131
122,48138
60,48148
283,48149
63,48239
250,48314
271,48314
230,48327
122,48387
204,48407
258,48561
259,48562
398,48563
106,48589
455,48613
564,48625
183,48632
514,48632
557,48632
515,48633
431,48698
59,48726
60,48727
121,48782
122,48783
202,48793
478,48797
265,48806
312,48848
431,48869
440,48887
551,48920
556,48991
284,48992
129,49005
555,49089
556,49090
550,49133
48,49145
131,49166
129,49188
61,49328
506,49328
251,49349
516,49349
252,49350
478,49384
60,49414
91,49423
122,49430
196,49451
406,49463
407,49464
259,49538
283,49551
250,49552
271,49552
251,49553
516,49553
252,49554
316,49613
558,49613
122,49619
360,49685
381,49700
515,49725
559,49764
297,49765
478,49780
555,49824
62,49826
63,49827
468,49851
469,49852
397,49861
398,49862
364,49870
365,49871
230,49904
61,49909
506,49909
62,49910
515,49938
369,49959
431,49990
348,49997
468,50004
469,50005
454,50015
431,50024
556,50025
197,50056
61,50069
506,50069
130,50073
250,50080
271,50080
366,50119
454,50136
455,50137
21,50138
329,50156
431,50175
432,50176
106,50196
196,50202
61,50282
506,50282
398,50304
106,50347
122,50432
123,50433
278,50441
468,50556
469,50557
338,50572
196,50594
63,50624
183,50645
514,50645
557,50645
515,50646
300,50647
142,50661
63,50714
196,50759
340,50761
180,50818
202,50819
478,50842
22,50844
283,50886
250,50887
271,50887
60,50895
398,51020
347,51083
296,51087
503,51103
364,51111
365,51112
180,51136
338,51203
202,51232
465,51290
129,51310
130,51311
360,51325
463,51392
182,51482
513,51482
456,51511
311,51513
202,51539
129,51552
511,51553
181,51554
512,51554
122,51555
310,51625
258,51682
468,51684
469,51685
398,51699
278,51830
122,51879
549,51887
203,51942
106,51976
504,51979
250,51988
271,51988
130,52012
549,52047
180,52084
202,52085
511,52097
202,52098
370,52131
339,52163
272,52165
309,52188
360,52313
517,52323
382,52326
383,52327
106,52368
62,52412
123,52427
251,52454
516,52454
106,52465
510,52507
511,52508
196,52514
476,52531
541,52536
542,52537
61,52540
506,52540
349,52565
398,52566
453,52598
283,52647
293,52661
511,52687
397,52793
350,52794
122,52801
61,52812
506,52812
62,52813
160,52840
123,52871
63,52899
365,52901
477,52967
431,53021
432,53106
366,53130
397,53153
398,53154
359,53207
251,53231
516,53231
510,53265
487,53325
259,53480
398,53481
453,53603
283,53604
183,53605
514,53605
557,53605
316,53607
558,53607
21,53609
503,53629
252,53652
341,53658
342,53659
129,53736
251,53825
516,53825
196,53855
202,54053
338,54070
455,54106
456,54107
147,54109
431,54128
296,54130
370,54159
455,54181
150,54222
468,54237
469,54238
131,54320
293,54393
294,54394
468,54417
469,54418
259,54425
455,54460
258,54473
131,54474
132,54475
478,54632
339,54658
106,54684
122,54703
252,54705
285,54802
556,54860
250,54861
271,54861
296,54882
297,54883
406,54917
283,54956
317,54958
180,54996
106,55036
556,55063
250,55064
271,55064
456,55100
432,55105
396,55117
555,55131
468,55152
469,55153
196,55187
197,55188
278,55261
264,55315
265,55316
471,55343
250,55457
271,55457
272,55473
122,55549
202,55607
259,55619
129,55713
130,55714
250,55730
271,55730
129,55764
130,55765
555,55791
556,55792
259,55871
398,55872
398,56010
478,56034
283,56055
250,56056
271,56056
272,56057
141,56079
197,56103
122,56153
549,56159
203,56198
381,56228
478,56259
258,56281
511,56431
202,56432
549,56460
258,56467
477,56484
278,56486
180,56505
181,56506
512,56506
310,56512
310,56530
310,56629
515,56642
202,56671
129,56699
511,56700
549,56726
220,56731
316,56761
558,56761
511,56789
478,56822
278,56864
181,56876
512,56876
122,56877
258,56950
360,57003
122,57093
296,57102
477,57192
478,57193
468,57219
469,57220
463,57282
515,57297
463,57374
251,57464
516,57464
454,57483
283,57503
250,57504
271,57504
182,57580
513,57580
250,57581
271,57581
61,57614
506,57614
550,57627
107,57646
511,57648
182,57709
513,57709
398,57715
470,57751
202,57804
317,57819
339,57864
397,57917
202,57948
203,57949
204,57950
309,57975
310,57976
122,58041
59,58099
60,58100
106,58109
503,58114
307,58217
308,58218
382,58239
280,58287
431,58303
432,58304
250,58349
271,58349
107,58361
338,58468
281,58577
282,58578
505,58578
398,58620
106,58651
142,58653
208,58677
310,58684
252,58696
283,58710
183,58711
514,58711
557,58711
455,58743
476,58765
431,58775
455,58777
196,58802
147,58850
278,58851
129,58869
130,58870
294,58894
295,58895
293,58923
183,58946
514,58946
557,58946
316,58948
558,58948
338,58966
339,58967
285,58969
120,58986
121,58987
122,58988
83,59009
455,59028
203,59049
431,59067
62,59174
85,59224
196,59225
197,59226
142,59244
143,59245
83,59276
311,59309
367,59314
86,59345
62,59352
370,59370
338,59386
182,59436
513,59436
250,59437
271,59437
311,59457
552,59465
397,59611
260,59612
205,59640
91,59643
129,59646
510,59700
511,59701
181,59702
512,59702
296,59704
432,59738
338,59781
339,59782
255,59796
