292,30
341,159
137,161
323,262
282,354
165,367
116,368
166,368
116,369
166,369
116,370
166,370
321,371
135,452
296,519
108,598
381,725
115,797
116,798
166,798
135,854
136,855
295,908
165,936
116,937
166,937
116,938
166,938
117,939
167,939
118,940
411,957
151,971
212,993
283,1027
284,1028
243,1058
116,1065
166,1065
321,1066
292,1115
284,1225
110,1261
345,1364
321,1391
322,1392
323,1393
226,1413
135,1415
296,1416
146,1457
151,1458
118,1459
119,1460
282,1479
283,1480
165,1481
308,1503
309,1504
282,1568
139,1571
283,1579
165,1580
295,1589
296,1590
383,1635
384,1636
237,1652
237,1769
136,1770
383,1772
407,1801
409,1825
120,1833
165,1876
240,2042
262,2054
119,2069
296,2149
296,2154
283,2198
165,2199
116,2200
166,2200
321,2201
345,2212
283,2233
284,2234
115,2269
321,2270
165,2277
116,2278
166,2278
116,2279
166,2279
321,2280
105,2347
381,2432
407,2437
116,2489
166,2489
116,2490
166,2490
116,2491
166,2491
116,2492
166,2492
116,2493
166,2493
61,2496
321,2510
139,2512
381,2521
114,2522
115,2523
237,2582
136,2583
60,2621
173,2622
189,2663
190,2664
313,2713
342,2736
296,2790
297,2791
115,2826
321,2827
296,2847
321,2861
137,2889
292,2912
151,2961
152,2962
296,3084
381,3116
138,3118
323,3131
282,3140
283,3141
237,3224
449,3254
237,3278
136,3279
407,3403
310,3430
116,3465
166,3465
116,3466
166,3466
116,3467
166,3467
321,3468
283,3477
136,3516
383,3518
119,3560
104,3561
119,3635
243,3645
378,3654
284,3657
342,3723
105,3724
282,3833
283,3834
381,3841
114,3842
472,3850
114,3887
115,3888
381,3911
323,3914
138,3943
237,3968
296,3969
407,3994
237,4073
139,4127
115,4138
116,4139
166,4139
321,4140
284,4193
322,4194
449,4227
247,4252
114,4280
115,4281
283,4379
115,4390
321,4391
322,4392
60,4412
151,4482
118,4483
115,4498
116,4499
166,4499
117,4500
167,4500
118,4501
450,4628
407,4642
92,4679
381,4754
60,4756
71,4788
237,4800
93,4821
115,4850
117,4851
167,4851
410,4922
114,4950
115,4951
321,4952
138,4968
275,5066
139,5069
381,5102
237,5147
136,5148
136,5157
137,5271
136,5324
119,5429
247,5432
139,5441
343,5479
344,5480
151,5550
118,5551
138,5605
137,5612
321,5662
285,5663
105,5699
407,5788
153,5810
246,5841
247,5842
292,5990
410,6038
407,6120
410,6152
282,6301
284,6346
283,6362
165,6363
116,6364
166,6364
321,6365
382,6387
383,6388
382,6420
383,6421
110,6439
136,6447
137,6448
114,6525
84,6628
237,6710
213,6791
168,6814
408,6861
284,6873
447,6905
136,6914
285,6917
447,6988
344,7028
381,7061
296,7073
432,7167
283,7236
284,7237
399,7374
262,7382
433,7418
137,7525
321,7581
284,7611
104,7644
114,7751
358,7849
114,7911
182,7913
384,7926
384,7979
139,7997
237,8000
283,8109
137,8193
138,8209
139,8210
237,8216
136,8217
137,8218
105,8326
291,8369
408,8466
409,8467
151,8544
118,8545
119,8546
136,8570
60,8572
213,8621
446,8625
182,8676
104,8703
104,8787
115,8842
321,8843
323,9270
161,9337
358,9346
105,9376
106,9377
104,9411
342,9474
446,9499
213,9719
296,9786
407,9790
407,9823
408,9824
381,9941
114,9942
283,10049
284,10050
356,10066
136,10089
292,10201
293,10202
381,10214
473,10314
239,10333
130,10340
292,10370
151,10441
334,10626
308,10669
309,10670
239,10711
151,10756
168,10757
410,10871
119,10898
179,10931
139,10934
139,10955
310,11007
304,11020
305,11021
283,11048
151,11049
214,11285
109,11301
115,11379
116,11380
166,11380
321,11381
283,11527
165,11528
117,11529
167,11529
237,11549
136,11550
137,11551
138,11552
139,11553
398,11607
135,11684
93,11709
378,11754
139,11798
237,11801
137,11850
283,11899
284,11900
182,11906
283,12026
151,12027
152,12028
322,12060
308,12105
296,12200
136,12212
137,12213
275,12275
115,12324
116,12550
166,12550
137,12573
284,12599
344,12623
409,12682
410,12758
115,12790
116,12791
166,12791
117,12792
167,12792
152,12793
284,12855
247,12925
117,12978
167,12978
152,12979
342,13007
117,13037
167,13037
243,13051
239,13131
138,13149
139,13150
283,13197
384,13218
342,13224
104,13227
213,13320
384,13412
275,13442
282,13532
283,13533
213,13548
381,13618
138,13620
410,13624
344,13692
344,13699
161,13701
305,13835
381,13843
407,13866
408,13867
119,13972
120,13973
237,14041
119,14119
283,14181
283,14195
284,14196
285,14197
87,14324
307,14340
355,14346
381,14482
139,14491
240,14593
237,14740
136,14741
137,14742
432,14757
433,14758
449,14835
136,14855
384,14936
322,14964
243,14988
408,15089
114,15185
137,15425
409,15431
410,15432
283,15482
344,15601
408,15635
151,15902
283,16060
165,16061
117,16062
167,16062
118,16063
283,16239
115,16429
117,16430
167,16430
152,16431
237,16525
343,16556
60,16639
381,16714
114,16715
292,16761
215,16781
115,16819
116,16820
166,16820
117,16821
167,16821
168,16869
237,16894
341,16923
132,16964
137,17009
138,17059
139,17060
164,17095
284,17096
407,17188
137,17336
262,17365
136,17383
137,17384
138,17385
139,17386
76,17402
409,17491
295,17532
296,17533
284,17572
137,17588
473,17612
384,17633
284,17663
139,17665
283,17749
322,17787
283,17842
354,17978
343,17989
344,17990
283,18003
151,18004
93,18095
341,18098
323,18207
407,18267
296,18296
244,18308
115,18311
117,18312
167,18312
118,18313
237,18337
343,18345
344,18346
282,18373
139,18376
283,18511
284,18512
399,18533
284,18574
284,18621
131,18646
76,18736
240,18748
137,18885
381,18945
310,18981
237,19030
291,19034
292,19035
293,19036
275,19066
114,19127
282,19188
283,19189
151,19190
323,19204
179,19327
213,19369
137,19392
137,19418
343,19467
344,19468
119,19474
104,19475
105,19476
151,19673
118,19674
119,19675
296,19781
282,19788
283,19817
165,19818
117,19819
167,19819
152,19820
153,19821
212,19922
322,20022
119,20053
285,20108
165,20122
116,20123
166,20123
283,20203
284,20204
151,20220
321,20245
448,20282
278,20330
136,20405
137,20406
409,20528
342,20610
105,20611
60,20632
240,20654
292,20671
137,20675
138,20676
322,20711
227,20837
342,20864
105,20865
243,20979
115,21093
283,21144
283,21181
284,21182
322,21183
137,21245
282,21345
283,21346
165,21347
116,21348
166,21348
91,21373
432,21380
165,21418
117,21419
167,21419
213,21525
193,21632
383,21689
243,21706
174,21717
115,21846
321,21847
165,21863
342,21876
282,21980
410,22049
296,22062
407,22099
284,22107
115,22128
409,22144
344,22190
345,22191
237,22234
105,22236
213,22383
283,22467
384,22470
292,22520
342,22572
384,22630
117,22767
167,22767
284,22775
283,22865
151,22866
115,22929
321,22930
114,22954
115,22955
321,22956
89,22958
237,23006
296,23007
308,23067
309,23068
284,23084
296,23103
235,23135
243,23186
342,23334
104,23337
321,23414
383,23437
384,23438
237,23555
239,23627
399,23770
243,23794
356,23866
237,23873
342,23949
115,24000
321,24001
382,24015
137,24045
342,24222
410,24262
411,24263
408,24312
292,24331
343,24335
295,24461
342,24468
136,24519
151,24527
283,24648
284,24649
356,24851
449,24909
139,24938
384,24974
115,25005
116,25006
166,25006
116,25007
166,25007
182,25030
139,25046
151,25131
105,25181
262,25192
410,25249
354,25268
115,25357
297,25383
136,25432
283,25443
283,25735
151,25736
409,25754
321,25782
213,25926
237,25945
284,25975
109,25982
237,26062
213,26085
381,26110
60,26112
136,26147
343,26174
344,26175
275,26224
297,26235
75,26353
432,26402
383,26430
447,26507
237,26547
296,26548
213,26622
283,26753
151,26754
239,26855
384,26948
283,27061
210,27146
295,27150
283,27233
165,27234
321,27235
345,27314
408,27335
381,27358
60,27360
292,27364
117,27464
167,27464
168,27465
407,27511
275,27538
449,27654
114,27661
115,27662
295,27684
296,27847
284,27944
410,28021
322,28033
383,28047
384,28048
447,28058
119,28176
118,28218
384,28292
243,28336
322,28354
323,28355
404,28406
308,28423
407,28452
245,28472
295,28486
87,28517
104,28557
414,28630
165,28676
116,28677
166,28677
213,28745
407,28776
283,28798
243,28858
295,28864
296,28865
115,28878
182,29015
110,29096
115,29120
282,29127
449,29146
407,29152
243,29195
243,29203
321,29237
285,29238
286,29239
93,29266
282,29270
60,29431
91,29452
137,29552
323,29554
447,29657
447,29677
115,29698
407,29710
408,29711
384,29748
137,29751
115,29774
116,29775
166,29775
115,29858
153,30071
136,30282
137,30283
283,30318
165,30319
116,30320
166,30320
116,30321
166,30321
182,30323
283,30342
114,30349
285,30351
432,30409
237,30434
321,30441
283,30492
296,30549
295,30583
296,30584
60,30588
135,30753
136,30754
125,30870
60,30875
283,30909
165,30910
116,30911
166,30911
116,30912
166,30912
136,30939
296,30948
407,30978
114,30981
115,30982
244,31042
115,31045
342,31104
115,31165
116,31166
166,31166
321,31167
308,31184
119,31194
408,31201
119,31269
104,31270
115,31330
116,31331
166,31331
117,31332
167,31332
89,31341
90,31342
91,31343
237,31356
136,31357
137,31358
406,31362
407,31363
119,31369
323,31394
191,31426
136,31461
383,31463
341,31565
344,31627
323,31698
139,31826
237,31829
136,31830
105,31858
283,31861
284,31862
92,31870
406,31956
407,31957
408,31958
407,31990
408,31991
384,32024
136,32061
137,32062
138,32075
139,32076
165,32115
116,32116
166,32116
321,32117
296,32129
449,32149
124,32217
125,32218
137,32226
409,32273
410,32274
135,32347
137,32374
138,32375
139,32376
408,32397
409,32398
410,32399
308,32431
309,32432
244,32450
407,32452
408,32453
409,32454
381,32581
382,32582
383,32583
384,32584
344,32665
239,32678
335,32769
381,32834
75,32861
409,32897
410,32898
407,32922
114,32925
139,32928
151,32994
118,32995
343,33058
344,33059
334,33071
381,33119
114,33120
408,33197
382,33341
383,33342
283,33346
114,33358
322,33381
334,33385
472,33492
125,33493
75,33664
398,33707
136,33763
284,33786
408,33873
174,33881
284,33900
410,33908
115,34100
335,34118
137,34136
283,34189
165,34190
116,34191
166,34191
321,34192
136,34215
282,34230
283,34231
115,34287
321,34288
381,34335
114,34336
115,34337
117,34338
167,34338
118,34339
295,34379
296,34445
131,34447
283,34458
284,34459
237,34681
136,34682
136,34702
137,34703
138,34704
384,34746
410,34843
109,34958
356,34999
283,35004
147,35005
151,35070
152,35071
165,35082
116,35083
166,35083
138,35096
383,35117
384,35118
283,35178
237,35211
136,35212
137,35213
136,35236
384,35251
243,35272
283,35320
151,35321
135,35394
136,35395
136,35437
60,35495
410,35549
246,35579
247,35580
292,35585
321,35591
283,35616
165,35617
321,35618
284,35695
243,35785
447,35857
109,35965
136,36003
399,36024
358,36081
322,36119
334,36123
92,36179
244,36196
115,36199
116,36200
166,36200
116,36201
166,36201
321,36202
373,36285
322,36351
323,36352
60,36410
215,36421
60,36469
182,36489
87,36546
283,36618
284,36619
87,36643
291,36727
292,36728
283,36749
147,36750
407,36769
323,36822
240,36878
282,36885
344,36968
447,37079
344,37082
345,37083
409,37145
410,37146
407,37230
115,37253
323,37302
114,37354
115,37355
296,37429
293,37437
114,37479
182,37481
139,37537
165,37590
116,37591
166,37591
283,37683
284,37684
247,37706
151,37842
383,37907
383,37926
147,37960
410,37985
237,38020
136,38091
137,38092
283,38124
284,38125
283,38163
165,38164
116,38165
166,38165
321,38166
408,38274
432,38353
227,38377
165,38391
116,38392
166,38392
116,38393
166,38393
116,38394
166,38394
117,38395
167,38395
408,38417
137,38539
138,38540
383,38607
384,38608
284,38621
136,38818
383,38847
383,38853
334,38861
136,38999
304,39058
305,39059
306,39060
296,39062
286,39067
358,39080
359,39081
433,39088
282,39154
409,39348
408,39375
295,39425
238,39426
239,39427
344,39504
323,39604
295,39677
87,39959
137,39967
138,39968
138,40140
284,40186
138,40198
283,40206
285,40281
213,40311
240,40372
283,40420
284,40421
410,40434
284,40486
409,40664
410,40665
136,40736
237,40825
296,40826
243,40880
384,40891
174,40977
237,41029
381,41231
278,41234
399,41261
115,41292
321,41293
285,41294
284,41318
295,41336
296,41337
408,41498
239,41503
118,41556
291,41558
136,41664
345,41668
151,41684
118,41685
293,41712
294,41713
295,41714
285,41744
136,41924
137,41925
384,41965
136,41998
137,42017
137,42109
237,42157
296,42158
214,42264
213,42314
137,42349
237,42516
136,42517
136,42528
345,42532
93,42547
341,42550
114,42667
118,42669
119,42670
407,42677
119,42717
284,42727
179,42757
284,42792
137,42799
138,42800
139,42801
410,42895
447,42909
291,43110
296,43152
110,43154
136,43176
137,43177
139,43193
343,43240
136,43382
137,43383
449,43435
344,43446
139,43455
284,43495
284,43530
60,43548
139,43628
341,43784
373,43846
381,44087
114,44088
118,44090
296,44381
240,44400
60,44408
213,44424
119,44524
295,44594
342,44604
92,44691
312,44694
432,44708
433,44709
243,44942
237,44979
105,44981
449,45033
407,45079
408,45080
335,45146
237,45155
284,45320
314,45396
407,45411
408,45412
283,45440
284,45441
119,45478
104,45479
285,45540
182,45657
213,45661
182,45699
237,45725
211,45822
261,45846
409,45894
410,45895
110,46008
237,46120
164,46159
283,46194
147,46195
282,46457
384,46514
449,46555
308,46668
309,46669
136,46746
137,46747
446,46842
384,46977
283,47133
284,47134
119,47180
137,47182
213,47232
354,47318
164,47347
165,47348
117,47349
167,47349
118,47350
237,47401
136,47402
383,47485
384,47520
243,47597
182,47621
291,47663
407,47816
237,47868
296,47869
344,47879
237,48016
296,48023
314,48047
321,48051
136,48137
137,48138
356,48174
284,48210
409,48345
410,48346
137,48387
275,48476
155,48502
243,48561
92,48596
407,48609
381,48630
114,48631
115,48632
321,48633
237,48741
136,48742
214,48750
137,48783
282,48832
110,48848
404,48902
378,49067
244,49088
246,49197
247,49198
240,49290
408,49329
409,49330
410,49331
284,49348
237,49368
136,49429
137,49430
473,49484
283,49611
165,49612
117,49613
167,49613
137,49619
321,49725
151,49763
60,49793
284,49816
407,49825
334,49848
164,49936
165,49937
321,49938
408,50070
322,50081
60,50177
151,50262
408,50283
213,50379
136,50431
137,50432
342,50587
139,50638
115,50645
321,50646
335,50707
237,50728
275,50804
139,50854
384,51039
449,51158
139,51164
335,51187
447,51214
292,51229
323,51323
384,51459
286,51477
118,51484
119,51511
137,51555
410,51566
383,51608
384,51609
226,51622
135,51624
296,51625
433,51671
243,51682
237,51722
137,51879
138,51880
305,51894
356,51978
114,51987
295,52188
213,52335
384,52408
399,52420
284,52453
356,52479
408,52541
409,52605
410,52606
356,52728
136,52800
137,52801
450,52840
87,52844
410,52887
433,52937
84,52942
407,53022
408,53023
237,53074
60,53107
173,53108
291,53168
213,53322
344,53585
115,53605
116,53606
166,53606
117,53607
167,53607
118,53608
357,53630
283,53655
165,53656
135,53681
136,53682
60,53684
309,53806
284,53824
343,53887
344,53888
310,53911
448,54100
119,54107
104,54108
105,54109
89,54150
448,54187
260,54225
163,54308
164,54309
247,54410
190,54429
243,54473
283,54488
284,54489
139,54491
104,54634
137,54703
283,54905
284,54906
119,55100
136,55548
137,55549
135,55662
138,55707
283,55737
182,55739
381,55749
410,55898
411,55899
449,55900
93,56040
275,56087
136,56152
137,56153
243,56281
237,56299
243,56467
296,56512
296,56530
296,56629
60,56633
283,56640
165,56641
321,56642
165,56759
116,56760
166,56760
117,56761
167,56761
408,56786
343,56791
228,56857
137,56877
138,56878
341,56919
243,56950
138,57012
139,57016
237,57077
136,57092
137,57093
292,57201
116,57296
166,57296
321,57297
282,57330
283,57331
136,57399
410,57544
136,57579
345,57588
138,57690
139,57691
384,57712
237,57760
283,57817
151,57818
305,57868
306,57869
283,57890
165,57891
341,57912
295,57975
296,57976
136,58040
137,58041
147,58090
139,58156
282,58174
283,58175
284,58176
292,58292
60,58305
190,58340
381,58347
114,58348
282,58453
283,58454
284,58455
322,58456
432,58482
238,58487
239,58488
308,58597
309,58598
384,58634
296,58684
410,58687
115,58711
343,58762
105,58850
115,58946
116,58947
166,58947
117,58948
167,58948
118,58949
137,58988
384,59121
151,59298
136,59350
138,59402
139,59403
286,59549
384,59582
334,59609
