491,17
369,69
433,69
450,69
336,161
158,253
405,286
298,323
54,348
438,372
470,377
443,382
405,392
150,451
324,453
228,457
219,459
120,479
108,512
103,546
89,621
416,725
158,736
159,737
448,737
251,758
456,772
405,793
406,794
105,856
483,868
178,870
353,908
107,973
528,1001
491,1026
419,1029
319,1160
322,1235
127,1238
482,1256
483,1257
527,1300
71,1309
371,1375
381,1388
382,1389
482,1435
317,1446
191,1522
192,1523
491,1578
353,1589
179,1609
491,1614
158,1629
159,1630
448,1630
385,1636
405,1639
534,1643
47,1651
323,1652
74,1683
443,1726
47,1768
323,1769
158,1799
445,1803
446,1804
260,1805
67,1821
530,1825
374,1829
129,1851
491,1917
66,1946
67,1947
431,1951
480,1983
321,2001
482,2150
528,2169
430,2170
491,2197
419,2271
482,2288
45,2290
374,2345
104,2369
105,2370
106,2371
356,2404
357,2405
416,2432
418,2474
48,2515
416,2521
417,2522
38,2525
113,2558
323,2582
429,2584
406,2618
447,2651
418,2772
55,2791
56,2792
527,2824
438,2828
191,2836
336,2889
368,2903
369,2904
433,2904
450,2904
451,2905
452,2906
129,2923
130,2924
491,2951
397,2962
482,3009
491,3041
181,3114
416,3116
69,3133
306,3185
106,3193
491,3200
323,3224
140,3227
483,3235
47,3277
323,3278
391,3303
482,3323
418,3332
337,3385
481,3389
482,3390
45,3392
46,3393
47,3394
443,3478
54,3636
45,3641
120,3643
438,3658
439,3659
386,3678
317,3701
443,3835
416,3841
417,3842
418,3843
438,3844
180,3872
417,3887
181,3909
416,3911
69,3916
178,3919
84,3921
324,3927
158,3951
323,3968
159,4013
448,4013
56,4015
47,4072
323,4073
45,4079
46,4080
259,4101
330,4101
447,4102
354,4250
417,4280
483,4290
318,4324
527,4348
306,4355
491,4365
491,4378
443,4441
71,4444
309,4628
491,4637
416,4754
106,4798
323,4800
193,4824
417,4950
416,5102
323,5147
105,5158
193,5170
524,5187
443,5229
69,5267
336,5271
47,5301
404,5303
152,5311
114,5319
429,5377
514,5419
483,5421
381,5435
405,5471
418,5498
438,5499
324,5504
150,5522
108,5564
447,5602
104,5611
336,5612
108,5675
520,5710
371,5712
451,5791
452,5792
46,5797
182,5805
447,5869
418,5933
447,5965
181,6029
528,6105
83,6113
447,6202
322,6293
513,6308
491,6318
438,6366
418,6410
447,6436
159,6437
448,6437
160,6438
336,6448
71,6463
104,6468
46,6483
108,6485
130,6516
67,6520
417,6525
38,6527
528,6585
140,6680
47,6709
323,6710
140,6795
419,6828
528,6860
529,6861
393,6862
71,6899
72,6900
418,6916
179,7040
416,7061
430,7063
431,7064
127,7124
179,7166
324,7348
78,7368
219,7384
391,7442
150,7484
418,7520
104,7524
336,7525
528,7587
69,7597
70,7598
140,7622
417,7751
418,7752
45,7806
47,7825
527,7842
528,7843
89,7861
417,7911
385,7926
386,7927
385,7979
323,8000
38,8015
404,8067
405,8068
388,8076
389,8077
390,8078
443,8110
56,8117
418,8127
103,8191
104,8192
336,8193
71,8203
47,8215
323,8216
336,8218
136,8315
105,8366
528,8465
529,8466
530,8467
108,8519
439,8533
140,8564
171,8565
381,8669
438,8844
56,8963
451,8981
452,8982
405,8988
129,9013
374,9046
274,9054
108,9060
88,9081
89,9082
108,9120
103,9147
88,9171
89,9172
381,9305
382,9306
127,9317
374,9374
47,9415
54,9477
74,9524
404,9542
317,9557
103,9639
524,9674
529,9824
67,9902
416,9941
417,9942
47,9953
103,9983
67,10104
127,10115
482,10142
201,10145
416,10214
317,10224
244,10283
374,10331
375,10332
369,10380
433,10380
450,10380
193,10403
194,10404
293,10461
180,10556
280,10569
143,10588
482,10612
193,10642
375,10710
69,10817
70,10818
204,10825
491,10835
275,10841
72,10848
418,10858
490,11046
491,11047
371,11157
491,11236
108,11309
491,11441
456,11457
457,11458
193,11506
491,11526
275,11543
323,11549
336,11551
103,11589
382,11714
491,11721
116,11740
491,11795
323,11801
229,11806
374,11848
104,11849
336,11850
334,11866
193,11945
194,11946
45,11951
397,12028
418,12059
69,12086
70,12087
528,12145
418,12205
438,12206
336,12213
491,12263
182,12281
47,12403
482,12486
322,12543
382,12548
428,12572
336,12573
419,12600
374,12659
67,12678
530,12682
397,12793
491,12833
391,12862
184,12914
418,12937
397,12979
130,13105
375,13130
140,13139
140,13175
482,13178
483,13179
443,13198
384,13217
385,13218
150,13325
385,13412
386,13413
84,13433
481,13507
443,13534
194,13550
47,13594
259,13609
330,13609
447,13610
416,13618
361,13694
357,13710
182,13754
193,13803
194,13804
482,13811
416,13843
140,13849
529,13867
47,13888
159,13936
448,13936
490,13941
491,13942
381,13969
47,14040
323,14041
293,14125
73,14151
443,14182
445,14266
38,14271
449,14427
416,14482
181,14528
418,14544
451,14698
452,14699
528,14726
38,14732
323,14740
336,14742
458,14824
381,14910
385,14936
386,14937
513,15028
539,15054
528,15088
529,15089
182,15141
417,15185
159,15265
448,15265
381,15417
104,15424
336,15425
530,15431
457,15438
458,15439
204,15579
369,15613
433,15613
450,15613
529,15635
369,15654
433,15654
450,15654
451,15655
452,15656
528,15775
275,15914
491,15931
384,15944
193,16091
194,16092
259,16103
330,16103
428,16230
491,16238
443,16240
317,16300
108,16310
405,16340
490,16389
452,16419
397,16431
323,16525
405,16562
203,16587
181,16613
527,16656
128,16697
418,16699
438,16700
416,16714
417,16715
418,16716
38,16735
69,16743
181,16748
130,16767
104,16866
323,16894
104,17008
336,17009
62,17017
490,17072
491,17073
430,17189
431,17190
382,17252
113,17287
336,17336
336,17384
374,17392
275,17420
322,17427
381,17488
530,17491
103,17502
353,17532
335,17546
429,17547
150,17551
336,17588
308,17627
385,17633
386,17634
491,17748
443,17750
444,17751
445,17752
446,17753
259,17754
330,17754
228,17794
539,17820
381,17848
491,18002
418,18017
452,18028
106,18063
127,18067
64,18107
180,18139
181,18140
193,18163
514,18275
482,18297
323,18337
453,18353
297,18354
338,18412
490,18436
491,18437
438,18513
106,18530
354,18605
83,18694
103,18696
482,18698
318,18721
244,18727
245,18728
202,18734
203,18735
298,18782
47,18814
381,18819
228,18841
336,18885
140,18930
180,18942
181,18943
416,18945
218,18957
447,18965
89,18968
121,19011
47,19029
323,19030
38,19080
127,19102
417,19127
418,19128
419,19129
492,19233
438,19247
336,19392
391,19401
374,19416
104,19417
336,19418
159,19624
448,19624
458,19628
108,19642
397,19820
491,19840
46,19850
374,19912
180,19951
381,20004
418,20021
456,20028
67,20046
69,20092
70,20093
103,20143
158,20156
152,20175
382,20232
384,20235
390,20242
419,20260
73,20278
74,20279
103,20311
381,20350
336,20406
491,20525
530,20528
469,20547
104,20674
336,20675
79,20691
418,20710
447,20722
178,20732
527,20849
38,20884
483,20911
105,20927
103,20946
104,20947
451,20959
452,20960
317,21032
447,21078
159,21079
448,21079
491,21143
491,21180
336,21245
140,21283
229,21291
109,21407
108,21430
130,21447
47,21540
140,21596
381,21618
135,21632
104,21687
527,21844
103,21892
47,21937
391,22017
430,22100
530,22144
321,22232
322,22233
323,22234
492,22239
388,22248
389,22249
390,22250
451,22276
452,22277
321,22410
491,22466
384,22469
385,22470
158,22487
131,22516
383,22528
384,22529
491,22539
492,22540
150,22560
404,22584
492,22594
444,22623
445,22624
384,22629
385,22630
108,22695
394,22721
525,22728
490,22792
491,22793
70,22800
106,22809
107,22810
428,22847
491,22864
69,22942
417,22954
180,22967
384,22971
482,22979
323,23006
374,23174
129,23218
130,23219
152,23245
46,23262
354,23304
355,23305
356,23306
45,23315
46,23316
374,23342
381,23357
469,23391
428,23435
385,23438
386,23439
322,23554
323,23555
105,23562
470,23578
482,23588
158,23662
334,23761
127,23786
129,23800
337,23801
79,23809
323,23873
513,23925
336,24045
481,24051
482,24052
71,24054
404,24123
405,24124
393,24162
105,24195
105,24228
527,24310
528,24311
529,24312
130,24320
362,24327
491,24393
431,24396
432,24397
140,24412
141,24413
353,24461
381,24479
394,24491
481,24551
482,24552
483,24553
482,24572
391,24598
127,24736
528,24776
391,24811
445,24813
108,24941
418,24950
385,24974
129,24988
317,24998
84,25080
120,25093
418,25103
387,25116
293,25121
491,25167
482,25225
140,25252
374,25345
384,25359
55,25383
56,25384
527,25403
103,25464
104,25465
69,25501
47,25530
418,25613
104,25691
429,25692
452,25745
530,25754
443,25764
280,25833
193,25867
194,25868
103,25884
140,25887
71,25936
323,25945
103,26013
482,26015
140,26042
104,26044
105,26045
323,26062
324,26063
194,26087
416,26110
389,26166
374,26172
55,26235
56,26236
317,26248
104,26257
429,26258
119,26314
47,26379
404,26381
405,26382
127,26385
128,26386
129,26387
178,26400
179,26401
482,26471
244,26486
491,26500
323,26547
389,26575
389,26588
108,26687
66,26729
67,26730
107,26756
201,26786
73,26805
456,26842
74,26850
103,26853
375,26854
374,26907
482,26909
335,26938
429,26939
385,26948
72,26952
384,27019
443,27062
444,27063
105,27082
357,27118
353,27150
202,27284
203,27285
106,27312
527,27333
528,27334
529,27335
416,27358
418,27453
528,27485
363,27624
417,27661
38,27664
451,27674
452,27675
353,27684
259,27742
330,27742
447,27743
159,27744
448,27744
393,27751
140,27818
150,27870
193,27920
438,27945
457,27961
405,27969
385,28048
386,28049
129,28064
130,28065
103,28102
362,28157
381,28160
127,28184
432,28207
369,28208
433,28208
450,28208
491,28242
492,28243
385,28292
381,28351
382,28352
430,28453
431,28454
353,28486
251,28502
131,28505
490,28507
491,28508
482,28543
483,28544
105,28547
131,28583
180,28613
181,28614
182,28615
382,28620
483,28651
180,28673
130,28699
47,28705
281,28708
443,28799
353,28864
482,28866
483,28867
279,28901
443,29027
528,29037
193,29072
194,29073
381,29134
382,29135
47,29168
204,29179
124,29194
103,29213
104,29214
418,29216
322,29227
390,29234
513,29349
482,29522
481,29537
483,29549
336,29552
62,29571
142,29652
143,29653
79,29672
529,29711
103,29728
104,29729
429,29730
385,29748
335,29750
336,29751
191,29782
391,29790
393,29861
74,29935
528,29946
69,30014
381,30092
106,30124
107,30125
73,30182
74,30183
418,30195
438,30196
182,30199
445,30219
127,30255
336,30283
130,30284
491,30317
443,30343
444,30344
417,30349
418,30350
354,30391
177,30403
178,30404
491,30425
323,30434
382,30439
386,30457
387,30458
120,30468
491,30491
141,30536
353,30583
179,30592
180,30593
443,30604
322,30723
47,30812
482,30825
375,30849
371,30880
362,30893
74,30900
71,30960
527,30970
430,30979
417,30981
38,31047
203,31059
357,31079
105,31085
120,31110
131,31169
222,31172
217,31173
219,31181
220,31182
529,31201
105,31247
374,31276
374,31300
323,31356
336,31358
54,31370
69,31396
470,31520
491,31545
384,31552
77,31624
129,31696
103,31734
418,31788
323,31829
105,31831
158,31892
108,31935
381,31951
529,31958
529,31991
447,32000
159,32001
448,32001
384,32023
385,32024
103,32040
375,32041
336,32062
369,32131
433,32131
450,32131
104,32225
336,32226
47,32254
530,32273
105,32279
106,32280
107,32281
89,32309
336,32374
334,32382
528,32396
529,32397
530,32398
140,32448
529,32453
530,32454
390,32526
416,32581
385,32584
405,32587
406,32588
361,32667
362,32674
375,32677
129,32709
63,32719
429,32730
259,32752
330,32752
73,32759
416,32834
381,32894
530,32897
322,32918
430,32923
417,32925
418,32926
524,32937
182,33012
439,33036
513,33085
69,33091
70,33092
71,33093
416,33119
417,33120
69,33166
528,33196
529,33197
228,33280
381,33337
443,33347
417,33358
103,33363
104,33364
404,33372
418,33380
335,33446
429,33447
490,33540
491,33541
171,33624
103,33689
104,33690
140,33756
105,33764
418,33791
488,33822
489,33823
490,33824
375,33852
529,33873
47,33884
194,33941
447,33972
159,33973
448,33973
418,34070
438,34071
182,34074
71,34076
446,34096
447,34097
405,34120
406,34121
336,34136
438,34193
38,34218
443,34232
306,34252
447,34284
181,34333
416,34335
417,34336
371,34343
372,34344
83,34363
353,34379
140,34382
228,34522
140,34546
321,34554
227,34601
228,34602
491,34639
527,34650
322,34680
323,34681
429,34683
336,34703
193,34711
180,34715
385,34746
405,34749
469,34780
482,34872
491,34950
397,35071
180,35079
385,35118
386,35119
443,35179
47,35210
323,35211
336,35213
67,35228
68,35229
418,35238
385,35251
452,35282
491,35319
204,35323
445,35423
446,35424
447,35425
129,35431
171,35463
381,35588
382,35589
483,35720
274,35730
158,35773
140,35860
491,35905
405,35925
140,35954
274,35973
106,35987
107,35988
322,36022
182,36051
127,36070
114,36108
228,36125
381,36143
419,36203
129,36212
219,36283
228,36295
113,36320
392,36331
381,36343
418,36350
418,36428
381,36494
334,36520
491,36553
528,36563
317,36608
491,36617
447,36700
491,36748
430,36770
178,36787
321,36797
523,36811
491,36834
354,36857
106,36920
121,36931
70,36936
262,36948
361,36970
79,36987
182,37055
431,37118
394,37121
418,37129
530,37145
368,37217
384,37255
417,37354
381,37361
447,37416
130,37419
417,37479
381,37487
382,37488
384,37491
491,37525
534,37648
491,37682
259,37716
330,37716
447,37717
527,37724
127,37803
369,37851
433,37851
450,37851
322,37875
103,37904
104,37905
470,38000
69,38004
321,38018
322,38019
323,38020
132,38024
491,38027
381,38050
259,38067
330,38067
447,38068
336,38092
449,38114
369,38115
433,38115
450,38115
451,38116
452,38117
418,38149
419,38150
140,38171
47,38254
529,38274
418,38326
178,38351
179,38352
109,38380
528,38416
529,38417
430,38423
129,38433
245,38437
103,38537
104,38538
336,38539
318,38551
418,38585
385,38608
47,38670
381,38742
375,38808
337,38838
182,38875
469,38918
470,38919
105,39000
322,39023
107,39144
108,39145
227,39172
228,39173
453,39181
524,39206
386,39215
387,39216
108,39342
530,39348
529,39375
353,39425
178,39497
129,39597
47,39621
216,39669
217,39670
353,39677
69,39731
404,39738
321,39765
481,39770
483,39820
129,39826
127,39919
132,39923
491,39926
374,39965
104,39966
336,39967
149,40002
150,40003
438,40187
490,40204
491,40205
38,40208
69,40241
70,40242
71,40243
334,40277
335,40278
418,40280
95,40309
483,40315
108,40341
369,40355
433,40355
450,40355
470,40467
482,40528
491,40542
439,40545
389,40574
390,40575
419,40578
121,40607
381,40641
382,40642
530,40664
323,40825
482,40827
69,40839
78,40848
79,40849
385,40891
180,40923
181,40924
193,40948
47,41028
323,41029
324,41030
393,41076
394,41077
445,41112
371,41116
458,41119
539,41190
457,41200
416,41231
79,41266
353,41336
482,41338
228,41409
404,41418
405,41461
217,41464
334,41495
335,41496
429,41497
529,41498
374,41501
375,41502
105,41538
382,41554
381,41625
178,41654
84,41656
105,41665
106,41666
352,41713
353,41714
79,41733
418,41743
150,41815
45,41838
46,41839
47,41840
418,41903
336,41925
385,41965
354,41975
429,41999
336,42017
130,42018
483,42037
293,42056
262,42096
336,42109
322,42156
323,42157
62,42277
64,42288
129,42296
393,42303
336,42349
140,42354
308,42450
482,42475
483,42476
323,42516
105,42518
105,42529
106,42530
470,42534
105,42562
469,42581
69,42589
405,42625
527,42636
417,42667
392,42734
159,42780
448,42780
374,42797
104,42798
336,42799
491,42805
374,42815
47,42923
371,42944
374,43088
482,43090
483,43091
514,43122
336,43177
47,43261
56,43300
150,43302
193,43317
194,43318
389,43320
390,43321
391,43322
431,43324
193,43351
194,43352
336,43383
105,43538
106,43539
69,43554
124,43558
405,43561
262,43565
104,43624
418,43626
108,43705
160,43722
375,43794
513,43833
528,43874
430,43875
322,43910
130,43950
35,43958
131,43961
404,43964
83,43974
103,43976
482,43978
528,44006
181,44038
182,44039
416,44087
417,44088
322,44099
393,44106
317,44133
318,44134
337,44142
405,44152
108,44191
204,44197
334,44231
47,44254
322,44432
371,44475
221,44512
353,44594
374,44660
354,44741
45,44759
46,44760
158,44780
317,44806
390,44848
391,44849
47,44978
323,44979
201,45011
439,45014
418,45044
529,45080
418,45107
438,45108
47,45154
323,45155
381,45210
382,45211
491,45334
137,45384
56,45387
150,45389
529,45412
192,45468
491,45475
131,45490
128,45537
418,45539
405,45592
193,45681
321,45723
322,45724
323,45725
354,45726
374,45747
67,45784
530,45894
140,45913
182,45978
418,45983
418,46061
405,46075
323,46120
491,46193
469,46241
322,46246
334,46277
483,46308
203,46345
180,46362
193,46389
483,46422
385,46514
275,46538
228,46546
356,46578
374,46594
374,46624
192,46655
79,46691
447,46732
336,46747
130,46748
381,46808
385,46977
47,47014
127,47022
322,47037
334,47044
127,47062
317,47111
193,47155
194,47156
443,47162
336,47182
130,47183
241,47281
108,47342
47,47400
323,47401
105,47403
322,47412
470,47414
471,47415
322,47443
335,47483
385,47520
386,47521
387,47522
103,47569
104,47570
120,47583
381,47618
382,47619
383,47620
405,47634
324,47656
391,47683
95,47761
390,47777
391,47778
103,47821
418,47843
47,47867
323,47868
482,47870
491,47882
527,47917
418,47919
453,47941
323,48016
354,48017
491,48044
382,48049
105,48064
418,48116
336,48138
108,48200
446,48230
447,48231
159,48232
448,48232
388,48242
196,48274
129,48304
418,48314
530,48345
201,48351
336,48387
45,48397
180,48520
430,48610
416,48630
417,48631
482,48672
321,48739
322,48740
323,48741
105,48743
384,48771
336,48783
322,48851
121,48974
324,48982
447,48989
140,49035
127,49075
70,49131
528,49328
529,49329
530,49330
492,49353
47,49367
323,49368
54,49386
321,49391
108,49393
69,49400
70,49401
337,49416
336,49430
381,49451
357,49463
324,49528
262,49540
418,49552
481,49570
520,49599
371,49601
336,49619
130,49620
193,49701
194,49702
452,49712
127,49778
217,49851
228,49861
528,49909
491,49965
257,50003
217,50004
528,50069
529,50070
418,50080
443,50092
394,50101
47,50116
447,50125
337,50192
381,50202
67,50207
528,50282
529,50283
483,50301
182,50354
194,50381
388,50424
389,50425
336,50432
159,50485
448,50485
217,50556
191,50582
381,50594
382,50595
383,50596
178,50626
419,50647
178,50716
322,50727
323,50728
381,50759
382,50760
130,50775
196,50791
197,50792
130,50816
306,50884
418,50887
482,50928
514,50946
108,50963
69,50983
385,51039
371,51043
480,51084
428,51085
105,51086
534,51100
158,51131
130,51134
159,51178
448,51178
158,51195
83,51225
150,51290
404,51392
385,51459
386,51460
387,51461
452,51500
54,51512
193,51528
374,51553
104,51554
336,51555
130,51556
45,51576
120,51578
385,51609
514,51649
45,51652
46,51653
47,51654
217,51684
354,51710
323,51722
405,51798
483,51865
336,51879
69,51927
417,51987
418,51988
470,52019
317,52043
306,52073
140,52083
374,52097
438,52165
192,52181
121,52186
353,52188
140,52191
483,52208
182,52229
318,52271
319,52272
394,52370
384,52407
385,52408
335,52410
429,52411
374,52508
375,52509
380,52513
381,52514
528,52540
529,52541
308,52554
196,52572
530,52605
384,52649
374,52687
178,52732
306,52754
182,52773
228,52793
336,52801
528,52812
69,52819
309,52840
469,52856
140,53003
529,53023
323,53074
452,53093
259,53103
330,53103
447,53104
228,53153
95,53236
62,53337
524,53363
491,53406
482,53417
130,53423
103,53453
308,53500
54,53534
244,53542
47,53553
389,53569
127,53613
334,53761
335,53762
429,53763
140,53803
171,53804
140,53844
381,53855
361,53890
47,53914
105,54105
158,54214
217,54237
293,54254
384,54311
491,54328
321,54342
182,54389
217,54417
105,54459
491,54487
47,54522
159,54612
448,54612
127,54630
336,54703
130,54704
38,54802
108,54821
259,54856
330,54856
259,54857
330,54857
447,54858
418,54861
106,54872
357,54917
375,54997
418,55064
321,55076
108,55078
54,55101
217,55152
381,55187
108,55196
491,55215
491,55338
483,55365
457,55395
121,55417
418,55457
438,55473
520,55500
220,55546
336,55549
140,55566
158,55704
418,55730
416,55749
106,55751
204,55752
490,55808
491,55809
108,55817
180,55874
181,55875
142,55904
143,55905
491,55974
470,56000
483,56007
182,56018
418,56056
438,56057
391,56107
336,56153
47,56169
183,56180
483,56195
106,56210
193,56229
47,56298
323,56299
47,56352
194,56402
322,56427
374,56431
140,56504
104,56506
482,56513
375,56602
121,56655
103,56683
374,56700
447,56767
429,56785
529,56786
374,56789
402,56857
103,56875
104,56876
336,56877
482,56921
483,56922
69,56960
469,56986
470,56987
47,57076
323,57077
336,57093
405,57216
217,57219
404,57282
382,57294
443,57332
182,57352
404,57374
105,57400
106,57484
418,57504
418,57581
528,57614
374,57648
375,57649
354,57665
384,57711
385,57712
386,57713
183,57741
193,57748
47,57759
323,57760
129,57774
534,57793
178,57845
324,57871
444,57893
130,57897
228,57917
121,57973
353,57975
336,58041
88,58189
483,58202
178,58204
103,58207
178,58213
152,58220
108,58285
483,58323
416,58347
417,58348
418,58349
73,58369
108,58372
119,58378
129,58411
130,58412
179,58481
194,58561
527,58578
220,58617
221,58618
385,58634
335,58636
105,58637
381,58802
131,58878
172,58889
38,58969
47,58974
336,58988
105,59027
491,59118
385,59121
386,59122
381,59225
129,59252
103,59260
103,59307
324,59316
429,59351
514,59422
480,59434
428,59435
418,59437
482,59468
70,59486
491,59513
385,59582
386,59583
228,59611
182,59626
371,59693
374,59701
104,59702
105,59703
