497,74
498,75
36,240
409,240
272,248
461,254
122,266
394,268
395,269
396,270
379,273
380,274
67,367
121,368
127,368
128,368
490,368
491,368
121,369
127,369
128,369
490,369
491,369
121,370
127,370
128,370
490,370
491,370
129,371
130,372
131,373
168,403
169,404
354,413
414,449
549,450
330,490
331,491
331,520
19,525
326,533
327,534
328,535
329,536
330,537
19,562
371,574
372,575
373,576
379,582
380,583
402,598
403,599
329,604
275,605
263,630
463,649
464,650
19,655
20,656
412,656
470,656
21,657
22,658
23,659
487,674
494,677
495,678
496,679
497,680
498,681
499,682
520,694
521,695
207,737
234,755
323,758
356,796
446,796
126,797
211,797
121,798
127,798
128,798
490,798
491,798
122,799
311,855
379,924
67,936
121,937
127,937
128,937
490,937
491,937
121,938
127,938
128,938
490,938
491,938
212,939
391,969
320,974
321,975
224,1001
369,1014
331,1016
351,1035
462,1044
357,1045
121,1065
127,1065
128,1065
490,1065
491,1065
129,1066
214,1094
249,1137
213,1158
303,1221
391,1223
48,1239
331,1260
332,1261
227,1262
445,1284
357,1302
208,1315
209,1316
498,1346
499,1347
278,1350
497,1359
498,1360
379,1369
129,1391
263,1452
340,1473
67,1481
245,1484
301,1562
67,1580
122,1581
123,1582
209,1592
168,1594
207,1630
371,1654
169,1715
464,1727
465,1728
466,1729
311,1770
461,1800
313,1802
274,1829
469,1831
67,1876
503,2001
539,2041
29,2059
387,2122
461,2158
462,2159
224,2169
124,2171
67,2199
121,2200
127,2200
128,2200
490,2200
491,2200
129,2201
351,2236
351,2251
461,2267
462,2268
126,2269
211,2269
129,2270
67,2277
121,2278
127,2278
128,2278
490,2278
491,2278
121,2279
127,2279
128,2279
490,2279
491,2279
129,2280
330,2287
546,2298
249,2301
274,2345
393,2351
460,2414
461,2415
541,2428
522,2431
313,2434
178,2442
22,2443
165,2460
462,2473
351,2476
121,2489
127,2489
128,2489
490,2489
491,2489
121,2490
127,2490
128,2490
490,2490
491,2490
121,2491
127,2491
128,2491
490,2491
491,2491
121,2492
127,2492
128,2492
490,2492
491,2492
121,2493
127,2493
128,2493
490,2493
491,2493
129,2510
125,2522
210,2522
126,2523
211,2523
68,2524
225,2576
311,2583
312,2584
202,2650
206,2651
461,2652
19,2682
468,2736
371,2737
447,2756
498,2812
126,2826
211,2826
129,2827
130,2828
327,2850
129,2861
179,2886
355,2888
469,2916
448,2962
449,2963
500,2990
19,2995
351,3006
330,3008
169,3044
208,3058
209,3059
354,3068
208,3076
209,3077
328,3095
449,3105
208,3178
209,3179
208,3190
209,3191
539,3211
311,3279
510,3305
330,3322
497,3356
167,3384
392,3399
121,3465
127,3465
128,3465
490,3465
491,3465
121,3466
127,3466
128,3466
490,3466
491,3466
121,3467
127,3467
128,3467
490,3467
491,3467
129,3468
394,3480
311,3516
494,3519
469,3562
546,3575
543,3591
248,3647
130,3658
387,3664
538,3675
539,3676
468,3723
252,3733
253,3734
521,3824
108,3836
125,3842
210,3842
130,3844
169,3845
183,3849
426,3875
427,3876
209,3886
125,3887
210,3887
126,3888
211,3888
68,3889
461,3952
249,3961
460,4012
207,4013
371,4075
203,4101
204,4101
205,4101
206,4102
461,4103
168,4105
126,4138
211,4138
121,4139
127,4139
128,4139
490,4139
491,4139
129,4140
19,4180
20,4181
412,4181
470,4181
96,4182
183,4205
194,4211
461,4216
310,4249
125,4280
210,4280
126,4281
211,4281
122,4282
223,4302
168,4304
447,4358
213,4359
462,4389
126,4390
211,4390
129,4391
497,4446
110,4492
405,4492
126,4498
211,4498
121,4499
127,4499
128,4499
490,4499
491,4499
212,4500
350,4510
275,4539
62,4570
494,4580
392,4588
326,4590
388,4616
341,4625
449,4653
278,4704
406,4775
449,4832
462,4849
126,4850
211,4850
212,4851
167,4860
539,4879
19,4903
194,4946
208,4948
209,4949
125,4950
210,4950
126,4951
211,4951
129,4952
395,5026
414,5049
549,5050
465,5064
311,5148
356,5149
446,5149
463,5150
311,5157
453,5167
480,5197
223,5223
168,5225
108,5230
355,5270
168,5272
311,5324
538,5331
539,5332
379,5356
19,5374
312,5377
22,5406
462,5448
39,5480
429,5487
130,5499
131,5500
19,5511
378,5523
225,5558
49,5594
206,5602
461,5603
129,5662
47,5714
48,5715
275,5755
109,5834
110,5835
405,5835
206,5869
206,5965
275,5993
301,6015
302,6016
303,6017
224,6105
475,6109
461,6119
48,6153
48,6161
19,6162
20,6163
412,6163
470,6163
350,6172
206,6202
461,6203
462,6204
463,6205
19,6284
521,6350
522,6351
67,6363
121,6364
127,6364
128,6364
490,6364
491,6364
129,6365
130,6366
209,6386
494,6389
462,6409
392,6417
124,6419
202,6435
206,6436
207,6437
332,6439
311,6447
168,6449
329,6467
167,6515
124,6524
125,6525
210,6525
178,6531
22,6532
494,6542
387,6556
224,6585
351,6597
404,6621
520,6663
343,6712
352,6796
353,6797
447,6813
224,6860
122,6896
311,6914
356,6915
446,6915
538,6989
301,7000
49,7027
39,7028
484,7249
369,7324
370,7325
506,7386
507,7387
379,7432
414,7482
549,7483
351,7522
129,7581
224,7587
351,7613
352,7623
19,7642
403,7696
273,7698
272,7714
209,7750
125,7751
210,7751
387,7798
282,7832
224,7843
209,7910
125,7911
210,7911
350,7945
351,7946
248,7949
249,7950
371,8002
356,8013
446,8013
464,8111
520,8137
282,8138
168,8194
131,8195
311,8217
351,8229
539,8240
540,8241
445,8365
362,8387
47,8450
224,8465
168,8532
311,8570
62,8590
19,8701
469,8704
234,8719
19,8785
469,8788
249,8809
349,8828
461,8840
462,8841
126,8842
211,8842
129,8843
130,8844
48,8895
469,8938
248,8994
249,8995
274,9046
387,9094
361,9119
303,9129
330,9168
19,9186
107,9238
464,9239
48,9318
19,9319
274,9374
19,9409
371,9412
47,9427
387,9453
391,9455
209,9465
468,9474
469,9475
404,9479
340,9495
275,9640
49,9684
50,9685
320,9686
321,9687
496,9832
497,9833
125,9942
210,9942
463,9943
275,9984
281,9991
403,10064
311,10089
356,10090
446,10090
69,10092
70,10093
378,10113
48,10116
263,10227
538,10236
281,10274
351,10301
352,10302
353,10303
274,10331
540,10334
275,10388
362,10393
233,10437
48,10485
19,10486
466,10514
209,10583
387,10594
233,10752
404,10783
223,10856
48,10872
391,10877
209,10913
168,10915
346,10924
169,10975
447,10992
248,11202
249,11203
546,11292
466,11303
387,11310
538,11336
539,11337
465,11355
466,11356
126,11379
211,11379
121,11380
127,11380
128,11380
490,11380
491,11380
129,11381
387,11394
391,11396
379,11425
281,11494
67,11528
212,11529
311,11550
397,11558
251,11559
275,11590
520,11617
521,11618
231,11655
301,11663
327,11778
328,11779
469,11803
20,11804
412,11804
470,11804
21,11805
395,11811
396,11812
350,11837
274,11848
168,11851
281,11897
351,11919
352,11920
392,11977
393,11978
403,11990
448,12028
354,12053
462,12058
278,12062
392,12073
393,12074
408,12109
224,12145
48,12171
462,12204
130,12206
311,12212
494,12225
494,12312
126,12324
211,12324
122,12325
329,12484
330,12485
121,12550
127,12550
128,12550
490,12550
491,12550
492,12551
168,12574
18,12603
48,12612
49,12622
39,12623
273,12658
274,12659
391,12712
362,12766
461,12788
462,12789
126,12790
211,12790
121,12791
127,12791
128,12791
490,12791
491,12791
212,12792
448,12793
346,12916
497,12930
498,12931
499,12932
212,12978
448,12979
449,12980
469,12991
468,13007
212,13037
249,13096
351,13106
330,13177
108,13199
273,13201
493,13217
468,13224
469,13225
549,13324
62,13351
392,13388
350,13436
351,13437
449,13474
498,13557
165,13583
203,13609
204,13609
205,13609
206,13610
522,13617
48,13625
49,13626
429,13637
62,13660
49,13691
39,13692
49,13698
39,13699
426,13709
379,13713
352,13850
207,13936
278,14030
469,14043
48,14075
19,14076
520,14115
429,14141
272,14177
395,14225
396,14226
497,14248
461,14268
462,14269
497,14275
395,14313
351,14326
403,14431
521,14480
522,14481
539,14502
549,14515
539,14592
469,14627
20,14628
412,14628
470,14628
96,14629
97,14630
466,14661
224,14726
313,14727
462,14730
311,14741
350,14790
311,14855
19,14889
20,14890
412,14890
470,14890
379,14979
387,14997
18,15080
224,15088
19,15111
273,15135
125,15185
210,15185
463,15186
464,15187
19,15222
131,15259
207,15265
404,15267
248,15375
249,15376
168,15426
392,15429
519,15464
520,15465
379,15525
521,15528
466,15531
19,15570
498,15576
49,15600
39,15601
505,15602
387,15618
391,15620
354,15660
278,15719
406,15750
167,15755
224,15775
379,15795
395,15847
396,15848
391,15866
391,15900
493,15944
391,15985
538,16055
539,16056
67,16061
212,16062
203,16103
204,16103
205,16103
387,16197
391,16199
392,16200
465,16202
131,16224
48,16280
278,16317
303,16334
538,16367
539,16368
131,16408
327,16413
328,16414
126,16429
211,16429
212,16430
448,16431
449,16432
404,16515
46,16519
469,16527
20,16528
412,16528
470,16528
21,16529
278,16580
327,16619
281,16621
521,16622
47,16696
130,16700
125,16715
210,16715
68,16734
276,16740
165,16797
126,16819
211,16819
121,16820
127,16820
128,16820
490,16820
491,16820
212,16821
278,16853
356,16867
446,16867
447,16868
549,16878
371,16896
537,16950
225,16962
168,17010
351,17035
469,17049
22,17112
248,17153
249,17154
214,17267
214,17278
19,17293
311,17383
379,17390
274,17392
275,17393
275,17442
543,17464
275,17503
387,17516
331,17534
312,17547
510,17549
378,17552
354,17586
355,17587
168,17589
169,17590
275,17640
276,17641
497,17648
462,17723
447,17724
213,17725
203,17754
204,17754
205,17754
391,17909
168,17939
39,17990
505,17991
131,17998
213,18005
214,18006
179,18023
180,18024
167,18073
539,18077
71,18086
381,18092
346,18110
214,18131
395,18157
497,18215
351,18223
462,18310
126,18311
211,18311
212,18312
462,18329
463,18330
464,18331
39,18346
40,18347
275,18443
49,18469
520,18509
130,18513
62,18552
341,18598
333,18671
330,18697
539,18747
301,18802
302,18803
379,18816
380,18879
168,18886
169,18887
546,18896
371,18933
206,18965
214,19010
469,19032
131,19069
396,19098
48,19103
249,19113
209,19126
125,19127
210,19127
19,19173
130,19247
19,19281
20,19282
412,19282
470,19282
21,19283
167,19334
168,19335
169,19336
49,19347
497,19351
350,19383
274,19416
497,19438
498,19439
499,19440
39,19468
476,19507
467,19546
207,19624
356,19677
446,19677
447,19678
131,19732
67,19818
212,19819
448,19820
274,19912
275,19913
379,20042
124,20050
67,20122
121,20123
127,20123
128,20123
490,20123
491,20123
122,20124
108,20125
275,20144
379,20171
392,20187
510,20189
280,20200
281,20201
447,20210
505,20213
492,20234
493,20235
129,20245
342,20286
311,20405
209,20413
379,20498
379,20506
498,20534
357,20593
468,20610
498,20645
499,20646
539,20653
538,20657
539,20658
95,20666
21,20667
179,20668
538,20690
498,20700
499,20701
206,20722
461,20723
30,20858
468,20864
371,20991
165,21063
206,21078
207,21079
126,21093
211,21093
68,21094
168,21164
47,21218
48,21219
19,21220
179,21227
177,21289
178,21290
67,21347
121,21348
127,21348
128,21348
490,21348
491,21348
122,21349
108,21350
109,21351
110,21352
405,21352
391,21394
67,21418
212,21419
208,21444
209,21445
275,21598
538,21606
326,21621
327,21622
328,21623
329,21624
275,21625
537,21644
379,21667
281,21711
46,21763
48,21780
381,21806
126,21846
211,21846
129,21847
498,21861
67,21863
468,21876
330,21893
350,21902
354,21950
355,21951
379,21988
124,22019
369,22045
48,22050
49,22051
179,22076
387,22086
330,22095
391,22105
126,22128
211,22128
497,22161
215,22170
18,22188
49,22189
39,22190
310,22192
109,22229
503,22232
248,22347
249,22348
379,22351
503,22410
466,22427
361,22464
493,22469
493,22529
494,22530
381,22553
468,22572
469,22573
107,22622
461,22626
462,22627
493,22629
380,22657
381,22658
212,22767
351,22777
393,22795
350,22816
213,22867
214,22868
215,22869
469,22894
126,22929
211,22929
129,22930
538,22935
194,22950
208,22952
209,22953
125,22954
210,22954
126,22955
211,22955
129,22956
493,22971
494,22972
301,23076
223,23142
274,23174
248,23182
178,23253
316,23255
427,23307
428,23308
429,23309
468,23334
469,23335
469,23338
274,23342
275,23343
520,23376
129,23414
414,23441
549,23442
357,23513
395,23546
449,23564
388,23566
327,23584
328,23585
329,23586
330,23587
179,23603
47,23612
538,23622
539,23623
361,23635
461,23663
214,23666
321,23673
447,23732
213,23733
329,23740
275,23741
48,23787
505,23921
275,23936
468,23949
469,23950
126,24000
211,24000
129,24001
209,24014
369,24043
371,24082
396,24129
392,24160
362,24190
355,24194
539,24201
468,24222
48,24279
372,24281
224,24311
214,24358
327,24365
498,24419
499,24420
468,24468
311,24519
356,24520
446,24520
357,24521
350,24546
369,24570
395,24574
327,24583
328,24584
392,24613
314,24615
538,24624
392,24688
462,24692
357,24693
350,24719
351,24720
19,24733
184,24773
224,24776
209,24833
461,24877
462,24878
357,24879
404,24890
19,24928
351,24952
126,25005
211,25005
121,25006
127,25006
128,25006
490,25006
491,25006
121,25007
127,25007
128,25007
490,25007
491,25007
68,25008
462,25102
70,25122
510,25163
124,25170
449,25173
342,25180
467,25223
48,25244
273,25270
273,25344
274,25345
275,25346
462,25356
126,25357
211,25357
492,25358
493,25359
387,25388
387,25400
392,25419
465,25421
311,25432
414,25632
549,25633
312,25692
529,25697
129,25782
403,25796
484,25835
275,25885
169,25906
281,25940
469,25947
403,25962
466,25984
330,26014
328,26038
329,26039
275,26040
498,26091
499,26092
539,26132
311,26147
538,26156
539,26157
540,26158
274,26172
39,26175
404,26185
312,26258
313,26259
543,26320
76,26347
168,26388
131,26389
494,26431
342,26533
209,26550
107,26643
108,26644
393,26783
362,26808
330,26818
331,26819
540,26856
272,26905
273,26906
274,26907
330,26908
461,26922
47,26933
539,26935
312,26939
225,26940
465,26941
466,26942
263,26965
462,27017
493,27019
28,27030
379,27050
380,27051
381,27052
314,27064
327,27087
281,27089
178,27121
179,27122
180,27123
404,27143
469,27152
276,27183
67,27234
129,27235
224,27334
275,27348
354,27433
212,27464
223,27484
224,27485
394,27487
395,27488
396,27489
209,27660
125,27661
210,27661
126,27662
211,27662
68,27663
76,27703
203,27742
204,27742
205,27742
206,27743
207,27744
178,27792
179,27793
379,27826
331,27848
392,27866
510,27868
378,27871
391,27891
381,27918
97,27928
130,27945
301,27976
388,27981
261,28016
48,28022
461,28045
351,28066
352,28067
480,28106
18,28153
49,28154
48,28185
333,28227
498,28289
155,28306
469,28321
178,28341
179,28342
392,28369
214,28464
323,28502
350,28504
351,28519
329,28530
330,28531
209,28533
225,28535
329,28541
330,28542
355,28546
19,28555
371,28558
350,28582
107,28621
464,28622
67,28676
121,28677
127,28677
128,28677
490,28677
491,28677
122,28678
394,28680
330,28685
539,28717
392,28788
462,28792
464,28800
47,28835
447,28854
213,28855
214,28856
276,28873
126,28878
211,28878
122,28879
179,28903
180,28904
273,28952
248,28955
249,28956
194,28959
403,28980
273,28982
466,29002
261,29032
224,29037
331,29095
332,29096
462,29119
126,29120
211,29120
107,29136
538,29141
178,29170
397,29191
251,29192
356,29215
446,29215
129,29237
392,29367
393,29368
208,29391
209,29392
392,29401
326,29403
327,29404
281,29406
521,29407
395,29410
396,29411
466,29440
49,29486
539,29495
327,29513
328,29514
328,29519
329,29520
330,29521
404,29539
453,29542
355,29551
233,29631
234,29632
538,29658
234,29667
538,29678
539,29679
126,29698
211,29698
68,29699
109,29712
312,29730
356,29740
446,29740
447,29741
126,29774
211,29774
121,29775
127,29775
128,29775
490,29775
491,29775
122,29776
124,29792
156,29832
157,29833
126,29858
211,29858
122,29859
108,29860
224,29946
498,29955
95,30062
48,30080
19,30081
388,30166
462,30177
447,30178
213,30179
130,30196
311,30282
351,30285
303,30297
67,30319
121,30320
127,30320
128,30320
490,30320
491,30320
121,30321
127,30321
128,30321
490,30321
491,30321
492,30322
208,30347
209,30348
125,30349
210,30349
179,30402
129,30441
169,30520
351,30535
310,30548
209,30551
275,30569
209,30586
392,30595
351,30611
352,30612
273,30626
539,30638
498,30672
520,30681
183,30710
249,30712
311,30754
356,30755
446,30755
463,30756
18,30788
178,30799
396,30802
178,30814
179,30815
330,30824
281,30838
521,30839
67,30910
121,30911
127,30911
128,30911
490,30911
491,30911
121,30912
127,30912
128,30912
490,30912
491,30912
68,30913
69,30914
311,30939
331,30949
169,30968
124,30980
125,30981
210,30981
126,30982
211,30982
122,30983
179,31027
180,31028
462,31044
126,31045
211,31045
68,31046
320,31072
321,31073
426,31078
468,31104
469,31105
320,31153
126,31165
211,31165
121,31166
127,31166
128,31166
490,31166
491,31166
129,31167
472,31173
19,31257
20,31258
412,31258
470,31258
469,31271
20,31272
412,31272
470,31272
274,31276
274,31300
275,31301
462,31329
126,31330
211,31330
121,31331
127,31331
128,31331
490,31331
491,31331
212,31332
311,31357
520,31401
393,31404
333,31410
334,31411
311,31461
494,31464
356,31490
446,31490
447,31491
493,31552
494,31553
223,31586
18,31625
49,31626
39,31627
122,31665
464,31666
465,31667
273,31712
275,31735
311,31830
357,31901
206,32000
207,32001
493,32023
311,32061
355,32067
67,32115
121,32116
127,32116
128,32116
490,32116
491,32116
129,32117
429,32125
378,32140
393,32163
351,32223
168,32227
131,32228
351,32240
392,32271
48,32275
19,32276
124,32301
469,32349
21,32370
179,32371
355,32373
184,32393
224,32396
538,32417
371,32471
520,32477
391,32496
167,32538
49,32664
39,32665
312,32730
203,32752
204,32752
205,32752
131,32764
372,32819
522,32833
522,32845
48,32899
194,32920
124,32924
125,32925
210,32925
461,32984
404,33003
39,33059
497,33095
22,33105
23,33106
521,33117
522,33118
125,33120
210,33120
463,33121
123,33122
124,33123
484,33162
351,33172
352,33173
223,33195
224,33196
463,33203
463,33232
546,33241
124,33340
326,33349
327,33350
262,33353
209,33357
125,33358
210,33358
447,33359
213,33360
214,33361
462,33379
208,33395
327,33409
342,33431
539,33443
312,33447
225,33448
276,33454
462,33504
447,33505
248,33574
249,33575
351,33623
354,33670
355,33671
208,33721
209,33722
275,33741
329,33753
275,33754
311,33763
338,33823
19,33858
449,33936
450,33937
18,33957
19,33958
206,33972
207,33973
498,33990
499,33991
130,34071
206,34097
461,34098
462,34099
126,34100
211,34100
122,34101
354,34134
355,34135
520,34187
67,34190
121,34191
127,34191
128,34191
490,34191
491,34191
129,34192
130,34193
131,34194
311,34215
356,34216
446,34216
464,34233
447,34255
206,34284
461,34285
462,34286
126,34287
211,34287
129,34288
463,34293
369,34313
370,34314
469,34315
20,34316
412,34316
470,34316
498,34327
494,34330
125,34336
210,34336
126,34337
211,34337
212,34338
352,34383
353,34384
354,34385
331,34446
22,34502
503,34554
273,34572
429,34635
169,34648
427,34654
178,34670
179,34671
311,34682
312,34683
350,34688
351,34689
311,34702
131,34760
132,34761
330,34796
48,34844
381,34853
330,34871
275,34936
462,34971
463,34972
123,34973
124,34974
354,35014
355,35015
303,35066
391,35068
448,35071
67,35082
121,35083
127,35083
128,35083
490,35083
491,35083
122,35084
123,35085
169,35100
379,35134
469,35160
311,35212
311,35236
356,35237
446,35237
497,35310
498,35331
499,35332
392,35337
393,35338
249,35368
311,35395
392,35421
206,35425
461,35426
168,35432
131,35433
311,35437
232,35443
351,35462
178,35468
179,35469
304,35542
48,35550
129,35591
67,35617
129,35618
354,35644
21,35655
392,35742
273,35745
362,35770
461,35774
168,35776
321,35801
498,35850
469,35863
352,35955
353,35956
311,36003
303,36048
48,36071
19,36072
449,36098
462,36198
126,36199
211,36199
121,36200
127,36200
128,36200
490,36200
491,36200
121,36201
127,36201
128,36201
490,36201
491,36201
129,36202
380,36399
381,36400
224,36563
327,36578
328,36579
329,36580
275,36581
206,36700
461,36701
469,36725
124,36771
503,36797
539,36877
213,36929
214,36930
49,36967
39,36968
539,36980
392,37006
393,37007
49,37081
39,37082
310,37084
276,37086
167,37112
168,37113
392,37116
356,37128
446,37128
539,37148
391,37193
19,37206
20,37207
412,37207
470,37207
96,37208
126,37253
211,37253
492,37254
493,37255
494,37256
497,37286
209,37353
125,37354
210,37354
126,37355
211,37355
68,37356
206,37416
461,37417
209,37431
208,37477
209,37478
125,37479
210,37479
492,37490
493,37491
393,37527
497,37572
403,37582
381,37585
67,37590
121,37591
127,37591
128,37591
490,37591
491,37591
68,37592
497,37637
214,37667
203,37716
204,37716
205,37716
206,37717
461,37718
327,37772
403,37821
498,37835
499,37836
213,37843
18,37868
19,37869
20,37870
412,37870
470,37870
334,37874
494,37908
495,37909
496,37910
497,37911
498,37912
499,37913
178,37930
179,37931
379,37938
275,37955
48,37986
18,38012
503,38018
392,38061
203,38067
204,38067
205,38067
206,38068
461,38069
311,38091
168,38093
462,38148
67,38164
121,38165
127,38165
128,38165
490,38165
491,38165
129,38166
180,38216
462,38325
498,38330
342,38373
528,38378
18,38383
49,38384
67,38391
121,38392
127,38392
128,38392
490,38392
491,38392
121,38393
127,38393
128,38393
490,38393
491,38393
121,38394
127,38394
128,38394
490,38394
491,38394
212,38395
224,38416
275,38523
167,38530
245,38570
380,38573
356,38584
446,38584
171,38663
170,38694
403,38699
404,38700
311,38818
494,38848
273,38926
311,38999
449,39002
209,39064
539,39213
498,39277
61,39312
62,39313
520,39317
387,39343
391,39345
392,39346
380,39367
498,39379
330,39486
49,39503
39,39504
215,39538
261,39539
466,39657
472,39670
498,39757
503,39765
262,39779
392,39905
274,39965
177,40004
178,40005
29,40024
379,40130
404,40165
130,40187
131,40188
167,40197
497,40245
273,40249
356,40279
446,40279
539,40371
403,40432
19,40478
381,40520
330,40527
354,40631
355,40632
379,40638
498,40656
48,40666
245,40701
248,40732
249,40733
311,40736
356,40737
446,40737
447,40738
62,40744
171,40753
70,40761
209,40777
275,40866
381,40946
46,40959
303,40971
506,41022
47,41059
392,41110
396,41203
521,41229
522,41230
30,41282
31,41283
462,41291
126,41292
211,41292
129,41293
391,41316
351,41452
472,41464
312,41497
273,41500
274,41501
497,41583
310,41663
311,41664
310,41669
248,41761
249,41762
414,41813
549,41814
378,41816
275,41916
311,41924
469,41981
497,41989
498,41990
311,41998
312,41999
326,42001
354,42015
355,42016
70,42057
223,42068
447,42070
213,42071
49,42103
369,42107
168,42110
331,42159
546,42183
249,42186
379,42189
408,42250
392,42301
47,42393
330,42474
343,42490
311,42517
311,42528
331,42552
30,42577
179,42628
180,42629
484,42632
124,42666
125,42667
210,42667
447,42668
276,42672
273,42685
543,42774
207,42780
274,42797
274,42815
275,42816
215,42822
275,43017
19,43043
168,43074
274,43088
330,43089
469,43108
469,43144
20,43145
412,43145
470,43145
331,43153
332,43154
249,43173
311,43176
168,43178
362,43196
379,43222
351,43252
275,43254
378,43303
379,43304
387,43341
311,43382
381,43400
392,43409
226,43411
333,43412
334,43413
49,43445
39,43446
387,43449
498,43493
354,43536
355,43537
327,43605
281,43607
356,43625
446,43625
109,43653
46,43657
387,43699
276,43753
427,43852
428,43853
429,43854
223,43873
224,43874
124,43876
194,43919
391,43934
276,43945
167,43949
350,43960
330,43977
224,44006
522,44086
125,44088
210,44088
447,44089
194,44101
462,44103
463,44104
108,44105
498,44181
499,44182
178,44256
248,44266
249,44267
452,44354
331,44382
538,44398
539,44399
215,44469
539,44508
540,44509
193,44512
356,44526
446,44526
468,44604
469,44605
20,44606
412,44606
470,44606
392,44649
465,44651
466,44652
274,44660
275,44661
303,44665
369,44698
388,44773
461,44781
498,44820
499,44821
500,44822
396,44829
506,44835
381,45029
462,45043
109,45081
520,45086
521,45087
130,45108
497,45117
498,45118
499,45119
183,45143
276,45157
183,45175
47,45182
48,45183
304,45224
387,45276
388,45277
381,45290
19,45324
393,45336
469,45480
497,45501
350,45510
351,45583
275,45585
498,45654
107,45668
391,45696
503,45723
350,45735
351,45736
274,45747
351,45789
352,45790
249,45809
498,45868
392,45892
381,45905
352,45914
353,45915
355,45981
356,45982
446,45982
332,46008
333,46009
334,46010
462,46060
321,46071
539,46086
469,46122
351,46171
447,46219
449,46302
355,46310
350,46385
466,46432
498,46511
494,46533
179,46541
179,46547
427,46579
428,46580
429,46581
274,46594
330,46595
331,46596
449,46604
273,46623
274,46624
275,46631
321,46706
202,46731
206,46732
461,46733
311,46746
351,46749
179,46752
248,46776
249,46777
179,46794
180,46795
538,46836
539,46837
498,46848
48,47063
180,47071
48,47091
351,47136
22,47139
498,47160
351,47184
380,47187
67,47348
212,47349
311,47402
183,47438
304,47452
378,47476
494,47486
30,47501
303,47511
414,47536
549,47537
350,47561
214,47567
342,47660
469,47661
462,47687
463,47688
392,47701
379,47729
249,47750
460,47791
461,47792
275,47822
19,47826
462,47842
49,47878
39,47879
466,47960
49,48007
129,48051
355,48063
350,48121
497,48125
498,48126
21,48130
311,48137
463,48150
108,48151
403,48172
361,48199
387,48225
206,48231
207,48232
498,48330
393,48332
108,48344
494,48354
495,48355
496,48356
429,48443
301,48529
302,48530
303,48531
461,48608
124,48611
125,48631
210,48631
126,48632
211,48632
129,48633
234,48676
403,48735
404,48736
503,48739
311,48742
165,48763
166,48764
167,48765
493,48771
351,48778
352,48779
353,48780
354,48781
355,48782
275,48793
19,48797
124,48835
332,48848
333,48849
334,48850
379,48853
449,48872
369,48932
342,48971
206,48989
461,48990
462,48991
69,49026
352,49036
303,49044
350,49085
351,49086
462,49090
290,49097
97,49167
539,49289
497,49298
404,49319
224,49328
404,49334
304,49360
276,49370
19,49384
404,49388
503,49391
361,49392
311,49429
67,49612
212,49613
276,49637
403,49660
129,49725
48,49779
19,49780
194,49823
472,49851
51,49877
52,49878
379,49901
224,49909
67,49937
129,49938
500,49967
472,50004
462,50025
224,50069
273,50072
108,50093
109,50094
110,50095
405,50095
202,50124
206,50125
461,50126
354,50140
536,50156
537,50157
391,50260
224,50282
169,50374
311,50431
460,50484
207,50485
472,50556
468,50587
126,50645
211,50645
129,50646
478,50722
479,50723
469,50730
167,50774
351,50776
352,50777
351,50817
275,50819
19,50842
165,50871
327,50875
330,50927
330,50936
18,50999
320,51052
396,51107
461,51132
351,51135
469,51138
391,51161
207,51178
275,51232
549,51289
378,51291
321,51338
391,51383
356,51482
446,51482
447,51483
331,51513
379,51524
380,51525
381,51526
275,51539
274,51553
131,51561
48,51567
49,51568
392,51634
167,51641
168,51642
379,51656
472,51684
310,51709
169,51740
494,51819
369,51877
281,51956
209,51986
125,51987
210,51987
272,52010
273,52011
168,52031
275,52085
276,52086
379,52095
274,52097
275,52098
248,52131
130,52165
131,52166
352,52192
353,52193
208,52380
209,52381
215,52391
493,52407
312,52411
49,52492
274,52508
224,52540
223,52598
168,52600
392,52603
208,52630
493,52649
494,52650
449,52679
273,52686
274,52687
48,52706
311,52800
168,52802
224,52812
392,52897
393,52898
498,52910
40,52914
483,52954
484,52955
352,53004
353,53005
498,53014
499,53015
18,53039
203,53103
204,53103
205,53103
206,53104
461,53105
302,53161
303,53162
391,53164
351,53232
351,53424
480,53457
387,53576
388,53577
49,53584
39,53585
400,53587
223,53603
126,53605
211,53605
121,53606
127,53606
128,53606
490,53606
491,53606
212,53607
67,53656
403,53661
546,53672
311,53682
498,53754
499,53755
351,53757
312,53763
343,53791
498,53822
351,53826
39,53888
275,54053
248,54159
249,54160
461,54215
396,54221
157,54224
472,54237
70,54255
379,54268
380,54269
493,54311
494,54312
351,54318
503,54342
379,54380
472,54417
22,54426
168,54512
460,54611
207,54612
48,54631
19,54632
391,54709
379,54763
380,54764
549,54790
203,54856
204,54856
205,54856
203,54857
204,54857
205,54857
206,54858
461,54859
462,54860
379,54875
48,54911
447,54957
213,54958
379,54982
462,55063
503,55076
361,55077
225,55112
465,55113
194,55130
472,55152
546,55167
395,55241
167,55267
494,55274
539,55286
393,55340
214,55416
130,55473
62,55491
381,55540
310,55547
311,55548
275,55607
179,55620
461,55705
316,55735
498,55772
499,55773
462,55792
463,55793
414,55941
549,55942
249,55971
369,56028
19,56034
130,56057
131,56058
132,56059
403,56078
48,56097
498,56124
311,56152
18,56258
19,56259
20,56260
412,56260
470,56260
21,56261
387,56265
388,56266
414,56283
549,56284
469,56301
20,56302
412,56302
470,56302
21,56303
379,56429
274,56431
275,56432
276,56433
272,56570
273,56571
209,56631
67,56641
129,56642
214,56654
275,56671
274,56700
67,56759
121,56760
127,56760
128,56760
490,56760
491,56760
212,56761
206,56767
461,56768
312,56785
273,56788
274,56789
330,56804
19,56822
551,56857
310,56858
539,56991
311,57092
209,57100
19,57193
314,57210
472,57219
121,57296
127,57296
128,57296
490,57296
491,57296
129,57297
209,57316
391,57347
62,57378
539,57391
311,57399
214,57426
351,57465
379,57550
380,57551
311,57579
356,57580
446,57580
224,57614
326,57616
521,57644
273,57647
274,57648
356,57709
446,57709
493,57711
290,57729
469,57762
20,57763
412,57763
470,57763
168,57775
131,57776
304,57787
275,57804
213,57819
214,57820
447,57884
242,57889
67,57891
122,57892
179,57918
329,57947
275,57948
497,58010
498,58011
499,58012
427,58024
311,58040
500,58139
362,58249
387,58286
48,58328
522,58346
125,58348
210,58348
521,58359
351,58413
352,58414
498,58508
498,58530
391,58548
371,58612
193,58618
178,58619
350,58695
126,58711
211,58711
122,58712
108,58713
109,58714
110,58715
405,58715
498,58719
209,58741
303,58790
179,58844
342,58849
498,58875
499,58876
391,58902
392,58903
209,58926
168,58928
126,58946
211,58946
121,58947
127,58947
128,58947
490,58947
491,58947
212,58948
393,58960
355,58987
379,59153
208,59171
209,59172
394,59175
395,59176
396,59177
391,59209
303,59294
391,59296
330,59308
331,59309
311,59350
312,59351
248,59370
333,59409
356,59436
446,59436
404,59447
331,59457
519,59517
520,59518
393,59563
124,59621
168,59623
274,59701
453,59713
391,59742
107,59783
123,59784
124,59785
