107,131
363,192
447,197
447,235
136,241
73,246
451,368
451,369
451,370
119,371
53,479
357,516
138,649
357,664
233,738
184,747
67,796
118,797
451,798
166,910
451,937
451,938
452,939
219,971
361,983
480,995
481,996
512,1001
116,1043
117,1044
451,1065
119,1066
399,1081
400,1082
401,1083
173,1159
479,1169
497,1309
97,1372
331,1385
119,1391
219,1458
418,1575
419,1576
323,1612
324,1613
129,1633
107,1645
108,1646
162,1646
109,1647
418,1650
128,1673
127,1734
128,1735
50,1765
51,1766
116,1814
192,1824
357,2046
107,2052
103,2134
117,2159
68,2160
77,2160
512,2169
80,2191
451,2200
119,2201
49,2202
120,2202
50,2203
51,2204
52,2205
49,2235
120,2235
261,2241
262,2242
117,2268
118,2269
119,2270
217,2275
218,2276
451,2278
451,2279
119,2280
312,2355
66,2369
129,2436
116,2472
117,2473
49,2475
120,2475
451,2489
451,2490
451,2491
451,2492
451,2493
119,2510
76,2522
118,2523
69,2525
323,2532
233,2537
467,2555
234,2644
233,2709
271,2738
222,2739
272,2739
164,2776
128,2801
247,2823
118,2826
119,2827
261,2853
119,2861
219,2961
425,3031
128,3053
429,3121
128,3176
430,3194
51,3275
170,3330
357,3349
105,3368
106,3369
468,3379
129,3402
116,3412
451,3465
451,3466
451,3467
119,3468
429,3526
53,3643
116,3668
76,3842
166,3859
462,3876
76,3887
118,3888
129,3972
130,3973
129,3993
418,4019
418,4071
114,4098
221,4124
222,4125
272,4125
118,4138
451,4139
119,4140
357,4158
116,4174
76,4280
118,4281
174,4325
247,4347
323,4363
324,4364
322,4375
323,4376
324,4377
117,4389
118,4390
119,4391
125,4405
129,4410
497,4444
219,4482
118,4498
451,4499
452,4500
357,4506
223,4510
303,4511
304,4512
413,4531
65,4538
418,4596
129,4641
261,4651
287,4659
107,4720
357,4723
478,4774
430,4799
116,4848
117,4849
118,4850
452,4851
220,4852
221,4853
222,4854
272,4854
76,4950
118,4951
119,4952
67,5149
138,5150
107,5245
98,5252
418,5300
221,5438
222,5439
272,5439
117,5448
217,5548
218,5549
219,5550
102,5573
322,5584
323,5585
66,5611
119,5662
419,5674
171,5737
116,5787
192,5833
114,5866
49,5934
120,5934
50,5935
401,5978
378,5996
357,6097
512,6105
297,6112
271,6155
222,6156
272,6156
223,6172
224,6173
184,6181
117,6204
138,6205
50,6213
51,6214
49,6347
120,6347
303,6348
451,6364
119,6365
128,6407
129,6408
117,6409
322,6444
233,6461
497,6463
66,6468
79,6480
80,6481
419,6484
105,6503
106,6504
107,6505
76,6525
68,6526
77,6526
69,6527
107,6546
174,6567
512,6585
107,6652
296,6674
297,6675
418,6708
357,6729
401,6773
413,6804
173,6821
174,6822
448,6825
449,6826
512,6860
513,6861
497,6899
67,6915
312,6933
313,6934
178,6969
107,7020
107,7084
357,7230
107,7362
105,7381
357,7401
106,7506
49,7521
120,7521
66,7524
107,7543
479,7568
119,7581
512,7587
180,7607
49,7612
120,7612
130,7672
76,7751
128,7802
233,7804
512,7843
76,7911
223,7945
427,7994
271,8003
222,8004
272,8004
67,8013
68,8014
77,8014
69,8015
184,8093
357,8097
358,8098
359,8099
107,8143
401,8161
66,8192
497,8203
418,8214
357,8266
107,8272
502,8278
377,8335
419,8386
512,8465
513,8466
217,8542
218,8543
219,8544
50,8554
51,8555
52,8556
107,8560
117,8841
118,8842
119,8843
107,8893
322,8912
113,9027
418,9058
419,9059
161,9070
108,9071
162,9071
171,9205
127,9229
128,9230
129,9231
331,9364
357,9492
357,9648
399,9701
400,9702
401,9703
107,9763
129,9789
116,9822
513,9824
76,9942
138,9943
418,9952
426,9997
427,9998
67,10090
68,10091
77,10091
304,10209
121,10233
321,10246
322,10247
174,10290
226,10373
373,10395
418,10399
107,10405
161,10430
108,10431
162,10431
219,10441
217,10459
107,10474
303,10508
304,10509
49,10547
120,10547
363,10651
373,10665
79,10695
219,10756
304,10764
49,10859
120,10859
418,10938
419,10939
219,11049
161,11057
116,11084
357,11233
221,11239
222,11240
272,11240
357,11258
357,11268
393,11313
118,11379
451,11380
119,11381
357,11502
452,11529
220,11530
418,11635
429,11695
355,11701
277,11710
173,11732
50,11790
51,11791
419,11793
263,11824
264,11825
223,11837
121,11838
66,11849
161,11930
125,12024
219,12027
129,12057
117,12058
522,12077
296,12092
512,12145
107,12169
129,12203
117,12204
118,12324
265,12462
107,12471
451,12550
50,12583
169,12593
216,12653
217,12654
193,12657
514,12657
192,12681
105,12683
106,12684
107,12685
373,12768
117,12789
118,12790
451,12791
452,12792
452,12978
452,13037
331,13049
297,13113
78,13122
361,13159
193,13200
514,13200
149,13210
217,13214
218,13215
73,13289
262,13381
357,13405
223,13436
263,13560
173,13577
51,13592
128,13684
129,13685
73,13852
116,13865
513,13867
51,13886
418,14039
161,14073
261,14093
178,14235
460,14239
117,14269
68,14270
77,14270
69,14271
418,14438
355,14533
49,14545
120,14545
215,14722
512,14726
129,14729
117,14730
68,14731
77,14731
69,14732
523,14787
223,14790
303,14791
304,14792
107,14822
108,14823
162,14823
163,14824
357,14852
418,14861
418,14880
106,15035
107,15036
512,15088
513,15089
76,15185
138,15186
180,15201
173,15215
174,15216
305,15278
49,15329
120,15329
303,15330
304,15331
322,15347
323,15348
375,15366
297,15401
66,15424
163,15439
502,15454
513,15635
366,15642
478,15749
512,15775
50,15785
479,15819
219,15902
220,15903
221,15904
222,15905
272,15905
302,15909
303,15910
304,15911
210,15937
217,15941
218,15942
452,16062
79,16185
323,16304
118,16429
452,16430
105,16534
106,16535
271,16585
128,16615
68,16658
77,16658
78,16659
79,16660
80,16661
323,16675
419,16683
76,16715
49,16717
120,16717
69,16735
303,16768
304,16769
357,16782
118,16819
451,16820
452,16821
116,16837
271,16849
222,16850
272,16850
66,16866
67,16867
271,16897
222,16898
272,16898
273,16899
49,16976
120,16976
66,17008
114,17041
115,17042
174,17063
49,17228
120,17228
303,17229
304,17230
171,17276
172,17277
80,17327
357,17342
161,17363
303,17374
304,17375
419,17462
193,17485
514,17485
192,17490
331,17500
233,17521
49,17573
120,17573
50,17574
51,17575
65,17639
234,17701
116,17722
117,17723
173,17726
324,17747
401,17766
511,17802
192,17850
107,17957
427,17962
359,17985
323,18000
324,18001
219,18004
481,18038
113,18059
430,18064
277,18096
525,18181
107,18234
129,18266
117,18310
118,18311
452,18312
117,18329
138,18330
357,18386
106,18422
479,18425
430,18531
323,18587
102,18591
479,18659
297,18693
174,18722
357,18846
525,18862
479,18872
480,18873
271,18934
222,18935
272,18935
113,18986
114,18987
178,19050
69,19080
76,19127
174,19134
173,19163
219,19190
161,19197
331,19219
223,19383
66,19417
303,19426
304,19427
430,19511
373,19554
413,19601
163,19628
164,19629
219,19673
67,19677
49,19738
120,19738
50,19739
360,19762
452,19819
161,19833
419,19851
174,19877
225,20003
106,20030
107,20031
322,20039
113,20060
180,20118
451,20123
219,20220
119,20245
49,20246
120,20246
50,20247
297,20378
286,20470
419,20523
105,20529
106,20530
66,20674
303,20740
304,20741
271,20746
222,20747
272,20747
161,20809
426,20874
427,20875
68,20883
77,20883
69,20884
66,20947
427,20968
118,21093
323,21178
324,21179
166,21303
357,21315
451,21348
331,21363
332,21364
353,21407
217,21416
218,21417
452,21419
418,21518
401,21522
322,21536
418,21539
166,21554
322,21570
66,21687
322,21722
161,21778
31,21835
118,21846
119,21847
49,21848
120,21848
121,21849
223,21902
107,21919
418,21936
174,22038
322,22083
323,22084
129,22098
118,22128
357,22153
222,22200
272,22200
49,22515
120,22515
206,22516
97,22518
418,22536
419,22537
324,22614
117,22627
273,22648
331,22667
178,22690
107,22738
479,22742
452,22767
220,22768
221,22769
222,22770
272,22770
49,22776
120,22776
129,22807
223,22816
224,22817
324,22863
219,22866
118,22929
119,22930
49,22931
120,22931
121,22932
76,22954
118,22955
119,22956
234,22980
107,22999
51,23019
107,23059
161,23188
322,23211
121,23220
79,23259
80,23260
419,23263
462,23307
366,23398
119,23414
49,23415
120,23415
174,23466
357,23575
172,23665
332,23667
196,23681
173,23734
174,23735
430,23768
107,23775
108,23776
162,23776
192,23864
166,23875
65,23935
210,23984
118,24000
119,24001
497,24054
271,24083
222,24084
272,24084
357,24211
107,24277
512,24311
513,24312
50,24321
107,24340
324,24392
67,24520
219,24527
50,24535
378,24536
223,24546
129,24691
117,24692
223,24719
512,24776
117,24878
49,24951
120,24951
118,25005
451,25006
451,25007
53,25093
116,25101
117,25102
49,25104
120,25104
50,25105
219,25131
105,25191
107,25242
357,25282
322,25303
117,25356
118,25357
180,25416
66,25465
418,25529
323,25545
418,25642
66,25691
219,25736
105,25755
106,25756
107,25757
106,25759
119,25782
51,25844
107,25869
221,25903
222,25904
272,25904
525,25934
497,25936
430,25944
66,26044
50,26094
51,26095
234,26104
173,26124
525,26194
66,26257
107,26276
322,26300
323,26301
323,26318
357,26324
430,26354
161,26373
108,26374
162,26374
109,26375
418,26378
323,26391
171,26435
172,26436
97,26529
166,26570
85,26634
373,26704
192,26733
219,26754
107,26767
164,26791
165,26792
166,26793
523,26879
234,26910
420,26970
73,26994
116,27016
117,27017
322,27047
303,27058
522,27078
461,27117
523,27155
105,27162
106,27163
107,27164
108,27165
162,27165
109,27166
119,27235
512,27334
513,27335
180,27350
378,27376
273,27378
116,27393
322,27406
452,27464
512,27485
65,27572
312,27641
76,27661
118,27662
69,27664
322,27692
161,27707
192,27750
321,27897
322,27898
357,27985
170,28063
304,28123
412,28143
413,28144
79,28163
111,28166
343,28166
303,28171
166,28258
427,28274
107,28408
106,28410
258,28438
223,28504
206,28505
389,28513
172,28548
128,28573
129,28574
223,28582
206,28583
401,28595
451,28677
116,28775
129,28791
117,28792
522,28869
118,28878
449,28894
221,28913
222,28914
272,28914
113,29010
113,29034
512,29037
117,29119
118,29120
225,29133
429,29158
66,29214
67,29215
119,29237
357,29258
277,29267
210,29277
510,29308
511,29309
129,29429
102,29437
73,29443
312,29527
118,29698
324,29705
127,29707
128,29708
129,29709
513,29711
66,29729
67,29740
118,29774
451,29775
107,29801
108,29802
162,29802
482,29848
118,29858
112,29942
113,29943
512,29946
166,30084
357,30170
117,30177
286,30265
451,30320
451,30321
76,30349
498,30370
119,30441
53,30468
73,30556
427,30652
67,30755
138,30756
418,30805
418,30808
418,30811
373,30858
174,30902
451,30911
451,30912
321,30944
322,30945
497,30960
76,30981
118,30982
117,31044
118,31045
69,31047
418,31070
419,31071
53,31110
359,31127
419,31152
118,31165
451,31166
119,31167
49,31168
120,31168
206,31169
498,31176
513,31201
287,31218
172,31248
261,31267
262,31268
264,31273
180,31309
117,31329
118,31330
451,31331
452,31332
262,31368
106,31484
67,31490
166,31602
304,31648
193,31711
514,31711
331,31732
480,31755
196,31767
357,31821
113,31889
114,31890
511,31899
513,31958
513,31991
233,32002
164,32066
184,32086
451,32116
119,32117
427,32144
114,32215
66,32225
418,32253
263,32369
512,32396
513,32397
513,32453
304,32493
107,32548
107,32630
108,32631
162,32631
109,32632
357,32671
234,32704
222,32762
272,32762
97,32823
225,32893
192,32896
76,32925
219,32994
263,32996
102,33024
103,33025
331,33042
221,33051
417,33061
497,33093
76,33120
138,33121
169,33132
234,33147
102,33165
512,33196
513,33197
138,33203
138,33232
107,33317
76,33358
66,33364
117,33379
107,33421
108,33422
162,33422
109,33423
116,33503
117,33504
430,33665
66,33690
128,33719
65,33740
107,33777
413,33817
65,33851
513,33873
418,33883
129,33916
130,33917
107,33942
357,33978
97,34018
497,34076
117,34099
118,34100
114,34127
115,34128
116,34129
451,34191
119,34192
357,34199
67,34216
68,34217
77,34217
69,34218
480,34240
117,34286
118,34287
119,34288
138,34293
262,34304
166,34323
76,34336
118,34337
452,34338
363,34373
166,34453
323,34637
324,34638
131,34652
132,34653
462,34654
522,34673
223,34688
271,34757
222,34758
272,34758
121,34803
331,34808
54,34809
418,34838
363,34863
234,34873
172,34916
173,34917
117,34971
138,34972
322,35026
79,35036
219,35070
451,35083
361,35143
51,35208
67,35237
128,35297
324,35318
219,35321
113,35364
114,35365
467,35519
97,35583
119,35591
119,35618
263,35654
193,35744
514,35744
419,35769
107,35824
323,35903
324,35904
332,35997
117,36198
118,36199
451,36200
451,36201
119,36202
427,36216
418,36269
357,36422
107,36480
218,36487
107,36534
50,36548
51,36549
419,36551
233,36558
512,36563
419,36573
49,36620
120,36620
50,36621
357,36721
467,36737
116,36768
114,36849
115,36850
418,36923
79,37092
67,37128
49,37130
120,37130
224,37131
192,37144
116,37229
107,37245
118,37253
480,37349
76,37354
118,37355
107,37386
97,37467
128,37475
76,37479
161,37564
451,37591
49,37685
120,37685
79,37727
210,37782
219,37842
173,37844
66,37905
197,38111
127,38145
128,38146
129,38147
117,38148
125,38161
451,38165
119,38166
418,38253
513,38274
113,38319
129,38324
117,38325
113,38359
353,38380
354,38381
216,38388
217,38389
218,38390
451,38392
451,38393
451,38394
452,38395
512,38416
513,38417
525,38475
66,38538
67,38584
106,38763
287,38767
267,38780
192,38924
193,38925
514,38925
107,38975
196,39078
161,39217
513,39375
331,39390
115,39395
116,39396
347,39446
297,39532
331,39537
113,39541
323,39579
51,39619
322,39642
107,39648
102,39730
322,39855
107,39946
66,39966
312,40010
174,40060
210,40134
312,40177
323,40190
69,40208
50,40224
102,40232
103,40233
497,40243
287,40256
67,40279
467,40296
523,40335
375,40336
522,40350
502,40375
286,40400
114,40471
331,40606
174,40723
67,40737
361,40742
161,40768
106,40801
366,40875
161,40882
105,40981
106,40982
479,40985
418,41027
479,41099
163,41119
178,41242
117,41291
118,41292
119,41293
50,41328
378,41329
262,41342
393,41372
513,41498
193,41499
514,41499
482,41527
221,41540
222,41541
272,41541
467,41562
219,41684
429,41719
113,41739
174,41947
224,42019
222,42126
272,42126
113,42150
130,42254
355,42326
107,42335
108,42336
162,42336
161,42370
108,42371
162,42371
361,42375
502,42457
64,42472
65,42473
172,42519
173,42520
277,42548
174,42570
76,42667
103,42683
419,42772
66,42798
331,42821
418,42922
178,43039
128,43071
129,43072
107,43353
106,43355
73,43394
262,43583
66,43624
67,43625
192,43652
195,43661
322,43696
323,43697
419,43704
128,43720
366,43746
296,43773
297,43774
234,43781
462,43852
512,43874
361,43881
50,43951
378,43952
260,43958
223,43960
206,43961
512,44006
76,44088
117,44103
138,44104
184,44286
467,44391
297,44395
262,44412
73,44415
331,44468
165,44487
166,44488
67,44526
68,44527
77,44527
161,44636
366,44755
480,44825
357,44957
427,44963
418,44977
224,44986
129,45042
117,45043
331,45054
114,45076
115,45077
116,45078
513,45080
418,45153
197,45172
302,45294
303,45295
304,45296
207,45382
208,45383
513,45412
125,45438
427,45487
302,45489
206,45490
107,45495
223,45510
510,45514
511,45515
105,45649
106,45650
139,45669
358,45718
223,45735
107,45743
29,45776
49,45788
120,45788
106,45847
107,45938
67,45982
399,45997
214,46038
312,46050
114,46057
115,46058
116,46059
117,46060
178,46093
224,46099
50,46106
129,46133
322,46190
323,46191
324,46192
103,46329
430,46346
223,46385
178,46443
367,46530
522,46543
462,46579
297,46683
114,46722
312,46800
313,46801
373,47051
374,47052
522,47129
49,47135
120,47135
114,47146
166,47210
467,47325
452,47349
130,47364
418,47387
418,47399
223,47561
66,47570
53,47583
510,47587
467,47627
114,47667
129,47686
117,47687
138,47688
312,47693
97,47732
113,47838
114,47839
115,47840
116,47841
117,47842
323,48042
324,48043
119,48051
164,48062
172,48065
173,48066
312,48077
49,48117
120,48117
50,48118
378,48119
223,48121
121,48122
122,48123
263,48129
138,48150
111,48178
343,48178
112,48179
113,48180
313,48191
265,48273
525,48284
323,48445
76,48631
118,48632
119,48633
114,48666
107,48681
106,48683
114,48696
115,48697
116,48698
195,48855
114,48867
115,48868
116,48869
196,48887
331,48973
117,48991
68,48992
77,48992
223,49085
117,49090
107,49149
357,49152
359,49210
331,49250
237,49254
184,49307
467,49322
512,49328
513,49329
107,49341
49,49349
120,49349
303,49350
357,49426
166,49436
161,49515
49,49553
120,49553
303,49554
304,49555
452,49613
178,49668
357,49674
119,49725
219,49763
220,49764
221,49765
222,49766
272,49766
366,49838
357,49866
512,49909
119,49938
116,49990
116,50024
117,50025
467,50033
512,50069
513,50070
193,50071
514,50071
51,50114
116,50175
192,50221
219,50262
512,50282
513,50283
107,50507
427,50561
418,50607
118,50645
119,50646
105,50653
106,50654
265,50790
467,50903
356,50906
357,50907
106,50916
418,50961
419,50962
419,51051
297,51224
178,51258
418,51273
479,51294
357,51300
446,51358
357,51364
73,51417
67,51482
357,51521
66,51554
50,51557
378,51558
53,51578
328,51648
359,51695
468,51729
161,51931
267,51949
247,51979
76,51987
460,52089
331,52185
467,52253
107,52260
357,52263
49,52454
120,52454
512,52540
513,52541
85,52547
184,52670
193,52685
514,52685
161,52704
512,52812
224,52846
107,52851
174,52970
448,52973
449,52974
116,53021
513,53023
363,53049
357,53079
180,53118
297,53121
228,53209
449,53229
49,53231
120,53231
107,53313
261,53330
262,53331
356,53543
357,53544
418,53552
118,53605
451,53606
452,53607
303,53652
322,53693
357,53782
49,53825
120,53825
322,53834
107,53840
106,53948
174,53964
480,53966
116,54128
50,54203
217,54252
236,54428
418,54484
419,54485
418,54521
467,54551
401,54566
233,54613
303,54705
304,54706
210,54737
237,54767
69,54802
354,54831
107,54834
117,54860
430,54873
221,54883
222,54884
272,54884
461,54916
173,54959
174,54960
346,54966
357,54970
430,54980
192,54988
129,55062
117,55063
129,55104
130,55132
64,55145
65,55146
178,55224
399,55304
357,55335
321,55440
322,55441
323,55442
467,55451
413,55487
357,55557
523,55644
166,55664
161,55716
107,55761
117,55792
138,55793
418,55815
419,55816
322,55847
523,55926
324,55973
107,56092
106,56094
107,56095
273,56120
430,56211
178,56247
418,56297
107,56403
161,56469
66,56506
357,56538
418,56566
323,56612
119,56642
167,56711
451,56760
452,56761
513,56786
193,56787
514,56787
331,56873
66,56876
102,56959
467,56975
164,57097
107,57241
451,57296
119,57297
113,57312
161,57453
106,57455
49,57464
120,57464
354,57522
67,57580
113,57611
512,57614
67,57709
418,57758
264,57764
265,57765
64,57802
65,57803
219,57818
418,57834
129,57895
50,57898
378,57899
427,57923
461,58023
462,58024
105,58111
106,58112
107,58149
418,58283
419,58284
116,58303
233,58322
161,58326
126,58345
76,58348
73,58416
106,58429
173,58511
302,58565
127,58585
128,58586
172,58638
173,58639
174,58640
223,58695
303,58696
304,58697
118,58711
115,58774
116,58775
522,58846
206,58878
118,58946
451,58947
452,58948
263,58950
264,58951
69,58969
418,58973
286,59018
322,59062
323,59063
116,59067
322,59162
126,59167
127,59168
128,59169
401,59197
78,59212
219,59298
226,59345
427,59417
328,59421
67,59436
356,59661
357,59662
304,59671
171,59682
66,59702
