349,30
301,127
126,157
426,161
298,162
440,255
223,426
148,434
394,479
150,539
231,573
307,576
252,606
252,640
152,739
299,761
300,762
507,795
90,796
176,796
177,797
81,973
231,979
447,1009
368,1057
131,1088
152,1107
368,1112
349,1115
223,1122
299,1142
494,1176
344,1230
174,1258
425,1284
148,1314
149,1315
360,1363
59,1438
460,1473
346,1636
112,1648
231,1653
136,1763
296,1850
297,1851
138,1853
448,1930
151,1952
251,1984
283,2024
284,2025
458,2047
224,2082
496,2083
91,2160
360,2211
136,2249
480,2265
177,2269
392,2290
393,2291
360,2372
440,2416
298,2417
178,2494
463,2517
177,2523
223,2526
148,2536
152,2538
135,2558
494,2595
231,2598
507,2619
120,2635
468,2651
299,2680
78,2738
88,2776
177,2826
89,2888
175,2888
426,2889
349,2912
296,2922
297,2923
427,2924
152,3010
149,3058
149,3076
447,3103
231,3147
149,3178
149,3190
494,3197
458,3198
299,3209
494,3315
495,3316
152,3324
299,3334
252,3346
495,3350
497,3366
392,3392
440,3413
447,3558
494,3565
150,3638
151,3639
392,3641
393,3642
394,3643
466,3847
467,3848
260,3849
261,3850
177,3888
223,3975
231,4074
392,4079
467,4100
468,4102
440,4104
447,4122
177,4138
458,4159
467,4204
260,4205
230,4249
326,4275
177,4281
174,4291
177,4390
177,4498
495,4507
325,4550
345,4579
416,4744
446,4767
177,4850
298,4861
299,4901
223,4908
497,4920
149,4948
177,4951
90,5149
176,5149
447,5190
174,5269
89,5270
175,5270
426,5271
223,5321
174,5422
447,5427
439,5447
484,5472
361,5481
467,5601
468,5602
440,5604
426,5612
322,5636
138,5664
139,5665
300,5748
252,5756
255,5778
138,5826
190,5854
467,5868
468,5869
494,5898
300,5916
301,5953
467,5964
468,5965
349,5990
78,6155
428,6173
467,6201
468,6202
111,6228
112,6229
494,6315
458,6316
416,6393
299,6412
300,6413
468,6436
426,6448
148,6460
152,6462
223,6471
427,6516
91,6526
223,6528
294,6589
148,6619
224,6706
231,6711
232,6712
58,6786
301,6907
90,6915
176,6915
138,6918
139,6919
295,6923
361,7029
136,7184
251,7303
301,7365
426,7525
298,7526
112,7537
301,7606
446,7609
471,7658
223,7665
497,7713
273,7724
299,7736
300,7737
251,7745
252,7746
392,7806
393,7807
299,7892
300,7893
346,7926
346,7979
231,8001
78,8003
299,8006
329,8011
507,8012
90,8013
176,8013
91,8014
223,8016
484,8069
426,8193
426,8218
298,8219
223,8253
458,8267
324,8339
425,8365
224,8484
496,8485
224,8509
494,8567
301,8580
299,8699
494,8791
458,8792
177,8842
231,8928
231,8937
297,9013
298,9014
112,9056
299,9184
360,9335
458,9493
459,9494
460,9495
486,9532
252,9641
458,9649
231,9665
252,9733
300,9735
231,9777
479,9815
471,9845
252,9985
90,10090
176,10090
91,10091
349,10201
295,10205
231,10250
223,10278
393,10288
318,10294
262,10314
224,10321
349,10370
295,10445
174,10610
447,10918
360,10920
440,11085
458,11234
495,11269
173,11346
299,11369
177,11379
426,11551
252,11591
447,11730
448,11731
231,11802
426,11850
252,11868
300,11870
494,11939
392,11951
393,11952
223,12183
224,12184
426,12213
298,12214
296,12228
497,12234
298,12270
177,12324
152,12487
299,12515
426,12573
295,12620
361,12624
58,12640
177,12790
158,12823
155,12848
299,12934
231,12990
322,13019
325,13055
427,13105
346,13218
440,13299
344,13410
345,13411
346,13412
367,13432
273,13491
152,13586
467,13608
468,13610
295,13629
347,13784
298,13845
299,13846
300,13847
197,13940
120,14026
231,14042
446,14056
299,14059
91,14270
497,14285
479,14297
190,14343
299,14443
300,14444
323,14660
299,14674
91,14731
426,14742
441,14743
300,14771
223,14858
224,14859
224,14878
299,14887
346,14936
441,15157
446,15163
300,15199
301,15200
182,15205
494,15225
471,15256
426,15425
310,15536
299,15568
299,15988
60,16021
295,16054
467,16102
382,16180
324,16203
273,16226
298,16276
177,16429
152,16437
231,16526
136,16577
78,16585
79,16586
80,16587
359,16587
60,16597
120,16637
91,16658
223,16736
349,16761
120,16765
427,16767
177,16819
78,16849
90,16867
176,16867
136,16884
231,16895
78,16897
252,16925
426,17009
231,17048
309,17079
220,17260
298,17273
299,17274
135,17287
426,17336
63,17368
136,17372
426,17384
252,17504
148,17520
152,17522
210,17556
89,17587
175,17587
426,17588
262,17612
346,17633
251,17692
63,17703
300,17716
322,17824
322,18034
148,18040
298,18074
299,18075
152,18137
150,18191
152,18298
177,18311
479,18326
458,18387
224,18608
496,18609
148,18633
368,18695
358,18734
80,18735
359,18735
426,18885
78,18934
299,18937
152,18940
441,18947
468,18965
395,19011
229,19013
231,19031
349,19035
299,19171
299,19279
426,19392
299,19410
300,19411
426,19418
447,19503
447,19509
420,19531
88,19629
90,19677
176,19677
224,19719
299,19723
300,19724
148,19747
448,19790
148,19824
344,19867
195,19937
299,19987
223,19994
224,19995
299,19999
300,20000
380,20112
301,20117
446,20120
224,20160
299,20164
300,20165
360,20212
447,20274
448,20275
150,20299
324,20302
422,20305
423,20306
368,20310
426,20406
441,20407
152,20445
298,20619
349,20671
426,20675
422,20685
169,20687
295,20689
468,20722
440,20724
298,20725
78,20746
299,20749
121,20850
223,20852
91,20883
223,20885
174,20912
252,20914
231,20990
471,21040
152,21059
467,21077
468,21078
177,21093
426,21245
301,21272
458,21316
110,21377
148,21443
149,21444
427,21447
301,21497
223,21515
224,21516
471,21529
252,21599
300,21660
299,21821
300,21822
177,21846
150,21895
151,21896
220,21900
89,21951
175,21951
298,22021
299,22022
299,22109
177,22128
495,22154
230,22192
231,22193
231,22235
223,22297
224,22298
148,22400
298,22457
346,22470
349,22520
112,22534
346,22630
347,22631
301,22761
81,22810
428,22817
231,22893
252,22897
300,22899
177,22929
149,22952
177,22955
299,23086
300,23087
296,23217
297,23218
427,23219
344,23289
345,23290
392,23315
346,23438
231,23556
152,23589
231,23655
111,23691
252,23742
447,23766
296,23799
297,23800
301,23843
121,23896
360,23920
177,24000
426,24045
152,24053
459,24075
78,24083
60,24191
89,24194
175,24194
446,24285
223,24288
427,24320
349,24331
448,24357
298,24406
497,24510
90,24520
176,24520
224,24543
174,24554
301,24590
301,24594
120,24606
121,24673
223,24675
224,24676
154,24712
346,24974
297,24988
441,24989
177,25005
367,25079
394,25093
494,25273
458,25274
151,25332
177,25357
301,25415
446,25418
324,25422
369,25460
368,25463
255,25877
368,25883
231,25946
494,25950
458,25951
152,26016
299,26101
223,26150
224,26151
252,26162
361,26176
299,26182
322,26221
323,26222
447,26229
290,26370
112,26376
297,26387
296,26434
152,26472
110,26597
301,26662
252,26695
253,26696
254,26697
81,26756
88,26791
60,26809
440,26923
298,26924
299,26925
344,26946
345,26947
346,26948
136,27056
231,27151
59,27168
301,27245
358,27284
80,27285
359,27285
301,27305
360,27313
446,27352
349,27364
440,27394
441,27395
320,27499
174,27514
173,27594
177,27662
467,27741
468,27743
325,27924
348,27974
495,27986
346,28048
301,28060
297,28064
427,28065
299,28119
300,28120
301,28150
346,28292
347,28293
120,28298
231,28320
252,28345
253,28346
178,28359
151,28455
174,28545
89,28546
175,28546
174,28562
440,28575
298,28589
299,28590
427,28699
290,28734
344,28806
345,28807
67,28822
177,28878
497,28941
153,29030
300,29100
177,29120
368,29212
90,29215
176,29215
495,29259
496,29260
190,29287
148,29387
149,29391
322,29438
323,29439
190,29470
174,29550
89,29551
175,29551
426,29552
447,29616
448,29617
252,29683
177,29698
507,29739
90,29740
176,29740
345,29747
346,29748
426,29751
298,29752
252,29759
177,29774
252,29820
300,29822
177,29858
148,30074
81,30125
502,30151
247,30229
248,30230
426,30283
427,30284
149,30347
231,30435
394,30468
229,30547
230,30548
467,30709
260,30710
252,30735
90,30755
176,30755
223,30936
343,30965
121,30971
177,30982
177,31045
223,31048
80,31059
359,31059
329,31083
507,31084
393,31109
394,31110
177,31165
331,31283
301,31308
177,31330
298,31340
426,31358
298,31359
252,31383
220,31418
494,31458
90,31490
176,31490
298,31588
152,31618
440,31655
324,31668
325,31669
326,31670
296,31695
297,31696
299,31790
495,31822
324,31840
49,31846
231,31857
298,31967
301,31979
467,31999
468,32000
152,32003
346,32024
426,32062
298,32063
88,32066
89,32067
175,32067
441,32110
446,32113
299,32147
426,32226
401,32266
81,32281
231,32348
471,32353
89,32373
175,32373
426,32374
138,32540
301,32551
346,32584
299,32651
300,32652
324,32690
325,32691
297,32709
138,32711
139,32712
295,32737
467,32751
174,32788
299,32816
227,32821
298,32836
401,32847
313,33077
441,33125
252,33254
152,33308
148,33394
149,33395
261,33492
484,33525
447,33551
300,33600
89,33671
175,33671
368,33688
149,33721
252,33742
299,33788
331,33861
301,33910
223,33919
301,33954
467,33971
468,33972
468,34097
177,34100
153,34104
89,34135
175,34135
426,34136
298,34176
299,34177
90,34216
176,34216
91,34217
223,34219
467,34283
468,34284
177,34287
299,34290
177,34337
60,34361
121,34651
122,34652
426,34703
346,34746
78,34757
497,34841
252,34937
298,34976
89,35015
175,35015
150,35056
151,35057
152,35058
64,35111
346,35118
231,35159
441,35171
301,35202
426,35213
321,35229
90,35237
176,35237
344,35249
345,35250
346,35251
347,35252
446,35336
224,35345
494,35381
495,35382
496,35383
497,35384
503,35390
504,35391
468,35425
440,35427
298,35428
299,35429
297,35431
494,35465
349,35585
174,35721
112,35732
440,35775
220,35810
441,35837
81,35988
223,36110
296,36129
177,36199
297,36212
224,36267
135,36320
224,36356
252,36522
300,36524
120,36562
296,36611
223,36614
467,36699
468,36700
231,36724
349,36728
298,36773
301,36779
368,36789
299,36888
300,36889
395,36931
347,36982
348,36983
230,37084
90,37128
176,37128
428,37131
347,37150
177,37253
494,37276
252,37320
177,37355
468,37416
440,37418
427,37419
298,37433
203,37440
149,37477
255,37499
316,37506
294,37530
295,37531
471,37534
155,37669
467,37715
468,37717
121,37725
446,37840
368,37903
299,37915
223,37997
228,38024
467,38066
468,38068
440,38070
426,38092
148,38113
299,38168
300,38169
441,38189
494,38250
495,38251
360,38397
296,38432
297,38433
441,38434
393,38445
316,38459
298,38511
299,38512
300,38513
367,38535
368,38536
426,38539
380,38555
90,38584
176,38584
130,38592
346,38608
347,38609
372,38651
325,38784
296,38851
479,38983
309,39068
441,39105
81,39144
497,39228
299,39321
247,39412
248,39413
60,39417
150,39488
361,39505
447,39520
448,39521
297,39597
299,39615
300,39616
301,39651
152,39699
497,39794
174,39821
252,39823
297,39826
298,39827
299,39828
228,39923
251,39933
252,39934
426,39967
502,40064
223,40209
90,40279
176,40279
252,40361
300,40438
158,40500
395,40607
89,40632
175,40632
502,40727
90,40737
176,40737
345,40890
346,40891
347,40892
295,40931
497,40979
447,41145
177,41292
299,41572
230,41663
360,41667
230,41669
252,41671
471,41717
392,41838
299,41905
252,41917
426,41925
298,41926
299,41927
346,41965
231,41980
89,42016
175,42016
426,42017
427,42018
428,42019
426,42109
251,42213
252,42214
296,42295
297,42296
441,42297
446,42300
131,42324
426,42349
298,42350
299,42351
300,42352
497,42405
174,42477
158,42486
232,42490
360,42531
324,42644
325,42645
299,42760
426,42799
252,42817
224,42920
139,42956
486,42973
494,43003
130,43066
440,43073
426,43177
60,43197
252,43255
151,43325
152,43326
426,43383
152,43441
361,43447
299,43497
300,43498
89,43537
175,43537
324,43574
325,43575
90,43625
176,43625
448,43928
427,43950
368,43975
220,43996
446,44064
497,44270
421,44340
322,44420
299,44457
90,44526
176,44526
91,44527
392,44759
345,44793
296,44809
494,44889
458,44890
231,44980
428,44986
300,44999
148,45039
467,45142
260,45143
466,45173
467,45174
260,45175
299,45249
299,45322
494,45331
458,45332
300,45379
275,45384
276,45385
326,45406
121,45516
252,45586
120,45706
494,45717
446,45891
174,45980
89,45981
175,45981
90,45982
176,45982
343,46017
428,46099
231,46121
440,46134
298,46135
301,46165
301,46206
360,46221
361,46222
174,46309
89,46310
175,46310
80,46345
359,46345
223,46381
224,46382
174,46423
346,46514
190,46529
345,46586
58,46615
252,46632
301,46658
299,46689
468,46732
440,46734
298,46735
426,46747
427,46748
346,46977
49,47028
131,47142
426,47182
427,47183
466,47436
467,47437
260,47438
254,47462
345,47519
346,47520
394,47583
368,47596
440,47793
298,47794
299,47795
300,47796
153,47819
368,47820
252,47823
60,47834
361,47880
224,47903
152,47913
152,47925
356,47947
252,47967
150,48025
299,48053
300,48054
110,48060
88,48062
89,48063
175,48063
426,48138
298,48158
494,48222
458,48223
468,48231
297,48304
298,48305
345,48353
426,48387
298,48388
392,48397
393,48398
348,48527
252,48600
177,48632
497,48650
440,48699
148,48706
298,48766
299,48767
89,48782
175,48782
426,48783
298,48784
252,48794
224,48811
298,48837
252,48934
416,48964
395,48974
467,48988
468,48989
91,48992
223,49071
416,49135
494,49242
252,49246
126,49279
299,49382
426,49430
262,49484
301,49589
426,49619
427,49620
49,49641
416,49740
494,49783
258,49850
434,50034
152,50040
299,50058
300,50059
468,50125
49,50247
252,50268
324,50313
325,50314
426,50432
441,50433
360,50463
224,50605
177,50645
231,50729
427,50775
322,50801
323,50802
427,50816
252,50820
219,50836
220,50837
299,50840
346,51039
347,51040
440,51133
427,51134
301,51216
368,51226
349,51229
131,51254
440,51321
224,51327
257,51340
495,51365
345,51458
346,51459
309,51478
310,51479
90,51482
176,51482
252,51540
253,51541
254,51542
255,51543
426,51555
427,51556
392,51576
393,51577
394,51578
502,51601
296,51606
346,51609
392,51652
230,51709
231,51723
224,51736
224,51836
496,51837
324,51852
426,51879
152,51912
150,51982
150,51984
497,52009
150,52076
301,52175
395,52186
224,52315
148,52379
149,52380
298,52383
346,52408
441,52427
301,52431
294,52530
295,52531
148,52629
149,52630
401,52632
150,52757
426,52801
428,52846
441,52871
301,52889
360,52913
300,52949
209,52952
210,52953
301,53036
252,53076
467,53102
468,53104
301,53117
447,53165
299,53198
152,53225
446,53253
427,53423
361,53586
177,53605
178,53657
348,53723
231,53790
232,53791
253,53896
393,53962
223,54018
300,54046
252,54054
440,54216
298,54217
131,54248
251,54385
257,54415
258,54416
504,54447
224,54519
252,54579
152,54614
426,54703
427,54704
252,54723
467,54855
468,54858
254,54887
255,54888
299,55019
298,55070
324,55114
325,55115
258,55151
195,55184
224,55249
347,55288
348,55289
325,55329
458,55336
174,55366
395,55417
285,55428
60,55444
299,55466
230,55547
426,55549
252,55608
447,55632
440,55706
223,55812
224,55813
255,55821
368,55827
504,55854
121,56147
223,56149
426,56153
298,56154
151,56194
174,56196
300,56250
231,56300
479,56442
223,56509
497,56569
395,56655
252,56672
224,56704
299,56708
468,56767
230,56858
252,56860
426,56877
173,56901
174,56923
325,56954
251,57050
252,57051
298,57066
231,57078
426,57093
298,57094
88,57097
349,57201
368,57213
298,57318
299,57319
360,57485
90,57580
176,57580
360,57587
229,57599
90,57709
176,57709
346,57712
231,57761
297,57774
252,57805
440,57896
427,57897
401,57942
395,57973
426,58041
64,58074
368,58206
349,58292
152,58388
297,58411
427,58412
253,58461
299,58471
300,58472
64,58505
448,58510
299,58519
121,58579
223,58581
231,58611
346,58634
494,58681
177,58711
295,58765
289,58782
290,58783
310,58841
494,58882
495,58883
177,58946
63,58963
223,58970
224,58971
89,58987
175,58987
426,58988
298,58989
310,59024
346,59121
273,59163
149,59171
296,59251
297,59252
368,59259
247,59319
248,59320
299,59326
372,59426
90,59436
176,59436
346,59582
174,59628
252,59655
300,59657
301,59658
439,59737
494,59766
