342,40
133,129
210,199
210,237
215,243
304,244
305,245
277,302
460,303
164,490
411,514
163,536
164,537
165,538
482,538
273,546
391,603
163,604
274,605
79,812
214,856
320,869
321,870
304,941
96,1067
81,1125
96,1226
97,1227
174,1285
166,1316
483,1316
80,1438
81,1439
154,1446
216,1460
117,1477
97,1518
408,1526
165,1591
482,1591
166,1592
483,1592
322,1609
260,1805
407,1827
172,1829
279,1890
153,2000
216,2069
375,2161
215,2173
304,2174
302,2241
303,2242
164,2287
172,2345
173,2369
213,2369
214,2370
279,2408
484,2433
81,2534
223,2663
96,2773
97,2774
269,2843
302,2853
212,3007
164,3008
166,3059
483,3059
166,3077
483,3077
167,3078
166,3179
483,3179
166,3191
483,3191
275,3226
107,3260
141,3305
164,3322
96,3333
472,3435
472,3540
216,3560
217,3561
215,3634
216,3635
165,3637
482,3637
372,3655
373,3656
154,3701
372,3747
362,3876
166,3886
483,3886
320,3918
321,3919
359,3973
132,4036
133,4037
450,4042
436,4207
155,4324
472,4344
220,4361
133,4423
372,4480
373,4481
410,4513
274,4539
302,4651
443,4763
444,4764
275,4802
401,4813
97,4862
98,4863
324,4938
166,4949
483,4949
96,4953
132,4990
407,5018
275,5044
276,5045
277,5046
460,5047
471,5126
472,5127
214,5158
407,5201
216,5429
401,5527
304,5552
173,5611
213,5611
274,5755
454,5841
219,5972
220,5973
274,5993
275,5994
118,6071
106,6208
104,6223
97,6338
165,6385
482,6385
166,6386
483,6386
96,6411
391,6466
163,6467
173,6468
213,6468
168,6479
472,6545
471,6590
472,6591
96,6606
81,6617
472,6651
245,6661
107,6719
106,6847
107,6848
485,6861
372,6871
373,6872
96,6874
407,6945
472,7019
407,7022
322,7040
484,7062
472,7083
322,7166
96,7238
232,7264
275,7304
443,7334
444,7335
219,7343
220,7344
472,7361
96,7407
97,7408
443,7431
409,7434
212,7523
173,7524
213,7524
97,7527
472,7542
472,7575
217,7644
444,7653
359,7672
168,7673
97,7719
166,7750
483,7750
96,7753
83,7782
165,7909
482,7909
166,7910
483,7910
185,7956
407,7957
133,8045
96,8128
270,8188
271,8189
272,8190
273,8191
173,8192
213,8192
81,8301
306,8333
214,8366
215,8367
430,8463
485,8466
107,8498
472,8514
216,8546
472,8559
472,8627
407,8648
217,8703
411,8769
217,8787
472,8799
472,8892
97,9015
172,9046
391,9067
273,9147
164,9168
165,9169
482,9169
96,9183
270,9199
375,9308
172,9374
217,9411
166,9465
483,9465
484,9466
472,9501
410,9519
153,9556
154,9557
220,9559
472,9612
273,9639
274,9640
393,9724
394,9725
472,9762
485,9824
97,9848
98,9849
472,9868
391,9973
273,9983
274,9984
96,10051
153,10223
154,10224
444,10281
172,10331
274,10388
186,10483
166,10583
483,10583
215,10585
410,10765
408,10893
216,10898
443,10906
444,10907
166,10913
483,10913
275,11043
276,11044
472,11211
407,11247
408,11248
409,11249
96,11382
443,11424
409,11427
410,11428
273,11589
274,11590
266,11710
375,11716
334,11719
372,11755
215,11823
407,11846
172,11848
173,11849
213,11849
297,11934
277,11936
286,12029
401,12066
394,12106
472,12168
270,12175
97,12215
497,12303
432,12317
245,12434
472,12470
163,12484
164,12485
436,12649
172,12659
218,12661
271,12846
444,12951
334,12996
218,13048
374,13121
169,13123
188,13126
212,13176
164,13177
217,13227
472,13332
303,13381
411,13403
301,13434
270,13635
432,13655
391,13675
460,13716
450,13808
485,13867
344,13900
216,13972
302,14093
216,14119
444,14145
472,14158
407,14301
408,14302
472,14375
484,14483
279,14495
407,14707
372,14712
106,14797
107,14798
391,14816
107,14841
472,14954
409,14981
271,14986
272,14987
485,15089
410,15332
472,15404
97,15410
98,15411
212,15423
173,15424
213,15424
232,15452
374,15483
472,15548
407,15593
485,15635
270,15788
391,15877
410,15912
123,16105
367,16107
472,16160
218,16257
154,16300
220,16302
472,16487
472,16550
401,16573
123,16649
410,16770
173,16866
213,16866
344,16900
173,17008
213,17008
108,17127
109,17128
98,17146
117,17204
172,17392
274,17393
274,17442
275,17443
372,17472
218,17499
273,17502
274,17503
141,17549
274,17640
372,17661
373,17662
188,17738
391,17816
270,17832
472,17915
475,17926
96,18018
97,18019
266,18096
295,18248
342,18302
470,18383
274,18443
273,18696
164,18697
155,18721
212,18931
133,18949
411,18978
166,19126
483,19126
344,19130
345,19131
342,19202
172,19416
173,19417
213,19417
410,19428
216,19474
217,19475
472,19499
472,19637
432,19652
216,19675
133,19696
291,19701
81,19745
472,19769
460,19893
172,19912
274,19913
215,20052
216,20053
132,20114
486,20126
268,20138
269,20139
270,20140
271,20141
272,20142
273,20143
274,20144
141,20189
273,20311
166,20413
483,20413
412,20554
82,20662
173,20674
213,20674
97,20726
320,20731
321,20732
410,20742
407,20805
132,20822
448,20847
287,20867
214,20927
271,20944
272,20945
273,20946
173,20947
213,20947
271,20977
272,20978
154,21032
374,21145
375,21146
376,21147
220,21176
472,21239
218,21362
366,21373
367,21374
368,21375
166,21445
483,21445
212,21597
274,21598
163,21624
274,21625
275,21626
219,21647
324,21649
173,21687
213,21687
460,21737
374,21789
472,21816
271,21890
272,21891
273,21892
164,21893
165,21894
482,21894
472,21918
472,21930
444,21939
174,21952
475,21990
271,22026
391,22073
164,22095
96,22108
372,22141
407,22146
270,22315
409,22353
410,22354
97,22458
277,22517
407,22551
344,22649
345,22650
96,22701
472,22737
212,22778
270,22882
271,22883
166,22953
483,22953
96,22957
165,23008
482,23008
116,23030
411,23042
460,23049
472,23058
96,23085
186,23170
185,23171
407,23172
172,23174
431,23229
362,23307
217,23337
172,23342
274,23343
472,23478
472,23507
407,23523
97,23541
214,23562
163,23586
164,23587
391,23739
163,23740
274,23741
270,23791
271,23792
272,23793
496,23806
497,23807
274,23936
368,23965
407,23972
475,23974
444,24009
166,24014
483,24014
97,24086
214,24195
214,24228
118,24251
472,24276
448,24308
485,24312
471,24338
472,24339
407,24644
408,24645
96,24650
97,24651
166,24833
483,24833
215,24835
268,24964
334,24968
153,24997
154,24998
372,25027
373,25028
133,25073
373,25130
141,25163
124,25209
411,25280
172,25345
274,25346
273,25464
173,25465
213,25465
174,25466
249,25481
340,25493
341,25494
342,25495
450,25594
451,25595
338,25605
173,25691
213,25691
273,25884
274,25885
275,25886
489,25979
268,25999
269,26000
273,26013
164,26014
475,26021
163,26039
274,26040
275,26041
212,26043
173,26044
213,26044
214,26045
407,26117
170,26170
171,26171
172,26172
106,26196
107,26197
117,26210
153,26247
154,26248
173,26257
213,26257
133,26274
220,26316
319,26398
320,26399
321,26400
322,26401
209,26420
368,26450
106,26473
407,26479
271,26526
165,26549
482,26549
166,26550
483,26550
484,26551
486,26734
97,26789
323,26812
324,26813
164,26818
186,26844
137,26848
273,26853
172,26907
164,26908
400,26956
214,27082
80,27168
279,27178
96,27236
408,27249
409,27250
103,27295
104,27296
485,27335
486,27336
274,27348
344,27396
345,27397
96,27454
218,27516
166,27660
483,27660
271,27666
394,27837
141,27868
373,27943
495,27974
106,28040
273,28102
216,28176
442,28318
271,28334
272,28335
394,28424
453,28472
391,28529
163,28530
164,28531
165,28532
482,28532
166,28533
483,28533
484,28534
391,28540
163,28541
164,28542
214,28547
217,28557
164,28685
319,28812
271,28847
96,28896
276,29102
273,29213
173,29214
213,29214
96,29217
266,29267
166,29392
483,29392
169,29422
365,29451
366,29452
174,29463
163,29520
164,29521
98,29685
485,29711
273,29728
173,29729
213,29729
97,29753
484,29793
471,29799
472,29800
472,29844
186,30078
472,30103
334,30269
275,30310
166,30348
483,30348
321,30404
165,30550
482,30550
166,30551
483,30551
215,30553
304,30554
305,30555
274,30569
165,30585
482,30585
166,30586
483,30586
322,30592
81,30707
174,30780
164,30824
174,30940
107,31008
214,31085
305,31107
277,31170
460,31171
394,31185
368,31188
216,31194
485,31201
214,31247
301,31266
302,31267
303,31268
216,31269
217,31270
172,31276
172,31300
274,31301
366,31343
358,31362
303,31368
216,31369
408,31389
374,31469
97,31589
106,31619
107,31620
342,31681
97,31689
273,31734
274,31735
96,31789
411,31819
214,31831
220,31853
269,31873
270,31947
271,31948
358,31956
485,31958
485,31991
133,32029
271,32038
272,32039
273,32040
97,32064
212,32224
173,32225
213,32225
212,32241
214,32279
485,32397
485,32453
271,32518
96,32650
319,32787
277,32822
496,32825
96,32910
341,33048
190,33078
485,33197
166,33357
483,33357
273,33363
173,33364
213,33364
174,33365
143,33374
488,33389
174,33672
273,33689
173,33690
213,33690
166,33722
483,33722
215,33724
295,33729
274,33741
163,33753
274,33754
275,33755
212,33757
214,33764
96,33787
96,33792
271,33828
485,33873
96,33901
359,33917
220,34044
334,34055
215,34131
304,34132
245,34185
81,34281
96,34289
303,34304
409,34346
275,34381
165,34387
482,34387
245,34505
500,34510
448,34561
449,34562
450,34563
360,34652
361,34653
362,34654
220,34666
212,34690
133,34723
164,34796
164,34871
116,34921
274,34936
97,34977
98,34978
174,35438
394,35483
460,35512
454,35579
96,35619
97,35620
212,35625
215,35653
496,35706
81,35771
212,35861
145,35872
450,36102
451,36103
444,36113
98,36155
319,36159
468,36189
291,36450
292,36451
407,36482
496,36531
163,36580
274,36581
154,36608
271,36692
411,36719
319,36785
320,36786
321,36787
215,36805
304,36806
293,36944
262,36948
495,36983
496,36984
497,36985
132,37059
168,37091
268,37158
269,37159
269,37166
270,37167
166,37353
483,37353
472,37410
165,37430
482,37430
166,37431
483,37431
166,37478
483,37478
334,37523
472,37541
391,37561
133,37609
98,37619
188,37642
168,37726
345,37747
472,37856
132,37866
444,37877
273,37904
173,37905
213,37905
409,37940
274,37955
275,38022
276,38023
170,38047
96,38126
98,38142
96,38167
212,38172
442,38247
485,38274
320,38350
321,38351
322,38352
407,38406
485,38417
274,38523
273,38537
173,38538
213,38538
155,38551
132,38557
313,38580
373,38620
103,38676
444,38778
319,38876
472,38968
472,38974
407,38987
268,38994
269,38995
214,39000
165,39063
482,39063
166,39064
483,39064
443,39264
444,39265
485,39375
270,39401
276,39423
277,39424
164,39486
165,39487
482,39487
450,39495
321,39497
449,39531
220,39577
133,39681
288,39902
276,39922
496,39943
407,39948
172,39965
173,39966
213,39966
472,39993
119,39999
497,40091
444,40098
245,40146
374,40207
96,40422
123,40474
164,40527
218,40605
174,40633
96,40644
97,40645
166,40777
483,40777
484,40778
436,40808
270,40856
274,40866
275,40867
276,40886
209,40913
400,40916
367,40956
368,41166
167,41232
185,41246
116,41298
303,41342
304,41382
212,41453
485,41498
172,41501
214,41538
97,41604
407,41640
104,41651
320,41653
321,41654
214,41665
304,41686
368,41781
215,41849
96,41904
274,41916
275,41984
276,41985
262,42096
245,42135
359,42254
98,42319
212,42355
164,42474
472,42511
214,42518
214,42529
266,42548
214,42562
472,42601
216,42670
216,42717
275,42719
96,42728
97,42729
96,42793
172,42797
173,42798
213,42798
172,42815
274,42816
98,42850
215,42970
304,42971
188,43013
274,43017
270,43035
172,43088
164,43089
496,43111
436,43148
212,43253
274,43254
391,43270
472,43329
96,43496
214,43538
262,43565
303,43583
304,43584
449,43593
471,43615
472,43616
173,43624
213,43624
407,43659
362,43852
277,43962
273,43976
164,43977
153,44132
154,44133
155,44134
407,44148
376,44323
303,44412
304,44413
305,44414
215,44523
216,44524
295,44560
275,44596
172,44660
274,44661
472,44718
153,44805
154,44806
444,44841
133,44897
485,45080
334,45138
81,45140
442,45190
410,45297
96,45321
276,45381
485,45412
216,45478
217,45479
471,45493
472,45494
212,45584
274,45585
472,45628
392,45715
472,45742
407,45745
172,45747
391,45763
444,45888
472,45937
186,45940
185,45941
319,45979
401,46082
185,46138
279,46486
362,46579
244,46589
172,46594
164,46595
172,46624
274,46631
436,46702
269,46742
472,46844
215,46903
393,46931
394,46932
154,47111
83,47148
216,47180
188,47321
409,47354
359,47364
214,47403
460,47534
273,47569
173,47570
213,47570
174,47571
372,47607
273,47821
274,47822
96,47844
97,47933
471,48010
472,48011
165,48024
482,48024
96,48052
214,48064
96,48211
97,48212
475,48217
96,48315
145,48338
268,48439
269,48440
270,48441
495,48527
215,48613
489,48703
214,48743
274,48793
245,48806
219,48938
472,48945
218,48972
407,49004
372,49068
132,49140
296,49156
297,49157
454,49197
224,49254
485,49329
291,49405
292,49406
96,49508
460,49513
188,49517
262,49540
186,49604
96,49939
461,49959
485,50070
497,50110
215,50137
304,50138
407,50199
485,50283
104,50337
368,50569
320,50625
321,50626
185,50683
407,50684
408,50685
320,50715
321,50716
212,50818
274,50819
164,50927
164,50936
496,50973
497,50974
186,51030
185,51031
407,51032
214,51086
81,51129
212,51136
444,51168
274,51232
132,51282
407,51309
133,51439
216,51511
274,51539
172,51553
173,51554
213,51554
271,51680
272,51681
107,51687
472,51810
497,51862
320,51866
132,51921
133,51922
444,51947
166,51986
483,51986
96,51989
436,52015
154,52043
212,52084
274,52085
172,52097
274,52098
391,52155
275,52190
279,52266
155,52271
166,52381
483,52381
97,52384
474,52448
373,52452
172,52508
485,52541
411,52618
412,52619
172,52687
132,52713
271,52722
450,52730
321,52732
118,52940
496,53008
485,53023
106,53226
301,53329
302,53330
303,53331
273,53453
174,53467
100,53492
443,53539
444,53540
304,53609
495,53723
442,53773
393,53805
460,53849
411,53908
274,54053
214,54105
215,54106
216,54107
217,54108
215,54181
97,54218
98,54219
153,54341
106,54391
214,54459
215,54460
472,54536
472,54588
217,54634
96,54660
224,54767
407,54782
374,54801
472,54806
96,54862
96,54907
212,54996
170,55010
171,55011
216,55100
359,55132
365,55156
269,55247
495,55289
472,55310
245,55316
411,55333
107,55389
373,55435
96,55458
274,55607
96,55731
133,55759
407,55763
452,55790
391,56082
296,56214
297,56215
271,56279
272,56280
81,56390
365,56395
472,56417
172,56431
274,56432
188,56446
212,56505
173,56506
213,56506
165,56630
482,56630
166,56631
483,56631
96,56643
274,56671
273,56683
172,56700
485,56786
172,56789
164,56804
273,56875
173,56876
213,56876
271,56948
272,56949
271,57005
97,57095
165,57099
482,57099
166,57100
483,57100
133,57181
472,57240
166,57316
483,57316
214,57400
334,57441
96,57505
116,57531
368,57565
172,57648
497,57679
274,57804
449,57839
320,57844
321,57845
163,57947
274,57948
362,58024
272,58026
407,58151
320,58203
321,58204
273,58207
321,58213
411,58233
450,58289
96,58350
401,58426
322,58481
214,58637
166,58741
483,58741
215,58743
215,58777
218,58786
497,58822
277,58879
166,58926
483,58926
472,58934
449,58984
450,58985
97,58990
214,59027
215,59028
81,59065
166,59172
483,59172
484,59173
145,59206
374,59211
169,59213
273,59260
391,59272
270,59304
271,59305
272,59306
273,59307
164,59308
169,59522
97,59571
98,59572
319,59627
207,59635
208,59636
209,59637
444,59665
172,59701
173,59702
213,59702
214,59703
103,59791
104,59792
