342,50
84,302
343,355
231,366
231,381
448,403
449,404
197,490
86,519
294,524
197,537
87,538
88,539
357,546
406,573
341,592
294,654
141,704
269,721
484,764
425,834
85,908
153,916
54,942
231,970
232,971
406,979
360,1002
361,1003
132,1011
230,1191
231,1224
215,1270
294,1383
295,1384
296,1385
86,1416
230,1428
232,1458
495,1509
496,1510
331,1519
85,1589
86,1590
87,1591
448,1594
405,1652
406,1653
479,1712
449,1715
229,1723
230,1724
231,1725
179,1730
405,1769
480,1823
166,1828
196,1829
231,1875
480,1949
481,1950
262,1975
484,1986
475,2014
476,2015
484,2072
117,2124
86,2149
86,2154
198,2155
168,2219
342,2232
474,2281
475,2282
476,2283
197,2287
489,2303
166,2344
196,2345
358,2369
184,2414
360,2438
361,2439
479,2507
474,2511
264,2525
143,2565
405,2582
359,2584
406,2598
163,2614
489,2624
410,2664
327,2724
150,2747
444,2768
445,2769
446,2770
86,2790
98,2805
86,2847
346,2871
425,2885
231,2960
232,2961
294,2994
197,3008
449,3044
198,3070
86,3084
403,3121
406,3147
168,3169
143,3171
404,3194
405,3224
425,3237
426,3238
405,3278
168,3286
197,3322
229,3397
230,3398
360,3404
275,3448
474,3469
475,3470
403,3526
327,3631
87,3637
88,3638
489,3663
343,3685
344,3686
265,3687
345,3687
166,3705
294,3714
376,3729
362,3731
342,3758
475,3761
476,3762
449,3845
446,3941
447,3942
405,3968
86,3969
198,3970
479,3989
480,3990
360,3995
184,4012
405,4073
406,4074
448,4105
474,4141
231,4192
343,4256
448,4304
166,4336
93,4396
229,4438
230,4439
231,4440
232,4482
162,4485
445,4495
446,4496
230,4587
270,4616
446,4669
404,4799
405,4800
471,4835
472,4836
275,4971
166,5019
84,5046
480,5062
295,5092
405,5147
145,5180
166,5202
167,5203
448,5225
231,5228
448,5272
445,5347
446,5348
447,5349
359,5377
180,5392
54,5513
232,5550
489,5586
475,5606
476,5607
358,5611
166,5682
313,5764
327,5839
185,5870
484,5918
362,5939
165,5956
185,5966
295,5971
168,6092
169,6093
360,6106
77,6254
294,6283
54,6286
331,6339
231,6345
87,6385
448,6449
358,6468
181,6475
480,6522
481,6523
264,6527
489,6555
295,6565
360,6586
361,6587
230,6594
405,6710
406,6711
275,6751
326,6941
275,6973
276,6974
150,7047
180,7048
86,7073
313,7089
143,7099
180,7105
275,7129
360,7175
313,7263
332,7279
163,7336
295,7342
489,7352
363,7385
269,7435
295,7474
446,7518
358,7524
484,7547
231,7610
163,7654
344,7664
313,7682
75,7720
76,7721
484,7739
141,7794
489,7797
143,7838
360,7844
77,7847
144,7870
87,7909
275,7936
489,7952
166,7958
167,7959
168,7960
143,7962
405,8000
406,8001
264,8015
138,8088
168,8165
168,8173
266,8189
357,8191
358,8192
448,8194
360,8201
405,8216
82,8334
448,8532
232,8544
231,8674
203,8682
406,8928
406,8937
139,8961
196,9046
139,9078
489,9093
357,9147
101,9148
197,9168
87,9169
275,9247
379,9254
165,9289
54,9321
342,9323
275,9351
295,9363
296,9364
168,9367
143,9369
144,9370
166,9373
196,9374
294,9408
425,9419
488,9439
180,9531
357,9639
406,9665
166,9722
406,9777
86,9786
198,9787
179,9799
180,9800
475,9906
77,9932
357,9983
475,10001
476,10002
269,10210
406,10250
343,10276
344,10277
163,10282
196,10331
139,10339
484,10390
275,10423
231,10440
232,10441
313,10452
484,10490
262,10545
344,10559
265,10560
345,10560
346,10561
377,10609
294,10632
342,10698
231,10755
232,10756
457,10768
444,10779
445,10780
55,10844
448,10915
449,10975
232,11049
162,11112
163,11113
275,11142
275,11171
146,11286
484,11329
179,11357
489,11393
341,11460
342,11461
405,11549
357,11589
74,11592
330,11592
331,11593
180,11629
403,11695
343,11738
355,11745
405,11801
406,11802
446,11821
166,11847
196,11848
358,11849
448,11851
262,11904
342,11923
84,11936
209,11982
313,11999
232,12027
198,12055
343,12099
489,12150
344,12182
86,12200
198,12201
425,12218
479,12309
446,12322
313,12363
197,12485
342,12566
448,12574
231,12598
295,12613
424,12630
414,12653
196,12659
216,12663
480,12680
141,12689
460,12723
143,12779
144,12780
180,12801
93,12805
96,12827
478,12842
266,12846
474,12856
479,12881
480,12882
457,12912
474,12938
475,12939
406,12990
242,13014
296,13049
55,13070
56,13071
231,13120
294,13167
293,13172
197,13177
341,13342
230,13387
298,13434
226,13505
146,13565
144,13881
294,13920
295,14008
405,14041
406,14042
169,14079
139,14222
458,14224
211,14244
264,14271
265,14272
345,14272
346,14273
457,14311
458,14312
230,14348
476,14395
210,14436
211,14437
476,14447
360,14484
309,14523
376,14564
141,14688
264,14732
265,14733
345,14733
346,14734
405,14740
76,14756
163,14898
146,14942
266,14986
230,15061
294,15110
231,15164
105,15219
98,15288
99,15289
144,15362
307,15399
230,15407
358,15424
448,15426
425,15443
426,15444
313,15451
143,15608
144,15609
376,15713
144,15884
231,15901
232,15902
360,15952
286,15953
342,15967
489,15997
343,16183
361,16242
141,16265
489,16305
275,16377
457,16436
305,16466
405,16525
406,16526
426,16530
131,16587
489,16676
264,16735
358,16866
405,16894
406,16895
445,16959
446,16960
489,16986
168,16993
358,17008
448,17010
406,17048
343,17074
294,17084
293,17089
166,17109
309,17117
74,17145
330,17145
262,17226
331,17249
474,17254
447,17272
180,17304
231,17355
196,17392
440,17425
290,17456
108,17494
296,17500
357,17502
74,17505
330,17505
489,17515
85,17532
86,17533
359,17547
231,17571
150,17584
448,17589
449,17590
474,17664
457,17700
295,17778
322,17783
346,17833
448,17939
479,17995
232,18004
425,18022
404,18064
484,18118
88,18191
230,18220
198,18264
360,18268
86,18296
166,18306
405,18337
436,18414
343,18438
100,18442
489,18490
327,18498
404,18531
230,18572
231,18573
489,18588
225,18594
231,18620
474,18622
475,18623
55,18630
202,18637
203,18638
357,18696
197,18697
130,18734
131,18735
475,18763
476,18764
143,18790
228,18837
153,18844
448,18886
449,18887
456,18917
457,18939
168,18972
215,18984
405,19030
406,19031
73,19051
74,19052
330,19052
262,19078
263,19079
264,19080
265,19081
345,19081
76,19138
232,19190
295,19218
296,19219
342,19232
426,19284
448,19335
449,19336
376,19379
166,19415
196,19416
358,19417
331,19452
230,19502
404,19511
93,19525
444,19605
445,19606
141,19609
343,19615
231,19672
232,19673
275,19707
484,19726
86,19781
166,19911
196,19912
275,19917
476,20036
480,20048
481,20049
484,20056
231,20121
266,20141
357,20143
165,20148
484,20167
232,20220
262,20243
307,20262
88,20299
357,20311
108,20449
74,20483
330,20483
358,20674
475,20677
377,20730
166,20806
307,20829
179,20833
180,20834
264,20884
68,20942
266,20944
357,20946
358,20947
266,20977
406,20990
179,21004
77,21016
242,21029
243,21030
244,21031
362,21052
139,21057
77,21135
309,21137
448,21164
425,21226
296,21363
297,21364
76,21379
490,21407
344,21514
475,21532
476,21533
275,21561
295,21646
358,21687
266,21890
357,21892
197,21893
87,21894
88,21895
362,21898
101,21958
277,21963
266,22026
267,22027
343,22030
294,22041
86,22062
489,22085
197,22095
198,22096
231,22106
144,22183
406,22193
343,22211
405,22234
406,22235
162,22254
163,22255
399,22308
294,22338
341,22357
168,22369
179,22428
180,22429
84,22517
295,22666
296,22667
484,22692
346,22751
262,22765
231,22774
480,22804
118,22860
232,22866
266,22883
406,22893
108,22960
231,22969
488,22994
489,22995
484,23003
405,23006
86,23007
87,23008
484,23063
231,23083
86,23103
141,23105
168,23120
275,23128
166,23173
196,23174
101,23175
225,23201
475,23207
476,23208
342,23256
343,23257
376,23268
457,23297
196,23342
484,23345
322,23410
166,23524
405,23555
406,23556
270,23566
197,23587
295,23593
74,23615
330,23615
425,23618
406,23655
297,23667
484,23720
404,23768
266,23792
169,23859
480,23863
405,23873
479,23908
121,23930
163,24010
456,24012
344,24287
479,24295
474,24298
475,24299
476,24300
166,24349
141,24398
85,24461
231,24526
232,24527
141,24557
458,24573
229,24686
230,24687
74,24739
330,24739
75,24740
76,24741
489,24756
294,24927
143,24984
144,24985
326,25017
230,25119
232,25131
230,25140
495,25235
496,25236
196,25345
355,25458
356,25459
357,25464
358,25465
425,25596
474,25614
475,25615
476,25616
276,25647
277,25648
358,25691
359,25692
360,25693
361,25694
362,25695
232,25736
230,25762
231,25763
357,25884
449,25906
108,25923
404,25944
405,25945
406,25946
231,25974
357,26013
197,26014
179,26028
180,26029
358,26044
457,26051
484,26059
405,26062
152,26075
457,26103
196,26172
358,26257
359,26258
342,26266
214,26314
404,26354
448,26388
489,26392
266,26526
405,26547
86,26548
87,26549
275,26726
480,26732
232,26754
457,26770
342,26781
361,26784
197,26818
275,26824
276,26825
357,26853
360,26862
168,26878
196,26907
197,26908
359,26939
179,26943
179,26992
96,27116
425,27124
143,27138
144,27139
85,27150
406,27151
165,27248
269,27251
130,27284
131,27285
313,27325
360,27486
488,27490
360,27512
101,27573
440,27620
264,27664
265,27665
345,27665
266,27666
85,27684
480,27749
456,27757
55,27784
56,27785
86,27847
230,27865
411,27878
231,27892
270,27981
262,28031
360,28038
231,28079
357,28102
275,28137
406,28320
266,28334
182,28449
458,28456
85,28486
197,28531
87,28532
197,28542
377,28561
360,28610
231,28675
197,28685
360,28777
378,28813
266,28847
85,28864
86,28865
230,28944
456,28949
313,29007
231,29026
360,29038
361,29039
144,29071
343,29128
360,29153
403,29158
357,29213
358,29214
262,29235
343,29250
361,29369
480,29426
179,29441
197,29521
230,29615
479,29638
74,29684
330,29684
357,29728
358,29729
359,29730
360,29731
286,29732
287,29733
288,29734
289,29735
233,29742
360,29794
361,29795
362,29796
364,29832
79,29848
360,29947
168,30146
169,30147
270,30166
445,30192
446,30193
360,30387
361,30388
152,30405
76,30408
405,30434
406,30435
474,30442
101,30513
449,30520
342,30532
86,30549
87,30550
85,30583
86,30584
87,30585
231,30603
275,30632
276,30633
277,30634
360,30767
197,30824
344,30935
86,30948
449,30968
361,30985
360,31018
264,31047
131,31059
132,31060
84,31170
261,31191
294,31256
298,31266
196,31276
101,31277
166,31299
196,31300
484,31303
405,31356
360,31364
164,31387
165,31388
231,31468
98,31513
457,31524
231,31550
75,31590
471,31596
445,31615
455,31624
95,31630
331,31690
289,31724
290,31725
294,31730
295,31731
296,31732
357,31734
202,31795
405,31829
406,31857
266,31948
266,32038
357,32040
228,32050
231,32114
86,32129
170,32181
358,32225
448,32227
211,32252
481,32300
406,32348
479,32366
210,32458
211,32459
100,32469
269,32494
266,32518
262,32527
143,32576
150,32615
479,32647
139,32702
359,32730
479,32813
83,32821
84,32822
360,32882
474,32927
456,32944
230,32992
231,32993
232,32994
445,33019
295,33041
296,33042
117,33079
496,33108
286,33205
168,33250
77,33310
481,33339
139,33355
357,33363
358,33364
444,33404
445,33405
359,33447
230,33550
327,33587
404,33665
357,33689
358,33690
342,33713
168,33735
120,33737
231,33785
266,33828
294,33857
202,33876
203,33877
231,33899
456,33913
264,34218
361,34295
488,34359
85,34379
87,34387
209,34442
86,34445
75,34465
95,34631
343,34640
449,34648
405,34681
359,34683
360,34684
101,34691
275,34707
343,34731
294,34755
197,34796
230,34800
295,34807
296,34808
295,34845
197,34871
74,34938
330,34938
56,34980
342,35003
265,35018
345,35018
343,35034
88,35056
231,35069
232,35070
376,35076
231,35081
449,35100
376,35151
406,35159
405,35211
143,35255
232,35321
228,35418
229,35419
230,35420
448,35432
474,35592
82,35623
180,35683
230,35693
231,35694
167,35746
448,35776
55,35831
141,35898
297,35997
440,36020
294,36057
342,36095
262,36117
74,36154
330,36154
341,36156
77,36175
487,36189
143,36418
144,36419
145,36420
474,36429
475,36430
484,36443
166,36528
167,36529
458,36559
220,36612
95,36659
265,36691
345,36691
266,36692
406,36724
168,36731
120,36733
121,36734
168,36791
120,36793
121,36794
54,36807
168,36905
230,37044
343,37070
496,37100
448,37113
480,37143
294,37205
141,37218
346,37268
168,37332
242,37372
86,37429
87,37430
143,37470
361,37528
166,37549
231,37589
106,37631
143,37661
231,37841
232,37842
163,37878
357,37904
358,37905
231,37959
120,37972
342,37994
343,37995
344,37996
405,38020
343,38028
448,38093
77,38102
78,38111
120,38134
121,38135
122,38136
341,38143
74,38155
330,38155
346,38176
377,38349
490,38380
413,38387
414,38388
210,38490
357,38537
358,38538
327,38566
474,38586
141,38597
474,38622
475,38623
476,38624
360,38658
77,38661
179,38898
294,38905
209,38916
480,38923
233,38960
209,39030
86,39062
87,39063
277,39098
230,39199
231,39200
360,39240
457,39323
275,39329
276,39330
180,39361
295,39389
296,39390
84,39424
85,39425
197,39486
87,39487
88,39488
230,39519
496,39529
295,39536
296,39537
399,39564
489,39580
120,39629
456,39654
85,39677
77,39701
118,39703
121,39762
471,39873
165,39963
166,39964
196,39965
358,39966
475,39969
294,39982
295,40058
120,40070
484,40094
163,40099
360,40110
446,40138
447,40139
231,40185
489,40191
475,40199
476,40200
264,40208
276,40228
277,40229
306,40297
457,40314
423,40348
294,40477
229,40483
230,40484
231,40485
197,40527
262,40576
296,40606
295,40667
313,40692
471,40712
360,40779
405,40825
86,40826
458,40828
346,40857
203,40873
425,40920
77,40952
362,41020
363,41021
405,41029
201,41072
166,41186
221,41233
73,41243
231,41317
474,41319
85,41336
86,41337
479,41361
163,41374
164,41375
101,41454
359,41497
196,41501
79,41527
295,41574
75,41605
166,41641
167,41642
168,41643
166,41674
167,41675
168,41676
231,41683
232,41684
342,41691
85,41714
403,41719
489,41764
231,41789
141,41799
489,41802
457,41836
275,41890
444,41899
445,41900
446,41901
457,41951
406,41980
359,41999
343,42055
144,42086
425,42094
448,42110
405,42157
86,42158
56,42178
166,42217
168,42228
242,42286
74,42318
330,42318
343,42361
425,42429
231,42437
197,42474
458,42499
405,42516
295,42568
360,42678
231,42726
168,42750
231,42791
166,42796
196,42797
358,42798
196,42815
295,42820
296,42821
74,42849
330,42849
341,42851
342,42852
166,42884
73,43040
448,43074
295,43079
196,43088
197,43089
86,43152
448,43178
168,43272
228,43277
143,43405
423,43505
230,43528
231,43529
358,43624
474,43627
480,43651
489,43698
74,43803
330,43803
362,43844
169,43903
84,43962
357,43976
197,43977
360,44007
361,44008
275,44109
166,44149
108,44161
377,44263
145,44331
86,44381
306,44392
307,44393
275,44439
360,44460
286,44461
295,44467
296,44468
472,44580
85,44594
166,44659
196,44660
76,44707
346,44734
270,44773
446,44923
405,44979
406,44980
474,45045
295,45053
296,45054
480,45061
405,45155
78,45172
343,45229
168,45234
479,45246
295,45251
361,45273
270,45277
309,45311
231,45319
342,45393
166,45589
231,45697
405,45725
166,45746
196,45747
475,45927
405,46120
406,46121
168,46146
169,46147
342,46250
131,46345
404,46346
375,46358
376,46359
457,46421
343,46458
342,46478
209,46517
425,46540
166,46593
196,46594
197,46595
196,46624
74,46633
330,46633
425,46793
425,46796
95,46827
221,46949
445,47077
377,47127
313,47201
294,47313
144,47369
405,47401
117,47513
118,47514
440,47541
357,47569
358,47570
141,47590
306,47628
118,47709
489,47712
184,47791
360,47817
357,47821
405,47868
86,47869
362,47872
363,47873
294,47877
139,47911
77,47915
331,47934
179,47961
168,47996
405,48016
86,48023
87,48024
88,48025
76,48039
360,48092
120,48109
426,48131
231,48209
168,48248
361,48333
362,48334
363,48335
262,48342
457,48348
313,48558
489,48643
496,48690
405,48741
295,48937
230,48948
296,48973
166,49005
263,49025
344,49070
275,49180
276,49181
166,49188
295,49249
296,49250
168,49304
231,49347
405,49368
120,49375
471,49505
472,49506
473,49507
230,49574
265,49595
345,49595
73,49669
144,49700
231,49762
232,49763
480,49800
286,49802
231,49815
360,49826
153,49864
360,49910
121,50030
229,50089
230,50090
231,50091
183,50123
480,50220
120,50227
230,50241
484,50252
231,50261
232,50262
233,50263
425,50303
449,50374
184,50484
479,50572
480,50622
456,50650
480,50712
440,50725
405,50728
406,50729
440,50781
168,50786
475,50807
74,50821
330,50821
331,50822
54,50844
197,50927
197,50936
275,51047
479,51203
166,51310
231,51384
166,51552
196,51553
358,51554
86,51625
448,51642
266,51680
405,51722
406,51723
449,51740
457,51804
375,51849
457,51864
457,51934
458,51935
484,51943
308,51950
309,51951
88,51982
88,51984
446,52023
447,52024
448,52031
88,52076
196,52097
322,52161
294,52183
295,52184
296,52185
85,52188
440,52269
242,52333
440,52388
231,52405
359,52411
360,52412
446,52425
447,52426
196,52508
448,52600
471,52682
196,52687
265,52721
345,52721
266,52722
88,52757
426,52794
448,52802
360,52813
361,52814
230,52896
378,52900
484,52933
295,52968
120,53058
405,53074
307,53119
295,53200
167,53266
168,53267
298,53329
96,53373
343,53394
146,53400
321,53435
357,53453
153,53483
163,53541
270,53577
168,53706
169,53707
166,53736
359,53763
406,53790
446,53796
342,53816
100,53860
101,53861
120,53878
185,53938
201,53950
202,53951
203,53952
74,54055
330,54055
331,54056
479,54070
399,54136
400,54137
410,54429
210,54482
211,54483
474,54490
448,54512
342,54561
74,54580
330,54580
183,54610
184,54611
269,54707
230,54799
231,54800
264,54802
265,54803
345,54803
404,54873
96,54915
342,54977
404,54980
202,54991
203,54992
167,55012
198,55102
221,55133
242,55137
446,55203
73,55225
294,55259
457,55364
362,55545
480,55687
166,55713
313,55721
446,55728
342,55736
166,55764
343,55810
344,55811
168,55829
143,55831
168,55925
425,56009
404,56211
144,56228
73,56248
270,56266
266,56279
56,56291
405,56299
406,56300
196,56431
358,56506
86,56512
86,56530
76,56609
86,56629
87,56630
357,56683
166,56699
196,56700
152,56738
231,56758
359,56785
196,56789
197,56804
295,56872
296,56873
357,56875
358,56876
475,56879
476,56880
266,56948
342,56963
266,57005
405,57077
406,57078
209,57089
87,57099
225,57136
226,57137
480,57208
313,57224
474,57298
139,57475
196,57648
120,57724
121,57725
405,57760
406,57761
448,57775
230,57797
342,57816
232,57818
377,57843
322,57862
85,57975
86,57976
96,58022
229,58087
230,58088
231,58089
474,58177
475,58178
357,58207
143,58242
410,58340
346,58367
214,58378
479,58468
225,58590
406,58611
362,58616
230,58631
86,58684
262,58701
413,58706
309,58793
166,58869
84,58879
139,58924
448,58928
286,58961
479,58966
264,58969
476,59051
209,59150
360,59174
294,59193
231,59210
357,59260
231,59297
232,59298
266,59305
357,59307
197,59308
359,59351
360,59352
479,59386
457,59481
343,59520
342,59561
361,59564
342,59599
448,59623
166,59646
163,59666
196,59701
358,59702
377,59707
479,59781
