217,30
156,32
438,48
389,125
332,127
476,138
108,149
142,188
441,252
174,290
95,326
463,368
464,368
463,369
464,369
463,370
464,370
493,371
391,525
331,558
391,562
85,573
391,655
392,656
109,690
462,797
492,797
463,798
464,798
449,892
185,895
238,934
239,935
463,937
464,937
463,938
464,938
465,939
508,965
142,976
85,979
494,1029
499,1043
159,1044
491,1044
160,1045
161,1046
463,1065
464,1065
493,1066
68,1094
217,1115
297,1174
160,1302
161,1303
493,1391
230,1394
508,1403
336,1453
284,1516
180,1521
510,1545
174,1631
85,1653
171,1672
172,1673
284,1713
172,1735
211,1750
331,1779
500,1801
448,1805
449,1806
450,1807
499,1814
134,1823
135,1824
136,1825
424,1851
237,1927
238,1928
134,1949
133,1970
250,1970
284,1971
285,1972
166,1983
167,1984
64,2002
65,2003
97,2027
138,2054
63,2061
220,2080
221,2081
109,2084
219,2144
220,2145
221,2146
159,2159
491,2159
221,2194
463,2200
464,2200
493,2201
141,2226
142,2227
438,2230
159,2268
491,2268
462,2269
492,2269
493,2270
494,2271
463,2278
464,2278
463,2279
464,2279
493,2280
323,2352
237,2361
155,2367
93,2378
436,2386
500,2437
499,2472
159,2473
491,2473
463,2489
464,2489
463,2490
464,2490
463,2491
464,2491
463,2492
464,2492
463,2493
464,2493
493,2510
462,2523
492,2523
372,2542
97,2546
85,2598
391,2682
489,2724
170,2799
171,2800
172,2801
462,2826
492,2826
493,2827
221,2844
493,2861
328,2865
217,2912
424,2923
97,2948
92,2962
391,2995
170,3051
171,3052
172,3053
173,3054
174,3055
173,3057
221,3064
173,3072
174,3073
173,3075
105,3108
339,3133
161,3143
436,3145
85,3147
171,3175
172,3176
173,3177
173,3189
477,3227
476,3273
423,3330
137,3368
153,3373
500,3403
323,3405
499,3412
482,3423
375,3433
376,3434
463,3465
464,3465
463,3466
464,3466
463,3467
464,3467
493,3468
506,3490
237,3552
238,3553
185,3606
489,3631
490,3632
498,3667
516,3667
499,3668
372,3715
442,3848
130,3876
462,3888
492,3888
387,3902
388,3903
339,3916
220,3923
221,3924
350,3930
134,3990
500,3994
323,3996
387,4026
388,4027
85,4074
108,4082
442,4100
443,4101
444,4101
445,4101
446,4101
447,4101
169,4120
461,4137
462,4138
492,4138
463,4139
464,4139
493,4140
499,4174
391,4180
392,4181
440,4202
441,4203
442,4204
226,4211
174,4213
482,4224
476,4231
84,4249
462,4281
492,4281
168,4293
158,4388
159,4389
491,4389
462,4390
492,4390
493,4391
323,4443
462,4498
492,4498
463,4499
464,4499
465,4500
105,4515
133,4521
250,4521
278,4628
500,4642
177,4714
178,4715
499,4848
159,4849
491,4849
462,4850
492,4850
465,4851
133,4898
250,4898
284,4899
391,4903
330,4922
506,4930
226,4946
462,4951
492,4951
493,4952
169,4981
348,4983
249,5004
436,5055
134,5062
390,5091
93,5192
231,5240
232,5241
338,5266
339,5267
253,5364
391,5374
168,5424
169,5425
159,5448
491,5448
391,5511
390,5593
106,5594
442,5601
331,5628
346,5650
493,5662
435,5721
438,5728
476,5749
331,5760
499,5787
500,5788
501,5789
135,5833
489,5839
442,5868
469,5879
331,5952
332,5953
442,5964
105,5970
217,5990
171,6030
450,6033
330,6038
290,6112
500,6120
501,6121
502,6122
237,6126
330,6152
372,6154
391,6162
392,6163
442,6201
159,6204
491,6204
323,6207
370,6245
391,6284
463,6364
464,6364
493,6365
171,6406
172,6407
159,6409
491,6409
169,6415
328,6501
329,6502
137,6503
300,6509
134,6522
142,6553
105,6564
376,6650
331,6654
290,6675
476,6679
477,6680
85,6711
86,6712
89,6735
476,6760
437,6784
476,6794
477,6795
478,6796
479,6797
466,6814
494,6828
323,6898
332,6907
436,6912
389,6949
436,6953
106,7027
331,7125
475,7137
323,7176
167,7303
475,7338
331,7364
332,7365
137,7381
138,7382
388,7398
153,7438
438,7461
105,7473
438,7486
375,7540
376,7541
331,7545
493,7581
339,7597
332,7606
476,7621
477,7622
478,7623
397,7629
391,7642
435,7650
436,7651
475,7656
158,7671
65,7733
167,7745
476,7786
171,7801
172,7802
173,7803
323,7845
388,7881
238,7923
133,7976
250,7976
475,7988
85,8001
323,8202
512,8277
513,8278
155,8323
142,8329
105,8343
450,8433
331,8451
136,8467
347,8502
348,8503
375,8512
376,8513
369,8523
238,8551
375,8557
376,8558
331,8562
476,8563
477,8564
475,8579
332,8580
333,8581
237,8583
108,8660
109,8661
391,8701
391,8785
488,8805
64,8817
221,8820
159,8841
491,8841
462,8842
492,8842
493,8843
372,8896
85,8928
221,8934
85,8937
109,8979
424,9013
142,9091
155,9166
391,9186
438,9226
172,9230
391,9319
391,9409
373,9413
331,9428
501,9467
186,9487
85,9665
371,9683
106,9684
142,9688
435,9697
436,9698
437,9699
476,9736
331,9755
331,9765
85,9777
500,9790
499,9822
500,9823
331,9843
284,9877
387,9891
388,9892
284,9904
168,9913
169,9914
142,9949
95,9993
105,10100
284,10106
450,10123
507,10168
217,10201
476,10207
336,10228
337,10229
284,10231
85,10250
238,10298
478,10302
479,10303
217,10370
391,10486
284,10506
185,10563
108,10607
466,10757
476,10762
108,10790
339,10817
133,10821
250,10821
439,10844
330,10871
168,10900
109,11024
298,11036
331,11059
498,11083
516,11083
499,11084
450,11295
462,11379
492,11379
463,11380
464,11380
493,11381
388,11469
389,11470
465,11529
485,11544
284,11766
285,11767
85,11802
392,11804
482,11891
478,11920
469,11943
92,12028
159,12058
491,12058
339,12086
501,12146
372,12172
159,12204
491,12204
114,12274
324,12289
104,12303
462,12324
492,12324
482,12397
482,12409
327,12465
463,12550
464,12550
96,12561
271,12577
238,12580
475,12594
169,12596
494,12600
106,12622
134,12680
135,12681
136,12682
137,12683
350,12711
438,12721
330,12758
331,12759
159,12789
491,12789
462,12790
492,12790
463,12791
464,12791
465,12792
92,12793
93,12794
94,12795
238,12853
239,12854
323,12864
134,12882
323,12884
438,12898
354,12908
465,12978
92,12979
105,12983
85,12990
299,12994
465,13037
439,13070
290,13113
169,13118
476,13138
477,13139
476,13174
477,13175
438,13327
114,13441
476,13590
442,13608
443,13609
444,13609
445,13609
446,13609
447,13609
330,13624
106,13626
476,13631
220,13634
171,13683
172,13684
390,13690
106,13691
388,13695
389,13696
390,13697
106,13698
170,13841
476,13848
477,13849
478,13850
499,13865
500,13866
476,13884
156,13963
105,14002
372,14034
373,14035
85,14042
391,14076
168,14121
169,14122
438,14135
375,14156
376,14157
154,14173
108,14206
109,14213
229,14237
230,14238
159,14269
491,14269
65,14440
436,14454
323,14485
133,14602
250,14602
284,14603
392,14628
159,14730
491,14730
425,14743
388,14808
389,14809
482,14819
65,14863
221,14877
89,14884
391,14889
392,14890
482,14922
347,14929
348,14930
327,15057
328,15058
391,15111
105,15125
425,15157
332,15200
390,15221
391,15222
388,15252
389,15253
284,15396
495,15398
496,15399
290,15401
136,15431
330,15432
331,15433
513,15454
93,15469
94,15470
331,15509
436,15523
376,15547
391,15570
106,15600
108,15646
501,15776
220,15787
269,15899
350,15984
284,16028
465,16062
436,16082
437,16083
442,16102
443,16103
444,16103
445,16103
446,16103
447,16103
142,16284
475,16354
168,16383
95,16391
96,16392
461,16428
462,16429
492,16429
465,16430
92,16431
85,16526
392,16528
137,16534
109,16544
372,16584
171,16614
172,16615
173,16616
105,16679
372,16680
373,16681
229,16741
339,16743
340,16744
217,16761
462,16819
492,16819
463,16820
464,16820
465,16821
499,16837
390,16847
372,16848
466,16869
85,16895
85,17048
65,17173
158,17187
500,17188
284,17213
68,17267
68,17278
105,17292
391,17293
286,17338
138,17365
97,17380
135,17490
136,17491
498,17519
516,17519
108,17578
277,17627
167,17692
338,17710
499,17722
159,17723
491,17723
443,17754
444,17754
445,17754
446,17754
447,17754
389,17776
390,17777
185,17835
135,17850
269,17908
170,17941
284,17996
68,18006
498,18039
516,18039
331,18068
96,18085
108,18121
68,18131
108,18154
506,18189
230,18208
231,18229
232,18230
500,18267
323,18269
157,18308
158,18309
159,18310
491,18310
462,18311
492,18311
465,18312
159,18329
491,18329
65,18409
168,18444
106,18469
489,18498
105,18517
436,18582
439,18630
440,18631
170,18668
290,18693
66,18734
482,18769
108,18904
476,18929
477,18930
425,18947
68,19010
85,19031
217,19035
372,19104
488,19109
506,19124
494,19129
391,19173
284,19206
154,19259
155,19260
391,19281
392,19282
375,19344
106,19347
476,19357
284,19408
286,19420
284,19424
438,19558
388,19584
469,19711
65,19729
376,19768
435,19778
436,19779
465,19819
92,19820
156,19947
436,19960
437,19961
476,20001
170,20008
331,20033
134,20048
152,20078
339,20092
475,20116
332,20117
463,20123
464,20123
482,20176
476,20179
493,20245
494,20260
495,20261
496,20262
476,20343
290,20378
425,20407
350,20469
97,20503
136,20528
137,20529
436,20546
160,20593
436,20601
217,20671
105,20744
372,20745
496,20829
506,20909
142,20936
57,20942
221,20987
85,20990
221,20994
475,21038
442,21077
462,21093
492,21093
435,21111
436,21112
437,21113
438,21114
449,21133
251,21170
387,21194
391,21220
346,21259
332,21272
476,21282
477,21283
284,21311
463,21348
464,21348
220,21366
221,21367
465,21419
475,21479
93,21487
388,21494
389,21495
332,21497
174,21503
476,21595
477,21596
298,21748
238,21787
239,21788
462,21846
492,21846
493,21847
375,21916
376,21917
237,21942
238,21943
330,22049
106,22051
155,22093
500,22099
350,22104
462,22128
492,22128
161,22130
436,22132
136,22144
106,22189
84,22192
85,22193
85,22235
372,22312
498,22399
516,22399
354,22412
217,22520
438,22562
159,22627
491,22627
332,22761
465,22767
133,22803
250,22803
134,22804
389,22820
476,22822
68,22868
303,22885
85,22893
476,22900
389,22904
476,22906
153,22914
461,22928
462,22929
492,22929
493,22930
339,22942
226,22950
462,22955
492,22955
493,22956
331,23001
476,23017
331,23061
436,23154
424,23218
482,23246
436,23251
130,23307
95,23378
96,23379
493,23414
185,23430
206,23448
95,23472
461,23512
160,23513
482,23527
85,23556
331,23613
85,23655
441,23661
68,23666
220,23669
221,23670
142,23674
475,23718
507,23756
168,23763
169,23764
435,23782
436,23783
372,23788
424,23800
103,23806
104,23807
332,23843
133,23862
250,23862
134,23863
135,23864
333,23938
462,24000
492,24000
493,24001
436,24007
105,24069
372,24070
221,24073
154,24078
155,24079
435,24106
436,24107
437,24108
328,24260
329,24261
330,24262
372,24280
469,24292
210,24316
220,24323
221,24324
217,24331
331,24342
68,24358
331,24410
476,24411
477,24412
160,24521
482,24587
332,24590
475,24593
332,24594
159,24692
491,24692
160,24693
105,24732
391,24733
331,24737
501,24777
436,24800
159,24878
491,24878
160,24879
436,24919
391,24928
482,24958
424,24988
425,24989
495,24990
462,25005
492,25005
463,25006
464,25006
463,25007
464,25007
97,25052
220,25082
221,25083
499,25101
159,25102
491,25102
137,25191
138,25192
105,25198
435,25204
436,25205
221,25230
372,25245
330,25249
331,25250
476,25251
477,25252
170,25329
168,25347
159,25356
491,25356
462,25357
492,25357
332,25415
253,25435
93,25441
510,25478
339,25501
461,25612
155,25689
136,25754
137,25755
493,25782
476,25842
438,25857
331,25871
477,25887
284,25916
85,25946
273,25978
274,25979
275,25980
221,26001
477,26042
65,26098
375,26154
358,26188
372,26312
373,26313
374,26314
424,26387
476,26462
501,26552
502,26553
155,26567
332,26662
141,26715
142,26716
134,26732
135,26733
93,26751
438,26779
331,26846
323,26863
375,26870
499,27016
159,27017
491,27017
450,27066
129,27117
85,27151
137,27162
142,27175
108,27211
109,27212
95,27220
96,27221
493,27235
332,27245
66,27284
332,27305
488,27338
170,27356
217,27364
156,27366
498,27392
516,27392
499,27393
425,27395
465,27464
466,27465
390,27472
158,27510
500,27511
109,27556
142,27585
221,27616
462,27662
492,27662
331,27709
442,27741
443,27742
444,27742
445,27742
446,27742
447,27742
134,27749
135,27750
475,27768
476,27769
437,27782
438,27783
439,27784
476,27817
477,27818
89,27955
330,28021
323,28039
332,28060
423,28063
424,28064
478,28067
476,28121
332,28150
106,28154
168,28178
53,28197
54,28198
85,28320
500,28452
68,28464
391,28555
171,28572
172,28573
372,28592
323,28611
390,28638
463,28677
464,28677
155,28683
210,28772
499,28775
500,28776
323,28778
159,28792
491,28792
331,28836
68,28856
462,28878
492,28878
512,28884
142,28938
122,28946
311,28946
226,28959
158,28960
482,28985
327,28999
323,29029
211,29065
476,29101
328,29111
159,29119
491,29119
462,29120
492,29120
323,29138
500,29152
323,29154
493,29237
284,29315
174,29388
173,29390
134,29426
436,29466
390,29485
106,29486
482,29492
89,29587
284,29639
462,29698
492,29698
172,29708
500,29710
462,29774
492,29774
463,29775
464,29775
238,29808
122,29810
311,29810
461,29857
462,29858
492,29858
323,29948
122,29982
311,29982
283,29998
339,30014
64,30031
391,30081
237,30140
438,30160
158,30176
159,30177
491,30177
170,30198
288,30237
514,30237
289,30238
331,30256
463,30320
464,30320
463,30321
464,30321
173,30346
85,30435
493,30441
161,30494
436,30496
84,30548
478,30612
441,30708
442,30709
323,30758
372,30789
463,30911
464,30911
463,30912
464,30912
158,30977
500,30978
462,30982
492,30982
156,31041
157,31042
158,31043
159,31044
491,31044
462,31045
492,31045
64,31068
221,31125
461,31164
462,31165
492,31165
463,31166
464,31166
493,31167
449,31174
391,31257
392,31258
392,31272
436,31280
332,31308
158,31328
159,31329
491,31329
462,31330
492,31330
463,31331
464,31331
465,31332
500,31363
339,31396
64,31412
346,31466
298,31532
106,31626
475,31645
476,31646
389,31673
476,31675
424,31696
97,31705
333,31737
435,31777
450,31812
450,31847
85,31857
221,31874
160,31901
500,31957
332,31979
500,31990
441,31998
442,31999
482,32098
425,32110
495,32111
463,32116
464,32116
493,32117
93,32160
323,32164
170,32186
211,32233
284,32238
136,32273
330,32274
391,32276
253,32304
85,32348
136,32398
330,32399
476,32447
477,32448
157,32450
158,32451
500,32452
136,32454
476,32491
331,32550
332,32551
475,32554
106,32664
388,32668
424,32709
442,32751
443,32752
444,32752
445,32752
446,32752
447,32752
482,32771
284,32814
372,32818
103,32825
476,32891
135,32896
136,32897
330,32898
226,32920
158,32921
500,32922
171,32981
105,33040
339,33091
425,33125
475,33133
476,33134
339,33166
478,33173
450,33282
122,33287
311,33287
237,33290
68,33361
158,33378
159,33379
491,33379
441,33490
499,33503
159,33504
491,33504
438,33578
141,33580
142,33581
489,33587
368,33642
369,33643
436,33675
482,33700
438,33711
170,33717
171,33718
172,33719
173,33720
477,33756
331,33779
391,33858
330,33908
331,33909
332,33910
331,33944
369,33951
370,33952
332,33954
391,33958
442,33971
506,34029
170,34073
211,34079
174,34094
159,34099
491,34099
462,34100
492,34100
323,34103
499,34129
216,34159
463,34191
464,34191
493,34192
154,34263
155,34264
482,34267
441,34282
442,34283
159,34286
491,34286
462,34287
492,34287
493,34288
392,34316
346,34332
462,34337
492,34337
465,34338
219,34349
477,34382
478,34383
479,34384
450,34515
476,34545
477,34546
130,34654
372,34756
153,34762
155,34794
69,34809
95,34812
96,34813
108,34840
330,34843
221,34865
97,34900
158,34970
159,34971
491,34971
240,35005
221,35010
92,35071
463,35083
464,35083
221,35131
85,35159
425,35171
495,35172
332,35202
475,35205
476,35206
171,35296
172,35297
122,35333
311,35333
495,35334
323,35339
424,35431
328,35547
329,35548
330,35549
372,35551
217,35585
493,35591
493,35618
103,35706
441,35772
142,35802
437,35829
438,35830
439,35831
425,35837
476,35859
477,35860
109,35885
476,35953
477,35954
478,35955
479,35956
220,35999
221,36000
391,36072
271,36084
238,36087
436,36091
437,36092
438,36093
389,36151
156,36195
157,36196
158,36197
159,36198
491,36198
462,36199
492,36199
463,36200
464,36200
463,36201
464,36201
493,36202
494,36203
475,36206
424,36212
108,36271
230,36353
105,36474
103,36531
173,36557
501,36564
475,36647
169,36649
170,36650
442,36699
152,36716
153,36717
85,36724
217,36728
475,36740
169,36742
240,36750
499,36768
500,36769
369,36776
370,36777
332,36779
220,36830
221,36831
476,36890
389,36894
476,36896
154,36908
68,36930
238,36954
106,36967
388,36971
389,36972
476,36974
389,36978
103,36984
104,36985
298,36995
436,37013
185,37024
476,37035
475,37061
106,37081
84,37084
134,37143
135,37144
136,37145
330,37146
221,37160
269,37192
391,37206
392,37207
210,37226
499,37229
500,37230
461,37252
462,37253
492,37253
230,37303
462,37355
492,37355
388,37403
171,37474
172,37475
173,37476
329,37496
284,37515
376,37540
463,37591
464,37591
338,37613
141,37621
142,37622
68,37667
442,37715
443,37716
444,37716
445,37716
446,37716
447,37716
331,37804
210,37818
122,37837
311,37837
495,37838
391,37869
392,37870
368,37880
369,37881
210,37922
168,37956
169,37957
240,37960
330,37985
339,38004
153,38036
111,38064
442,38066
443,38067
444,38067
445,38067
446,38067
447,38067
284,38080
498,38112
516,38112
172,38146
159,38148
491,38148
494,38150
475,38153
485,38157
463,38165
464,38165
493,38166
476,38170
477,38171
425,38189
476,38299
159,38325
491,38325
64,38341
97,38345
106,38384
463,38392
464,38392
463,38393
464,38393
463,38394
464,38394
465,38395
424,38433
425,38434
437,38442
476,38514
475,38559
489,38566
490,38567
387,38637
323,38659
168,38737
435,38775
436,38776
221,38794
187,38873
134,38923
135,38924
376,38973
221,38996
425,39105
495,39106
133,39141
250,39141
153,39209
331,39219
154,39234
323,39241
284,39286
251,39304
136,39348
499,39396
476,39422
168,39431
169,39432
106,39503
290,39532
424,39597
230,39605
476,39617
388,39645
331,39650
332,39651
449,39671
506,39697
339,39731
424,39826
220,39846
221,39847
331,39920
476,39921
167,39933
103,39943
390,40057
104,40091
323,40111
339,40241
513,40375
330,40434
331,40435
476,40439
368,40452
391,40478
232,40533
494,40578
495,40579
338,40615
436,40636
136,40664
330,40665
323,40780
133,40783
250,40783
161,40787
436,40789
339,40839
220,40855
185,40859
331,40884
476,40885
137,40981
95,41006
96,41007
64,41025
482,41085
348,41138
284,41182
436,41259
437,41260
159,41291
491,41291
462,41292
492,41292
493,41293
251,41362
283,41379
449,41465
84,41663
84,41669
389,41938
85,41980
93,42027
437,42091
106,42103
97,42165
167,42213
482,42220
424,42296
425,42297
495,42298
476,42353
477,42354
156,42368
389,42379
108,42404
436,42425
437,42426
277,42450
513,42457
86,42490
389,42566
390,42567
435,42579
436,42580
339,42589
329,42594
389,42615
390,42616
350,42640
500,42677
323,42679
346,42789
389,42829
330,42895
437,42985
220,43034
391,43043
171,43070
172,43071
105,43078
103,43111
392,43145
435,43219
436,43220
237,43248
238,43249
210,43296
97,43347
106,43445
65,43458
435,43482
339,43554
340,43555
155,43622
475,43638
134,43651
135,43652
171,43719
172,43720
173,43721
206,43736
169,43758
290,43774
89,43820
130,43852
226,43919
158,43920
238,43926
109,44011
237,44016
155,44043
469,44070
226,44101
158,44102
159,44103
491,44103
328,44117
168,44233
169,44234
221,44302
496,44393
290,44395
338,44419
284,44455
390,44466
225,44512
142,44587
392,44606
351,44667
436,44739
441,44779
435,44838
436,44839
156,44855
114,44858
97,44862
108,44876
369,44916
370,44917
482,44935
450,44945
85,44980
174,45040
159,45043
491,45043
134,45061
499,45078
500,45079
505,45104
441,45141
442,45142
442,45174
346,45195
469,45243
284,45247
391,45324
297,45329
323,45337
476,45380
438,45391
500,45411
237,45423
237,45610
476,45619
368,45640
369,45641
137,45649
482,45757
478,45790
136,45894
330,45895
476,45912
477,45913
478,45914
479,45915
284,45925
476,45948
238,45961
436,46000
64,46011
108,46012
303,46048
499,46059
159,46060
491,46060
185,46115
85,46121
174,46131
332,46165
240,46195
332,46206
461,46218
156,46232
438,46248
152,46266
153,46267
114,46357
450,46392
438,46476
436,46484
437,46485
130,46579
332,46658
475,46661
290,46683
133,46686
250,46686
284,46687
221,46743
438,46780
178,46786
153,46918
284,46922
331,47023
283,47177
328,47271
388,47306
389,47307
465,47349
65,47389
442,47437
435,47503
68,47567
436,47574
449,47650
159,47687
491,47687
323,47690
169,47798
500,47816
323,47818
391,47826
499,47841
159,47842
491,47842
438,47852
106,47878
482,48004
390,48006
106,48007
493,48051
476,48055
323,48093
221,48134
485,48214
171,48228
210,48276
221,48288
424,48304
136,48345
330,48346
211,48358
387,48379
475,48462
114,48475
500,48609
350,48627
462,48632
492,48632
493,48633
499,48698
273,48702
274,48703
478,48779
479,48780
369,48787
391,48797
180,48803
219,48808
220,48809
221,48810
499,48869
211,48892
105,48908
356,48924
298,48977
299,48978
441,48987
442,48988
159,48991
491,48991
476,49034
477,49035
478,49036
238,49059
331,49076
157,49088
158,49089
159,49090
491,49090
387,49109
142,49171
438,49174
105,49258
136,49330
330,49331
331,49343
169,49345
391,49384
339,49400
495,49560
332,49589
283,49592
465,49613
493,49725
391,49780
134,49800
226,49823
158,49824
500,49825
449,49852
323,49911
493,49938
397,49969
436,49981
499,49990
449,50005
499,50024
159,50025
491,50025
476,50060
104,50110
476,50112
499,50175
475,50186
284,50209
285,50210
134,50220
135,50221
269,50259
450,50305
210,50324
303,50334
170,50353
284,50400
425,50433
475,50436
475,50453
64,50514
449,50557
450,50558
134,50622
93,50634
461,50644
462,50645
492,50645
493,50646
494,50647
137,50653
134,50712
85,50729
105,50745
478,50777
391,50842
103,50973
104,50974
338,50982
339,50983
152,51069
166,51084
441,51130
509,51149
350,51160
284,51204
332,51216
290,51224
217,51229
368,51239
369,51240
370,51241
368,51284
369,51285
230,51324
508,51514
330,51566
106,51568
506,51573
482,51582
328,51615
449,51685
221,51693
84,51709
85,51723
498,51742
516,51742
346,51821
114,51848
104,51862
97,51899
338,51926
339,51927
95,51958
96,51959
476,52082
477,52083
229,52087
230,52088
168,52099
105,52113
372,52114
284,52120
185,52135
332,52175
477,52191
478,52192
479,52193
368,52256
369,52257
436,52418
437,52419
425,52427
475,52430
332,52431
390,52491
106,52492
210,52551
277,52554
210,52574
136,52605
330,52606
331,52607
436,52613
437,52614
438,52615
168,52694
169,52695
96,52698
372,52707
475,52715
229,52717
495,52770
211,52789
221,52797
122,52806
311,52806
339,52819
271,52834
272,52835
278,52840
425,52871
283,52874
329,52886
330,52887
331,52888
332,52889
346,52904
347,52905
348,52906
358,52919
359,52920
284,52959
161,52976
436,52978
437,52979
271,52989
272,52990
476,53002
477,53003
478,53004
479,53005
103,53008
499,53021
500,53022
506,53027
332,53036
442,53102
443,53103
444,53103
445,53103
446,53103
447,53103
332,53117
496,53119
290,53121
340,53183
133,53195
250,53195
284,53196
153,53366
105,53369
277,53500
436,53521
369,53581
370,53582
371,53583
106,53584
462,53605
492,53605
463,53606
464,53606
465,53607
331,53614
388,53621
389,53622
388,53696
501,53764
85,53790
86,53791
476,53802
477,53803
151,53833
388,53837
331,53842
476,53843
477,53844
438,53916
388,54029
389,54030
390,54031
372,54032
476,54047
284,54071
285,54072
328,54075
329,54076
499,54128
133,54147
250,54147
284,54148
449,54238
450,54239
284,54334
64,54343
167,54385
168,54386
169,54387
170,54388
449,54418
450,54419
370,54497
438,54559
221,54624
391,54632
283,54671
284,54672
185,54697
186,54698
327,54755
108,54776
331,54836
442,54855
443,54856
444,54856
445,54856
446,54856
447,54856
443,54857
444,54857
445,54857
446,54857
447,54857
159,54860
491,54860
93,54903
129,54916
135,54988
387,55003
284,55017
173,55059
174,55060
159,55063
491,55063
253,55107
226,55130
158,55131
449,55153
65,55231
221,55248
238,55271
323,55341
68,55416
284,55464
168,55524
84,55547
476,55565
477,55566
168,55629
169,55630
134,55687
139,55734
170,55747
158,55791
159,55792
491,55792
220,55889
221,55890
330,55898
169,56016
170,56017
436,56023
437,56024
105,56033
391,56034
153,56060
210,56075
114,56086
285,56104
476,56251
391,56259
392,56260
85,56300
392,56302
368,56363
369,56364
153,56421
63,56426
229,56434
230,56435
331,56471
476,56503
477,56504
482,56520
476,56523
108,56568
108,56583
493,56642
68,56654
155,56669
185,56746
463,56760
464,56760
465,56761
328,56814
391,56822
84,56858
435,56931
339,56960
167,57050
210,57062
85,57078
283,57125
391,57193
217,57201
156,57203
134,57208
449,57220
450,57221
96,57232
463,57296
464,57296
493,57297
170,57351
68,57426
210,57480
330,57544
436,57548
370,57592
104,57679
105,57680
133,57753
250,57753
85,57761
392,57763
424,57774
68,57820
346,57827
461,57883
129,58023
130,58024
482,58029
388,58049
389,58050
240,58090
137,58111
238,58137
482,58146
108,58159
109,58160
506,58200
482,58221
153,58231
510,58253
265,58269
338,58273
217,58292
499,58303
105,58375
372,58376
373,58377
374,58378
424,58411
478,58414
284,58469
284,58517
172,58586
173,58587
436,58595
436,58609
85,58611
225,58618
170,58627
330,58687
331,58688
462,58711
492,58711
436,58723
499,58775
104,58822
186,58829
475,58865
461,58945
462,58946
492,58946
463,58947
464,58947
465,58948
485,58992
298,59056
499,59067
172,59169
173,59170
372,59194
424,59252
108,59406
165,59433
166,59434
133,59568
250,59568
284,59569
170,59625
332,59658
475,59668
476,59669
350,59741
