180,16
181,17
345,132
115,160
76,162
317,211
417,254
75,255
446,266
341,290
188,368
189,368
420,368
421,368
422,368
423,368
424,368
425,368
426,368
427,368
428,368
429,368
430,368
431,368
432,368
433,368
434,368
435,368
436,368
437,368
438,368
439,368
440,368
441,368
442,368
443,368
444,368
445,368
188,369
189,369
420,369
421,369
422,369
423,369
424,369
425,369
426,369
427,369
428,369
429,369
430,369
431,369
432,369
433,369
434,369
435,369
436,369
437,369
438,369
439,369
440,369
441,369
442,369
443,369
444,369
445,369
188,370
189,370
420,370
421,370
422,370
423,370
424,370
425,370
426,370
427,370
428,370
429,370
430,370
431,370
432,370
433,370
434,370
435,370
436,370
437,370
438,370
439,370
440,370
441,370
442,370
443,370
444,370
445,370
121,371
190,371
239,371
451,431
452,432
229,433
261,459
129,513
336,519
399,529
182,531
183,532
52,737
340,737
53,738
419,797
188,798
189,798
420,798
421,798
422,798
423,798
424,798
425,798
426,798
427,798
428,798
429,798
430,798
431,798
432,798
433,798
434,798
435,798
436,798
437,798
438,798
439,798
440,798
441,798
442,798
443,798
444,798
445,798
446,799
150,813
129,814
188,937
189,937
420,937
421,937
422,937
423,937
424,937
425,937
426,937
427,937
428,937
429,937
430,937
431,937
432,937
433,937
434,937
435,937
436,937
437,937
438,937
439,937
440,937
441,937
442,937
443,937
444,937
445,937
188,938
189,938
420,938
421,938
422,938
423,938
424,938
425,938
426,938
427,938
428,938
429,938
430,938
431,938
432,938
433,938
434,938
435,938
436,938
437,938
438,938
439,938
440,938
441,938
442,938
443,938
444,938
445,938
130,962
181,1026
122,1029
191,1029
418,1044
188,1065
189,1065
420,1065
421,1065
422,1065
423,1065
424,1065
425,1065
426,1065
427,1065
428,1065
429,1065
430,1065
431,1065
432,1065
433,1065
434,1065
435,1065
436,1065
437,1065
438,1065
439,1065
440,1065
441,1065
442,1065
443,1065
444,1065
445,1065
121,1066
190,1066
239,1066
77,1068
452,1133
353,1236
182,1243
116,1285
206,1363
132,1384
133,1385
121,1391
190,1391
239,1391
336,1416
54,1436
181,1578
446,1581
336,1590
181,1614
182,1615
52,1630
340,1630
341,1631
255,1647
231,1675
417,1800
229,1813
181,1917
182,1918
129,2049
42,2053
336,2149
54,2151
336,2154
337,2155
338,2156
342,2156
339,2157
417,2158
418,2159
181,2197
188,2200
189,2200
420,2200
421,2200
422,2200
423,2200
424,2200
425,2200
426,2200
427,2200
428,2200
429,2200
430,2200
431,2200
432,2200
433,2200
434,2200
435,2200
436,2200
437,2200
438,2200
439,2200
440,2200
441,2200
442,2200
443,2200
444,2200
445,2200
121,2201
190,2201
239,2201
206,2211
417,2267
418,2268
419,2269
121,2270
190,2270
239,2270
122,2271
191,2271
188,2278
189,2278
420,2278
421,2278
422,2278
423,2278
424,2278
425,2278
426,2278
427,2278
428,2278
429,2278
430,2278
431,2278
432,2278
433,2278
434,2278
435,2278
436,2278
437,2278
438,2278
439,2278
440,2278
441,2278
442,2278
443,2278
444,2278
445,2278
188,2279
189,2279
420,2279
421,2279
422,2279
423,2279
424,2279
425,2279
426,2279
427,2279
428,2279
429,2279
430,2279
431,2279
432,2279
433,2279
434,2279
435,2279
436,2279
437,2279
438,2279
439,2279
440,2279
441,2279
442,2279
443,2279
444,2279
445,2279
121,2280
190,2280
239,2280
127,2302
128,2303
182,2350
206,2372
417,2415
75,2416
76,2417
77,2418
54,2463
229,2471
418,2473
188,2489
189,2489
420,2489
421,2489
422,2489
423,2489
424,2489
425,2489
426,2489
427,2489
428,2489
429,2489
430,2489
431,2489
432,2489
433,2489
434,2489
435,2489
436,2489
437,2489
438,2489
439,2489
440,2489
441,2489
442,2489
443,2489
444,2489
445,2489
188,2490
189,2490
420,2490
421,2490
422,2490
423,2490
424,2490
425,2490
426,2490
427,2490
428,2490
429,2490
430,2490
431,2490
432,2490
433,2490
434,2490
435,2490
436,2490
437,2490
438,2490
439,2490
440,2490
441,2490
442,2490
443,2490
444,2490
445,2490
188,2491
189,2491
420,2491
421,2491
422,2491
423,2491
424,2491
425,2491
426,2491
427,2491
428,2491
429,2491
430,2491
431,2491
432,2491
433,2491
434,2491
435,2491
436,2491
437,2491
438,2491
439,2491
440,2491
441,2491
442,2491
443,2491
444,2491
445,2491
188,2492
189,2492
420,2492
421,2492
422,2492
423,2492
424,2492
425,2492
426,2492
427,2492
428,2492
429,2492
430,2492
431,2492
432,2492
433,2492
434,2492
435,2492
436,2492
437,2492
438,2492
439,2492
440,2492
441,2492
442,2492
443,2492
444,2492
445,2492
188,2493
189,2493
420,2493
421,2493
422,2493
423,2493
424,2493
425,2493
426,2493
427,2493
428,2493
429,2493
430,2493
431,2493
432,2493
433,2493
434,2493
435,2493
436,2493
437,2493
438,2493
439,2493
440,2493
441,2493
442,2493
443,2493
444,2493
445,2493
163,2503
121,2510
190,2510
239,2510
419,2523
354,2529
53,2537
298,2604
128,2624
51,2651
417,2652
53,2709
34,2756
336,2790
419,2826
121,2827
190,2827
239,2827
336,2847
121,2861
190,2861
239,2861
181,2951
181,3041
341,3055
337,3070
341,3073
336,3084
130,3107
131,3108
350,3108
181,3200
298,3312
353,3395
354,3396
75,3413
386,3435
188,3465
189,3465
420,3465
421,3465
422,3465
423,3465
424,3465
425,3465
426,3465
427,3465
428,3465
429,3465
430,3465
431,3465
432,3465
433,3465
434,3465
435,3465
436,3465
437,3465
438,3465
439,3465
440,3465
441,3465
442,3465
443,3465
444,3465
445,3465
188,3466
189,3466
420,3466
421,3466
422,3466
423,3466
424,3466
425,3466
426,3466
427,3466
428,3466
429,3466
430,3466
431,3466
432,3466
433,3466
434,3466
435,3466
436,3466
437,3466
438,3466
439,3466
440,3466
441,3466
442,3466
443,3466
444,3466
445,3466
188,3467
189,3467
420,3467
421,3467
422,3467
423,3467
424,3467
425,3467
426,3467
427,3467
428,3467
429,3467
430,3467
431,3467
432,3467
433,3467
434,3467
435,3467
436,3467
437,3467
438,3467
439,3467
440,3467
441,3467
442,3467
443,3467
444,3467
445,3467
121,3468
190,3468
239,3468
386,3540
254,3602
353,3611
128,3663
55,3731
419,3888
417,3952
336,3969
337,3970
52,4013
340,4013
45,4101
46,4101
47,4101
48,4101
49,4101
50,4101
51,4102
417,4103
75,4104
419,4138
188,4139
189,4139
420,4139
421,4139
422,4139
423,4139
424,4139
425,4139
426,4139
427,4139
428,4139
429,4139
430,4139
431,4139
432,4139
433,4139
434,4139
435,4139
436,4139
437,4139
438,4139
439,4139
440,4139
441,4139
442,4139
443,4139
444,4139
445,4139
121,4140
190,4140
239,4140
341,4213
338,4214
342,4214
339,4215
417,4216
335,4249
419,4281
446,4282
386,4344
34,4358
181,4365
182,4366
181,4378
418,4389
419,4390
121,4391
190,4391
239,4391
182,4407
123,4422
419,4498
188,4499
189,4499
420,4499
421,4499
422,4499
423,4499
424,4499
425,4499
426,4499
427,4499
428,4499
429,4499
430,4499
431,4499
432,4499
433,4499
434,4499
435,4499
436,4499
437,4499
438,4499
439,4499
440,4499
441,4499
442,4499
443,4499
444,4499
445,4499
130,4514
131,4515
350,4515
298,4537
183,4589
181,4637
182,4638
319,4775
418,4849
419,4850
76,4861
61,4917
419,4951
121,4952
190,4952
239,4952
231,4957
124,4991
125,4992
132,5092
385,5126
386,5127
418,5448
375,5480
180,5482
129,5565
128,5586
129,5587
130,5588
351,5594
51,5602
417,5603
75,5604
121,5662
190,5662
239,5662
240,5663
77,5680
130,5702
51,5869
123,5910
55,5939
51,5965
131,5970
350,5970
132,5971
417,6119
77,6158
51,6202
417,6203
418,6204
353,6294
354,6295
182,6302
181,6318
188,6364
189,6364
420,6364
421,6364
422,6364
423,6364
424,6364
425,6364
426,6364
427,6364
428,6364
429,6364
430,6364
431,6364
432,6364
433,6364
434,6364
435,6364
436,6364
437,6364
438,6364
439,6364
440,6364
441,6364
442,6364
443,6364
444,6364
445,6364
121,6365
190,6365
239,6365
418,6409
51,6436
52,6437
340,6437
53,6461
386,6545
42,6547
128,6555
131,6564
350,6564
132,6565
385,6590
386,6591
77,6607
386,6651
305,6809
34,6813
35,6814
122,6828
191,6828
77,6875
446,6896
240,6917
311,6944
386,7019
311,7021
351,7027
375,7028
180,7030
336,7073
386,7083
311,7085
32,7173
132,7342
128,7352
129,7353
386,7361
261,7384
129,7450
130,7472
131,7473
350,7473
132,7474
275,7475
77,7492
253,7504
76,7526
386,7542
129,7564
386,7575
121,7581
190,7581
239,7581
127,7796
128,7797
53,7804
389,7874
127,7951
128,7952
129,7953
78,7991
77,8129
311,8144
76,8219
77,8220
129,8269
345,8273
130,8342
131,8343
350,8343
389,8357
353,8422
386,8514
129,8520
386,8559
285,8610
386,8627
386,8799
307,8806
127,8810
417,8840
418,8841
419,8842
121,8843
190,8843
239,8843
77,8878
386,8892
76,9014
128,9093
129,9121
123,9287
205,9334
206,9335
132,9363
133,9364
386,9501
386,9612
61,9662
351,9684
230,9746
386,9762
336,9786
337,9787
386,9868
353,9954
130,10099
131,10100
350,10100
114,10140
54,10143
361,10410
312,10483
35,10757
130,10766
181,10835
206,10920
34,10992
181,11047
75,11085
60,11118
386,11211
181,11236
130,11326
419,11379
188,11380
189,11380
420,11380
421,11380
422,11380
423,11380
424,11380
425,11380
426,11380
427,11380
428,11380
429,11380
430,11380
431,11380
432,11380
433,11380
434,11380
435,11380
436,11380
437,11380
438,11380
439,11380
440,11380
441,11380
442,11380
443,11380
444,11380
445,11380
121,11381
190,11381
239,11381
77,11383
128,11393
77,11399
222,11421
130,11429
181,11441
149,11524
181,11526
129,11541
177,11558
181,11721
181,11795
317,11826
311,11931
451,11987
337,12055
418,12058
127,12149
128,12150
129,12151
130,12152
386,12168
336,12200
337,12201
418,12204
76,12214
315,12217
181,12263
182,12264
448,12266
76,12270
419,12324
446,12325
231,12419
386,12470
188,12550
189,12550
420,12550
421,12550
422,12550
423,12550
424,12550
425,12550
426,12550
427,12550
428,12550
429,12550
430,12550
431,12550
432,12550
433,12550
434,12550
435,12550
436,12550
437,12550
438,12550
439,12550
440,12550
441,12550
442,12550
443,12550
444,12550
445,12550
122,12600
191,12600
123,12601
132,12613
351,12622
375,12623
150,12641
129,12642
77,12715
307,12786
417,12788
418,12789
419,12790
188,12791
189,12791
420,12791
421,12791
422,12791
423,12791
424,12791
425,12791
426,12791
427,12791
428,12791
429,12791
430,12791
431,12791
432,12791
433,12791
434,12791
435,12791
436,12791
437,12791
438,12791
439,12791
440,12791
441,12791
442,12791
443,12791
444,12791
445,12791
181,12833
182,12834
126,12967
306,12971
130,12982
131,12983
350,12983
114,13006
133,13049
316,13181
114,13223
353,13239
74,13298
75,13299
254,13307
386,13332
129,13396
77,13522
353,13595
45,13609
46,13609
47,13609
48,13609
49,13609
50,13609
51,13610
351,13626
351,13691
375,13692
351,13698
375,13699
305,13795
306,13796
76,13845
230,13914
231,13915
52,13936
340,13936
181,13942
131,14002
350,14002
132,14008
275,14009
386,14158
125,14170
240,14197
241,14198
182,14264
339,14267
417,14268
418,14269
311,14300
386,14375
418,14730
314,14824
389,14899
126,14925
386,14954
253,15033
311,15037
131,15125
350,15125
123,15158
130,15195
52,15265
340,15265
386,15404
314,15439
386,15548
351,15600
375,15601
77,15623
319,15750
129,15815
180,15930
181,15931
128,15997
77,16072
45,16103
46,16103
47,16103
48,16103
49,16103
50,16103
392,16104
353,16150
386,16160
181,16238
76,16276
77,16277
128,16305
123,16352
77,16399
78,16400
419,16429
130,16434
150,16445
386,16487
386,16550
272,16636
128,16676
129,16677
130,16678
131,16679
350,16679
419,16819
188,16820
189,16820
420,16820
421,16820
422,16820
423,16820
424,16820
425,16820
426,16820
427,16820
428,16820
429,16820
430,16820
431,16820
432,16820
433,16820
434,16820
435,16820
436,16820
437,16820
438,16820
439,16820
440,16820
441,16820
442,16820
443,16820
444,16820
445,16820
61,16829
451,16834
452,16835
229,16836
34,16868
35,16869
128,16986
299,16999
230,17043
181,17073
127,17155
76,17273
131,17292
350,17292
354,17345
42,17364
353,17389
183,17474
133,17500
127,17514
128,17515
53,17521
336,17533
353,17561
418,17723
34,17724
181,17748
45,17754
46,17754
47,17754
48,17754
49,17754
50,17754
392,17755
132,17778
129,17898
386,17915
311,17958
61,17973
375,17990
181,18002
315,18021
353,18065
76,18074
129,18148
337,18264
336,18296
77,18304
300,18308
418,18310
419,18311
418,18329
375,18346
384,18383
318,18424
181,18437
351,18469
128,18490
129,18491
231,18500
131,18517
350,18517
354,18584
128,18588
353,18656
353,18815
114,18883
115,18884
123,18948
148,18957
51,18965
307,19110
122,19129
191,19129
311,19198
132,19218
133,19219
298,19319
299,19320
351,19347
375,19468
386,19499
52,19624
340,19624
314,19628
386,19637
34,19678
386,19769
336,19781
181,19840
229,19883
230,19884
231,19885
32,20019
33,20020
240,20108
241,20109
188,20123
189,20123
420,20123
421,20123
422,20123
423,20123
424,20123
425,20123
426,20123
427,20123
428,20123
429,20123
430,20123
431,20123
432,20123
433,20123
434,20123
435,20123
436,20123
437,20123
438,20123
439,20123
440,20123
441,20123
442,20123
443,20123
444,20123
445,20123
446,20124
353,20170
34,20210
206,20212
121,20245
190,20245
239,20245
122,20260
191,20260
353,20497
181,20525
182,20526
76,20619
51,20722
417,20723
75,20724
76,20725
130,20743
131,20744
350,20744
77,20782
78,20783
115,20926
55,21052
51,21078
52,21079
340,21079
419,21093
181,21143
181,21180
386,21239
129,21318
188,21348
189,21348
420,21348
421,21348
422,21348
423,21348
424,21348
425,21348
426,21348
427,21348
428,21348
429,21348
430,21348
431,21348
432,21348
433,21348
434,21348
435,21348
436,21348
437,21348
438,21348
439,21348
440,21348
441,21348
442,21348
443,21348
444,21348
445,21348
446,21349
133,21363
151,21407
129,21431
341,21503
132,21646
386,21816
419,21846
121,21847
190,21847
239,21847
54,21897
55,21898
386,21918
386,21930
353,21938
116,21952
76,22021
351,22051
336,22062
128,22085
337,22096
419,22128
134,22170
351,22189
375,22190
335,22192
76,22457
181,22466
452,22485
231,22489
265,22519
181,22539
339,22625
417,22626
418,22627
132,22666
133,22667
77,22702
386,22737
311,22739
129,22758
130,22759
181,22793
182,22794
60,22812
127,22862
181,22864
134,22869
419,22929
121,22930
190,22930
239,22930
419,22955
121,22956
190,22956
239,22956
128,22995
129,22996
336,23007
161,23047
386,23058
336,23103
312,23170
60,23265
121,23414
190,23414
239,23414
386,23478
386,23507
253,23521
132,23593
315,23617
417,23663
34,23732
78,23744
206,23920
298,23934
419,24000
121,24001
190,24001
239,24001
131,24069
350,24069
114,24221
386,24276
385,24338
386,24339
266,24381
181,24393
182,24394
76,24406
77,24407
418,24692
129,24705
131,24732
350,24732
127,24755
128,24756
129,24757
307,24875
417,24877
418,24878
129,24886
130,24887
129,24942
419,25005
188,25006
189,25006
420,25006
421,25006
422,25006
423,25006
424,25006
425,25006
426,25006
427,25006
428,25006
429,25006
430,25006
431,25006
432,25006
433,25006
434,25006
435,25006
436,25006
437,25006
438,25006
439,25006
440,25006
441,25006
442,25006
443,25006
444,25006
445,25006
188,25007
189,25007
420,25007
421,25007
422,25007
423,25007
424,25007
425,25007
426,25007
427,25007
428,25007
429,25007
430,25007
431,25007
432,25007
433,25007
434,25007
435,25007
436,25007
437,25007
438,25007
439,25007
440,25007
441,25007
442,25007
443,25007
444,25007
445,25007
229,25100
418,25102
181,25167
182,25168
130,25175
131,25198
350,25198
54,25226
418,25356
419,25357
116,25466
182,25558
229,25587
230,25588
231,25589
286,25680
55,25695
59,25697
42,25758
121,25782
190,25782
239,25782
253,26115
375,26175
129,26240
176,26339
382,26339
255,26375
128,26392
306,26475
311,26478
181,26500
182,26501
336,26548
254,26616
129,26688
286,26720
123,26739
54,26771
354,26774
182,26782
312,26844
307,26920
417,26922
75,26923
76,26924
418,27017
284,27096
285,27097
255,27166
121,27235
190,27235
239,27235
77,27237
206,27313
75,27394
77,27455
35,27465
127,27559
419,27662
45,27742
46,27742
47,27742
48,27742
49,27742
50,27742
51,27743
52,27744
340,27744
336,27847
306,28042
307,28043
417,28045
351,28154
181,28242
272,28297
183,28370
42,28409
270,28444
271,28445
73,28450
74,28451
299,28496
181,28508
75,28575
76,28589
188,28677
189,28677
420,28677
421,28677
422,28677
423,28677
424,28677
425,28677
426,28677
427,28677
428,28677
429,28677
430,28677
431,28677
432,28677
433,28677
434,28677
435,28677
436,28677
437,28677
438,28677
439,28677
440,28677
441,28677
442,28677
443,28677
444,28677
445,28677
446,28678
73,28757
418,28792
34,28854
336,28865
419,28878
446,28879
447,28880
316,28905
285,28931
286,28932
286,28935
123,28947
418,29119
419,29120
205,29178
177,29191
379,29193
77,29218
78,29219
121,29237
190,29237
239,29237
240,29238
123,29283
298,29361
230,29377
229,29386
341,29388
183,29402
266,29435
116,29463
351,29486
54,29523
182,29611
349,29670
419,29698
34,29741
76,29752
33,29773
419,29774
188,29775
189,29775
420,29775
421,29775
422,29775
423,29775
424,29775
425,29775
426,29775
427,29775
428,29775
429,29775
430,29775
431,29775
432,29775
433,29775
434,29775
435,29775
436,29775
437,29775
438,29775
439,29775
440,29775
441,29775
442,29775
443,29775
444,29775
445,29775
446,29776
55,29796
385,29799
386,29800
123,29811
386,29844
419,29858
446,29859
123,29983
312,30078
386,30103
60,30127
418,30177
34,30178
399,30215
182,30217
257,30241
222,30267
181,30317
188,30320
189,30320
420,30320
421,30320
422,30320
423,30320
424,30320
425,30320
426,30320
427,30320
428,30320
429,30320
430,30320
431,30320
432,30320
433,30320
434,30320
435,30320
436,30320
437,30320
438,30320
439,30320
440,30320
441,30320
442,30320
443,30320
444,30320
445,30320
188,30321
189,30321
420,30321
421,30321
422,30321
423,30321
424,30321
425,30321
426,30321
427,30321
428,30321
429,30321
430,30321
431,30321
432,30321
433,30321
434,30321
435,30321
436,30321
437,30321
438,30321
439,30321
440,30321
441,30321
442,30321
443,30321
444,30321
445,30321
399,30340
240,30351
241,30352
181,30425
121,30441
190,30441
239,30441
181,30491
335,30548
336,30549
336,30584
130,30636
123,30655
32,30765
116,30780
188,30911
189,30911
420,30911
421,30911
422,30911
423,30911
424,30911
425,30911
426,30911
427,30911
428,30911
429,30911
430,30911
431,30911
432,30911
433,30911
434,30911
435,30911
436,30911
437,30911
438,30911
439,30911
440,30911
441,30911
442,30911
443,30911
444,30911
445,30911
188,30912
189,30912
420,30912
421,30912
422,30912
423,30912
424,30912
425,30912
426,30912
427,30912
428,30912
429,30912
430,30912
431,30912
432,30912
433,30912
434,30912
435,30912
436,30912
437,30912
438,30912
439,30912
440,30912
441,30912
442,30912
443,30912
444,30912
445,30912
116,30940
336,30948
419,30982
446,30983
316,31029
300,31042
418,31044
419,31045
419,31165
188,31166
189,31166
420,31166
421,31166
422,31166
423,31166
424,31166
425,31166
426,31166
427,31166
428,31166
429,31166
430,31166
431,31166
432,31166
433,31166
434,31166
435,31166
436,31166
437,31166
438,31166
439,31166
440,31166
441,31166
442,31166
443,31166
444,31166
445,31166
121,31167
190,31167
239,31167
261,31181
113,31244
114,31245
115,31246
418,31329
419,31330
188,31331
189,31331
420,31331
421,31331
422,31331
423,31331
424,31331
425,31331
426,31331
427,31331
428,31331
429,31331
430,31331
431,31331
432,31331
433,31331
434,31331
435,31331
436,31331
437,31331
438,31331
439,31331
440,31331
441,31331
442,31331
443,31331
444,31331
445,31331
76,31340
76,31359
182,31403
253,31482
34,31491
181,31545
76,31588
351,31626
375,31627
74,31654
75,31655
446,31665
132,31731
133,31732
76,31967
51,32000
52,32001
340,32001
53,32002
76,32063
188,32116
189,32116
420,32116
421,32116
422,32116
423,32116
424,32116
425,32116
426,32116
427,32116
428,32116
429,32116
430,32116
431,32116
432,32116
433,32116
434,32116
435,32116
436,32116
437,32116
438,32116
439,32116
440,32116
441,32116
442,32116
443,32116
444,32116
445,32116
121,32117
190,32117
239,32117
336,32129
182,32162
300,32450
447,32529
353,32605
255,32632
351,32664
375,32665
129,32743
45,32752
46,32752
47,32752
48,32752
49,32752
50,32752
392,32753
77,32799
78,32800
265,32824
76,32836
77,32837
112,32951
339,32983
417,32984
349,33039
131,33040
350,33040
132,33041
133,33042
375,33059
123,33126
124,33127
447,33233
34,33359
116,33365
418,33379
229,33393
255,33423
229,33502
418,33504
34,33505
125,33516
181,33541
116,33672
318,33804
298,33850
150,33929
51,33972
52,33973
340,33973
265,34019
341,34094
338,34095
342,34095
51,34097
417,34098
418,34099
419,34100
446,34101
54,34110
266,34160
76,34176
188,34191
189,34191
420,34191
421,34191
422,34191
423,34191
424,34191
425,34191
426,34191
427,34191
428,34191
429,34191
430,34191
431,34191
432,34191
433,34191
434,34191
435,34191
436,34191
437,34191
438,34191
439,34191
440,34191
441,34191
442,34191
443,34191
444,34191
445,34191
121,34192
190,34192
239,34192
34,34255
51,34284
417,34285
418,34286
419,34287
121,34288
190,34288
239,34288
419,34337
129,34420
336,34445
399,34482
181,34639
78,34736
132,34807
133,34808
231,34821
132,34845
353,34885
181,34950
418,34971
76,34976
241,35044
188,35083
189,35083
420,35083
421,35083
422,35083
423,35083
424,35083
425,35083
426,35083
427,35083
428,35083
429,35083
430,35083
431,35083
432,35083
433,35083
434,35083
435,35083
436,35083
437,35083
438,35083
439,35083
440,35083
441,35083
442,35083
443,35083
444,35083
445,35083
446,35084
241,35215
231,35299
181,35319
161,35402
51,35425
417,35426
75,35427
76,35428
116,35438
129,35557
265,35584
121,35591
190,35591
239,35591
121,35618
190,35618
239,35618
77,35759
78,35760
417,35774
75,35775
100,35833
181,35905
77,36038
316,36104
316,36161
300,36196
418,36198
419,36199
188,36200
189,36200
420,36200
421,36200
422,36200
423,36200
424,36200
425,36200
426,36200
427,36200
428,36200
429,36200
430,36200
431,36200
432,36200
433,36200
434,36200
435,36200
436,36200
437,36200
438,36200
439,36200
440,36200
441,36200
442,36200
443,36200
444,36200
445,36200
188,36201
189,36201
420,36201
421,36201
422,36201
423,36201
424,36201
425,36201
426,36201
427,36201
428,36201
429,36201
430,36201
431,36201
432,36201
433,36201
434,36201
435,36201
436,36201
437,36201
438,36201
439,36201
440,36201
441,36201
442,36201
443,36201
444,36201
445,36201
121,36202
190,36202
239,36202
122,36203
191,36203
123,36204
79,36252
261,36283
56,36284
262,36284
378,36285
100,36311
32,36426
33,36427
130,36473
131,36474
350,36474
311,36481
77,36497
311,36535
181,36553
182,36554
53,36558
181,36617
265,36638
123,36645
51,36700
417,36701
181,36748
76,36773
181,36834
182,36835
230,36851
298,36903
351,36967
375,36968
398,37067
399,37068
351,37081
375,37082
335,37084
60,37163
311,37246
419,37253
32,37293
419,37355
386,37410
51,37416
417,37417
75,37418
336,37429
76,37433
346,37498
222,37521
181,37525
182,37526
386,37541
100,37579
188,37591
189,37591
420,37591
421,37591
422,37591
423,37591
424,37591
425,37591
426,37591
427,37591
428,37591
429,37591
430,37591
431,37591
432,37591
433,37591
434,37591
435,37591
436,37591
437,37591
438,37591
439,37591
440,37591
441,37591
442,37591
443,37591
444,37591
445,37591
123,37608
181,37682
45,37716
46,37716
47,37716
48,37716
49,37716
50,37716
51,37717
417,37718
386,37856
353,37876
180,38026
181,38027
448,38063
45,38067
46,38067
47,38067
48,38067
49,38067
50,38067
51,38068
417,38069
75,38070
418,38148
122,38150
191,38150
123,38151
188,38165
189,38165
420,38165
421,38165
422,38165
423,38165
424,38165
425,38165
426,38165
427,38165
428,38165
429,38165
430,38165
431,38165
432,38165
433,38165
434,38165
435,38165
436,38165
437,38165
438,38165
439,38165
440,38165
441,38165
442,38165
443,38165
444,38165
445,38165
121,38166
190,38166
239,38166
123,38190
316,38217
418,38325
151,38380
351,38384
188,38392
189,38392
420,38392
421,38392
422,38392
423,38392
424,38392
425,38392
426,38392
427,38392
428,38392
429,38392
430,38392
431,38392
432,38392
433,38392
434,38392
435,38392
436,38392
437,38392
438,38392
439,38392
440,38392
441,38392
442,38392
443,38392
444,38392
445,38392
188,38393
189,38393
420,38393
421,38393
422,38393
423,38393
424,38393
425,38393
426,38393
427,38393
428,38393
429,38393
430,38393
431,38393
432,38393
433,38393
434,38393
435,38393
436,38393
437,38393
438,38393
439,38393
440,38393
441,38393
442,38393
443,38393
444,38393
445,38393
188,38394
189,38394
420,38394
421,38394
422,38394
423,38394
424,38394
425,38394
426,38394
427,38394
428,38394
429,38394
430,38394
431,38394
432,38394
433,38394
434,38394
435,38394
436,38394
437,38394
438,38394
439,38394
440,38394
441,38394
442,38394
443,38394
444,38394
445,38394
206,38397
123,38435
76,38511
451,38696
253,38787
254,38788
386,38968
386,38974
311,38976
311,38986
353,39024
336,39062
129,39146
130,39147
130,39211
32,39238
132,39389
133,39390
351,39503
375,39504
132,39536
133,39537
134,39538
128,39580
61,39735
306,39780
76,39827
299,39884
180,39925
181,39926
311,39947
123,39961
386,39993
132,40058
353,40097
389,40100
353,40129
112,40167
128,40191
181,40205
240,40281
77,40306
78,40307
123,40450
181,40542
122,40578
191,40578
133,40606
116,40633
132,40667
34,40738
311,40769
336,40826
318,40984
55,41020
78,41097
314,41119
315,41120
77,41184
418,41291
419,41292
121,41293
190,41293
239,41293
240,41294
336,41337
54,41433
124,41564
132,41574
275,41575
335,41663
206,41667
335,41669
240,41744
241,41745
127,41763
128,41764
127,41801
128,41802
205,41807
353,41841
76,41926
54,41952
182,42029
399,42053
34,42070
351,42103
336,42158
354,42168
129,42174
411,42200
399,42230
253,42259
76,42350
386,42511
206,42531
132,42568
386,42601
182,42664
34,42668
74,42676
306,42777
307,42778
52,42780
340,42780
77,42794
181,42805
132,42820
133,42821
134,42822
77,42882
75,43073
131,43078
350,43078
132,43079
394,43095
336,43152
241,43228
386,43329
42,43354
241,43385
351,43445
375,43446
385,43615
386,43616
128,43698
317,43839
55,43844
56,43845
262,43845
378,43846
34,44089
418,44103
205,44196
299,44373
336,44381
132,44467
133,44468
134,44469
298,44686
299,44687
386,44718
417,44781
317,44904
341,45040
418,45043
132,45053
133,45054
132,45251
150,45275
181,45334
182,45335
73,45409
74,45410
181,45475
385,45493
386,45494
240,45540
386,45628
386,45742
311,45744
298,45754
307,45806
386,45937
311,45939
312,45940
418,46060
341,46131
75,46134
76,46135
77,46136
181,46193
34,46219
206,46221
77,46253
54,46261
317,46397
283,46455
315,46539
63,46676
51,46732
417,46733
75,46734
76,46735
386,46844
61,46874
353,47015
353,47020
353,47038
399,47131
163,47249
73,47362
74,47363
353,47444
116,47571
317,47577
111,47578
112,47579
418,47687
127,47711
128,47712
353,47728
307,47747
129,47757
417,47792
75,47793
76,47794
418,47842
77,47845
336,47869
54,47871
55,47872
351,47878
375,47879
180,47881
181,47882
298,47994
351,48007
385,48010
386,48011
336,48023
181,48044
121,48051
190,48051
239,48051
76,48158
51,48231
52,48232
340,48232
316,48241
129,48291
76,48305
32,48312
33,48313
55,48334
164,48336
283,48337
54,48349
76,48388
77,48389
417,48608
419,48632
121,48633
190,48633
239,48633
128,48643
42,48682
75,48699
76,48766
76,48784
182,48833
76,48837
353,48852
131,48908
350,48908
132,48937
386,48945
133,48973
51,48989
417,48990
418,48991
130,49011
300,49088
418,49090
124,49141
230,49196
132,49249
133,49250
130,49257
131,49258
350,49258
229,49274
230,49275
130,49316
129,49394
451,49412
77,49509
345,49516
312,49604
313,49605
121,49725
190,49725
239,49725
121,49938
190,49938
239,49938
181,49965
229,49989
418,50025
72,50122
51,50125
417,50126
229,50174
77,50293
298,50388
299,50389
123,50434
205,50462
206,50463
52,50485
340,50485
299,50554
419,50645
121,50646
190,50646
239,50646
122,50647
191,50647
123,50648
182,50688
183,50689
131,50745
350,50745
312,51030
417,51132
75,51133
353,51167
52,51178
340,51178
124,51218
74,51320
75,51321
317,51462
318,51463
34,51483
351,51568
336,51625
353,51655
335,51709
253,51747
386,51810
130,51855
316,51930
61,51938
353,51946
77,51990
130,52112
131,52113
350,52113
132,52184
133,52185
231,52238
76,52383
134,52391
123,52428
351,52492
54,52528
206,52913
132,52968
45,53103
46,53103
47,53103
48,53103
49,53103
50,53103
51,53104
417,53105
266,53169
132,53200
275,53201
316,53263
311,53314
130,53368
131,53369
350,53369
181,53406
116,53467
351,53584
375,53585
419,53605
188,53606
189,53606
420,53606
421,53606
422,53606
423,53606
424,53606
425,53606
426,53606
427,53606
428,53606
429,53606
430,53606
431,53606
432,53606
433,53606
434,53606
435,53606
436,53606
437,53606
438,53606
439,53606
440,53606
441,53606
442,53606
443,53606
444,53606
445,53606
77,53734
182,53817
375,53888
129,53907
317,53999
318,54000
32,54015
417,54215
75,54216
76,54217
353,54267
181,54328
181,54487
386,54536
124,54553
386,54588
71,54608
72,54609
52,54612
340,54612
53,54613
77,54661
353,54762
386,54806
353,54811
45,54856
46,54856
47,54856
48,54856
49,54856
50,54856
45,54857
46,54857
47,54857
48,54857
49,54857
50,54857
51,54858
417,54859
418,54860
77,54863
353,54874
77,54908
34,54957
353,54981
266,55014
341,55060
418,55063
76,55070
337,55102
129,55197
181,55215
386,55310
181,55338
182,55339
55,55545
335,55547
298,55617
299,55618
113,55641
417,55705
75,55706
77,55711
311,55717
311,55762
418,55792
181,55809
129,55818
127,55972
181,55974
131,56033
350,56033
42,56093
76,56154
77,56155
313,56157
353,56212
149,56263
150,56264
311,56404
386,56417
353,56428
345,56445
336,56512
336,56530
336,56629
399,56638
121,56642
190,56642
239,56642
188,56760
189,56760
420,56760
421,56760
422,56760
423,56760
424,56760
425,56760
426,56760
427,56760
428,56760
429,56760
430,56760
431,56760
432,56760
433,56760
434,56760
435,56760
436,56760
437,56760
438,56760
439,56760
440,56760
441,56760
442,56760
443,56760
444,56760
445,56760
51,56767
417,56768
317,56829
335,56858
132,56872
133,56873
182,56964
129,57029
76,57066
76,57094
318,57184
386,57240
188,57296
189,57296
420,57296
421,57296
422,57296
423,57296
424,57296
425,57296
426,57296
427,57296
428,57296
429,57296
430,57296
431,57296
432,57296
433,57296
434,57296
435,57296
436,57296
437,57296
438,57296
439,57296
440,57296
441,57296
442,57296
443,57296
444,57296
445,57296
121,57297
190,57297
239,57297
76,57318
298,57450
299,57451
42,57454
206,57485
77,57506
78,57507
206,57587
264,57600
265,57601
131,57680
350,57680
317,57700
34,57884
446,57892
75,57896
336,57976
354,58086
311,58150
53,58322
316,58325
129,58373
130,58374
131,58375
350,58375
55,58616
317,58674
336,58684
419,58711
446,58712
386,58934
419,58946
188,58947
189,58947
420,58947
421,58947
422,58947
423,58947
424,58947
425,58947
426,58947
427,58947
428,58947
429,58947
430,58947
431,58947
432,58947
433,58947
434,58947
435,58947
436,58947
437,58947
438,58947
439,58947
440,58947
441,58947
442,58947
443,58947
444,58947
445,58947
182,58959
76,58989
181,59118
298,59142
299,59143
283,59205
77,59228
111,59382
181,59513
182,59562
182,59619
316,59709
317,59710
231,59753
230,59760
