463,0
210,49
211,50
323,135
394,205
343,241
116,251
117,252
120,254
123,266
370,266
132,289
318,289
319,290
157,366
368,368
369,368
368,369
369,369
368,370
369,370
157,381
463,400
464,401
237,412
168,489
265,504
139,539
444,646
345,649
472,656
151,737
122,797
367,797
368,798
369,798
123,799
370,799
322,827
170,856
463,865
332,868
368,937
369,937
368,938
369,938
157,970
465,1001
156,1008
212,1027
213,1028
214,1029
315,1035
316,1036
121,1044
368,1065
369,1065
172,1094
281,1094
157,1224
213,1225
332,1257
333,1258
443,1311
133,1315
134,1316
282,1386
265,1407
255,1408
212,1480
212,1579
123,1581
370,1581
134,1592
151,1630
319,1631
475,1646
157,1725
210,1732
356,1744
282,1756
120,1800
366,1839
157,1875
236,1889
137,1951
422,1975
436,1975
269,1991
195,2000
196,2001
74,2079
148,2155
149,2156
150,2157
120,2158
121,2159
465,2169
136,2170
212,2198
368,2200
369,2200
210,2231
211,2232
212,2233
213,2234
315,2236
315,2251
120,2267
121,2268
122,2269
367,2269
214,2271
368,2278
369,2278
368,2279
369,2279
169,2369
170,2370
120,2415
439,2427
135,2433
121,2473
315,2476
368,2489
369,2489
368,2490
369,2490
368,2491
369,2491
368,2492
369,2492
368,2493
369,2493
456,2495
122,2523
367,2523
457,2622
119,2651
120,2652
469,2823
122,2826
367,2826
236,2882
237,2883
157,2960
315,3006
319,3055
133,3058
134,3059
237,3067
148,3070
319,3073
133,3076
134,3077
156,3102
84,3121
212,3141
133,3178
134,3179
133,3190
134,3191
332,3235
452,3238
453,3239
227,3359
146,3388
147,3389
325,3435
277,3445
368,3465
369,3465
368,3466
369,3466
368,3467
369,3467
394,3471
212,3477
84,3526
325,3540
139,3638
322,3648
213,3657
337,3688
210,3757
211,3758
212,3834
124,3836
346,3836
467,3837
118,3848
443,3882
444,3883
134,3886
122,3888
367,3888
140,3934
120,3952
148,3970
151,4013
152,4014
118,4100
119,4102
120,4103
255,4119
256,4120
122,4138
367,4138
368,4139
369,4139
472,4181
157,4192
213,4193
117,4203
118,4204
132,4212
318,4212
319,4213
149,4214
150,4215
120,4216
265,4230
122,4281
367,4281
123,4282
370,4282
332,4290
333,4291
365,4310
325,4344
469,4347
212,4379
121,4389
122,4390
367,4390
435,4419
157,4440
122,4498
367,4498
368,4499
369,4499
314,4510
360,4570
444,4795
104,4822
435,4829
121,4849
122,4850
367,4850
483,4869
132,4947
318,4947
133,4948
134,4949
122,4951
367,4951
255,4980
256,4981
277,5022
313,5067
325,5127
278,5129
345,5150
170,5158
157,5228
124,5230
346,5230
333,5269
366,5368
332,5421
333,5422
256,5425
121,5448
227,5520
118,5601
119,5602
120,5603
169,5611
168,5697
153,5705
266,5761
443,5784
287,5824
483,5849
118,5868
119,5869
366,5932
118,5964
119,5965
312,6074
313,6075
323,6094
444,6103
465,6105
250,6112
120,6119
472,6163
314,6172
118,6201
119,6202
120,6203
121,6204
345,6205
451,6251
157,6345
213,6346
212,6362
368,6364
369,6364
134,6386
121,6409
255,6414
256,6415
119,6436
151,6437
169,6468
325,6545
255,6571
465,6585
325,6591
315,6597
325,6651
250,6675
214,6828
465,6860
466,6861
213,6873
123,6896
370,6896
325,7019
135,7062
136,7063
137,7064
325,7083
254,7137
212,7236
213,7237
146,7302
254,7338
353,7356
325,7361
236,7460
210,7462
315,7522
169,7524
477,7529
325,7542
325,7575
465,7587
104,7602
157,7610
213,7611
315,7613
254,7656
348,7698
134,7750
194,7817
465,7843
443,7857
444,7858
445,7859
134,7910
313,7944
314,7945
315,7946
316,7947
254,7988
212,8109
169,8192
443,8205
444,8206
315,8229
66,8347
170,8366
198,8387
463,8407
464,8408
255,8452
465,8465
466,8466
325,8514
463,8529
464,8530
325,8559
254,8579
360,8590
325,8627
157,8674
325,8799
120,8840
121,8841
122,8842
367,8842
257,8846
325,8892
306,9012
477,9017
462,9027
463,9028
464,9029
474,9070
475,9071
197,9119
337,9200
306,9204
210,9227
278,9284
210,9322
211,9323
236,9416
237,9417
134,9465
135,9466
313,9483
325,9501
326,9502
195,9556
325,9612
278,9614
442,9742
443,9743
255,9756
325,9762
148,9787
466,9824
467,9825
325,9868
256,9914
345,9943
277,9976
212,10049
213,10050
468,10066
195,10223
315,10301
440,10335
198,10393
474,10430
475,10431
156,10439
157,10440
352,10483
351,10517
422,10545
436,10545
134,10583
333,10610
483,10649
211,10698
237,10746
156,10754
157,10755
331,10768
134,10913
265,10945
255,10946
366,10991
212,11048
474,11057
255,11060
277,11136
278,11137
325,11211
265,11216
266,11217
265,11327
122,11379
367,11379
368,11380
369,11380
353,11385
265,11430
211,11461
212,11527
459,11559
323,11575
84,11695
156,11729
467,11758
472,11804
237,11815
473,11825
314,11837
169,11849
255,11871
212,11899
213,11900
422,11904
436,11904
423,11905
437,11905
315,11919
210,11922
211,11923
474,11930
443,11964
444,11965
212,12026
148,12055
121,12058
155,12071
156,12072
465,12145
324,12167
325,12168
337,12176
148,12201
121,12204
275,12217
264,12303
122,12324
367,12324
123,12325
370,12325
255,12340
146,12348
265,12353
278,12386
325,12470
236,12544
368,12550
369,12550
155,12558
210,12565
211,12566
146,12571
254,12594
255,12595
256,12596
157,12598
213,12599
214,12600
347,12657
348,12658
323,12691
266,12694
104,12736
198,12766
120,12788
121,12789
122,12790
367,12790
368,12791
369,12791
213,12855
210,12899
331,12912
442,12920
443,12921
444,12922
445,12923
442,12929
394,12940
463,12955
168,13046
443,13092
463,13102
464,13103
315,13106
250,13113
255,13117
256,13118
157,13120
236,13153
237,13154
305,13172
332,13179
276,13181
212,13197
124,13199
346,13199
347,13200
348,13201
438,13217
439,13274
440,13275
441,13276
442,13277
443,13278
444,13279
445,13280
476,13308
477,13309
324,13331
325,13332
360,13351
313,13364
351,13384
314,13436
315,13437
316,13438
313,13443
147,13507
212,13533
278,13552
118,13608
119,13610
360,13660
361,13661
467,13751
466,13867
236,13889
289,13900
151,13936
474,14073
323,14080
256,14122
236,14134
210,14136
325,14158
212,14181
212,14195
213,14196
150,14267
120,14268
121,14269
331,14311
315,14326
236,14363
325,14375
135,14483
435,14488
236,14494
237,14552
218,14559
219,14560
472,14628
463,14685
351,14706
465,14726
121,14730
288,14743
314,14790
475,14823
472,14890
325,14954
465,15088
466,15089
348,15135
463,15154
464,15155
288,15157
157,15164
345,15186
265,15196
151,15265
245,15293
236,15371
237,15372
249,15400
250,15401
325,15404
169,15424
452,15444
212,15482
277,15543
325,15548
351,15592
466,15635
277,15698
278,15699
236,15724
237,15725
444,15773
465,15775
435,15782
443,15854
444,15855
445,15856
157,15901
438,15944
210,15966
211,15967
212,16060
313,16070
118,16102
257,16115
325,16160
278,16162
313,16222
212,16239
483,16344
254,16354
255,16355
122,16429
367,16429
331,16436
236,16479
237,16480
324,16486
325,16487
472,16528
452,16530
325,16550
146,16554
265,16802
122,16819
367,16819
368,16820
369,16820
169,16866
289,16900
483,16917
326,16928
169,17008
257,17012
315,17035
463,17056
464,17057
305,17089
213,17096
265,17143
136,17189
137,17190
265,17222
422,17226
436,17226
172,17267
281,17267
171,17277
172,17278
281,17278
351,17296
157,17355
474,17363
168,17441
347,17485
210,17509
157,17571
213,17572
262,17611
444,17625
213,17663
330,17699
331,17700
121,17723
212,17749
483,17838
212,17842
158,17843
325,17915
463,17936
464,17937
212,18003
172,18006
281,18006
366,18016
275,18021
462,18059
463,18060
464,18061
172,18131
281,18131
139,18191
315,18223
148,18264
131,18308
317,18308
121,18310
122,18311
367,18311
121,18329
345,18330
451,18357
477,18494
212,18511
213,18512
444,18527
236,18532
360,18552
157,18573
213,18574
335,18606
156,18619
157,18620
213,18621
250,18693
265,18827
146,18855
435,18866
331,18939
288,18947
119,18965
462,18986
172,19010
281,19010
442,19039
443,19040
313,19067
422,19078
436,19078
337,19082
451,19095
134,19126
214,19129
289,19130
212,19189
474,19197
210,19231
211,19232
472,19282
452,19284
442,19350
314,19383
169,19417
325,19499
236,19512
237,19513
210,19559
151,19624
325,19637
155,19670
156,19671
157,19672
444,19715
445,19716
325,19769
212,19817
474,19833
223,19880
481,19937
462,20060
463,20061
255,20097
254,20116
157,20121
368,20123
369,20123
123,20124
370,20124
124,20125
346,20125
212,20203
213,20204
438,20235
422,20243
436,20243
214,20260
249,20263
139,20299
265,20342
250,20378
288,20407
134,20413
439,20537
440,20538
366,20592
169,20674
394,20678
119,20722
120,20723
442,20764
443,20765
444,20766
278,20775
351,20804
474,20809
444,20880
332,20911
333,20912
170,20927
169,20947
146,20973
335,20975
336,20976
254,21038
460,21054
223,21073
118,21077
119,21078
151,21079
443,21089
444,21090
122,21093
367,21093
210,21115
212,21144
444,21161
212,21181
213,21182
325,21239
265,21281
212,21346
368,21348
369,21348
123,21349
370,21349
124,21350
346,21350
133,21444
134,21445
278,21457
254,21479
319,21503
155,21511
156,21512
63,21579
169,21687
277,21739
316,21776
474,21778
194,21810
325,21816
278,21818
122,21846
367,21846
139,21895
314,21902
325,21918
325,21930
278,21968
444,21997
444,22006
445,22007
336,22025
148,22096
136,22100
157,22106
213,22107
464,22118
366,22127
122,22128
367,22128
196,22232
196,22410
287,22456
197,22464
212,22467
438,22469
438,22529
150,22625
120,22626
121,22627
438,22629
312,22646
313,22647
289,22649
325,22737
146,22747
335,22749
336,22750
265,22760
422,22765
436,22765
157,22774
213,22775
315,22777
312,22814
313,22815
314,22816
212,22865
172,22868
281,22868
122,22929
367,22929
132,22951
318,22951
133,22952
134,22953
122,22955
367,22955
157,22969
438,22971
325,23058
157,23083
213,23084
352,23170
322,23183
474,23188
330,23198
211,23256
331,23297
272,23371
146,23434
325,23478
325,23507
326,23508
351,23522
156,23538
170,23562
275,23617
197,23635
117,23661
120,23663
171,23665
172,23666
281,23666
254,23718
366,23731
256,23764
236,23769
475,23776
264,23807
467,23865
468,23866
444,23884
463,23941
464,23942
122,24000
367,24000
134,24014
147,24051
444,24116
445,24117
198,24190
170,24195
170,24228
194,24246
325,24276
465,24311
466,24312
125,24313
444,24317
325,24339
255,24343
172,24358
281,24358
137,24396
157,24526
314,24546
147,24551
332,24553
333,24554
254,24593
212,24648
213,24649
121,24692
314,24719
315,24720
316,24721
465,24776
134,24833
468,24851
229,24871
120,24877
121,24878
351,24922
315,24952
306,24987
288,24989
195,24997
282,25000
366,25004
122,25005
367,25005
368,25006
369,25006
368,25007
369,25007
121,25102
348,25270
366,25292
348,25344
121,25356
122,25357
367,25357
438,25359
212,25443
169,25465
451,25685
169,25691
212,25735
157,25763
255,25872
157,25974
213,25975
236,25990
237,25991
483,25995
169,26044
170,26045
331,26051
331,26103
351,26116
313,26225
195,26247
169,26257
211,26266
236,26355
237,26356
474,26373
475,26374
171,26436
334,26523
335,26524
336,26525
134,26550
135,26551
124,26644
346,26644
212,26753
176,26759
331,26770
210,26780
211,26781
198,26808
352,26844
348,26906
120,26922
442,27012
443,27013
121,27017
438,27019
483,27035
212,27061
170,27082
313,27106
475,27165
155,27194
156,27195
212,27233
465,27334
466,27335
288,27395
289,27396
237,27432
465,27485
333,27514
313,27539
134,27660
122,27662
367,27662
474,27707
118,27741
119,27743
151,27744
254,27768
157,27892
213,27944
391,27997
422,28031
436,28031
120,28045
315,28066
157,28079
390,28232
335,28332
336,28333
456,28360
136,28453
137,28454
172,28464
281,28464
314,28504
315,28519
316,28520
134,28533
135,28534
332,28544
333,28545
170,28547
171,28548
333,28562
314,28582
463,28648
332,28651
157,28675
368,28677
369,28677
123,28678
370,28678
121,28792
456,28794
212,28798
453,28805
266,28837
172,28856
281,28856
332,28867
366,28877
122,28878
367,28878
123,28879
370,28879
451,28902
276,28905
218,28918
348,28952
348,28982
462,29010
463,29011
464,29012
220,29022
176,29023
157,29026
462,29034
463,29035
464,29036
465,29037
443,29064
229,29080
126,29113
121,29119
122,29120
367,29120
84,29158
85,29159
459,29192
169,29214
422,29235
436,29235
463,29293
464,29294
155,29365
156,29366
319,29388
133,29391
134,29392
313,29397
146,29536
147,29537
332,29549
333,29550
266,29596
467,29613
359,29664
366,29697
122,29698
367,29698
466,29711
169,29729
122,29774
367,29774
368,29775
369,29775
123,29776
370,29776
135,29793
325,29800
475,29802
255,29823
325,29844
122,29858
367,29858
123,29859
370,29859
124,29860
346,29860
461,29942
462,29943
463,29944
464,29945
465,29946
352,30078
325,30103
463,30121
464,30122
121,30177
237,30252
315,30285
316,30286
212,30318
368,30320
369,30320
368,30321
369,30321
212,30342
133,30347
134,30348
212,30492
210,30531
211,30532
315,30535
134,30551
134,30586
157,30603
315,30611
348,30626
277,30629
266,30665
117,30708
118,30709
236,30724
237,30725
414,30751
345,30756
212,30909
368,30911
369,30911
368,30912
369,30912
136,30979
122,30982
367,30982
123,30983
370,30983
276,31029
277,31030
131,31042
317,31042
121,31044
122,31045
367,31045
237,31051
170,31085
282,31111
122,31165
367,31165
368,31166
369,31166
451,31179
466,31201
170,31247
171,31248
472,31258
472,31272
473,31273
121,31329
122,31330
367,31330
368,31331
369,31331
407,31349
157,31468
357,31514
331,31524
157,31550
438,31552
253,31624
254,31645
123,31665
370,31665
347,31711
348,31712
463,31740
464,31741
194,31774
170,31831
212,31861
213,31862
337,31884
462,31889
466,31958
125,31959
466,31991
467,31992
117,31998
118,31999
119,32000
151,32001
438,32023
336,32037
407,32092
288,32110
157,32114
368,32116
369,32116
315,32223
169,32225
443,32232
315,32240
170,32279
236,32328
465,32396
466,32397
316,32449
131,32450
317,32450
466,32453
336,32517
422,32527
436,32527
254,32554
263,32627
475,32631
306,32708
118,32751
333,32788
334,32789
335,32867
336,32868
337,32869
136,32923
150,32983
120,32984
157,32993
345,33121
288,33125
254,33133
444,33144
315,33172
465,33196
466,33197
345,33203
366,33231
345,33232
212,33346
134,33357
172,33361
281,33361
169,33364
121,33379
133,33395
475,33422
255,33467
117,33490
121,33504
323,33518
315,33623
236,33666
237,33667
169,33690
210,33712
211,33713
133,33721
134,33722
335,33759
170,33764
266,33780
157,33785
213,33786
313,33812
466,33873
236,33885
157,33899
213,33900
118,33971
119,33972
151,33973
443,34078
444,34086
319,34094
149,34095
119,34097
120,34098
121,34099
122,34100
367,34100
123,34101
370,34101
287,34175
212,34189
368,34191
369,34191
407,34202
212,34231
117,34282
118,34283
119,34284
120,34285
121,34286
122,34287
367,34287
345,34293
237,34298
472,34316
122,34337
367,34337
336,34390
212,34458
213,34459
266,34527
196,34554
348,34572
314,34688
315,34689
326,34725
327,34726
173,34809
483,34861
265,34892
171,34916
463,34956
121,34971
345,34972
468,34999
211,35003
212,35004
456,35006
237,35013
139,35056
157,35069
157,35081
368,35083
369,35083
123,35084
370,35084
444,35114
288,35171
212,35178
254,35205
212,35320
462,35364
119,35425
120,35426
315,35462
194,35517
382,35553
415,35601
212,35616
265,35663
157,35694
213,35695
332,35720
333,35721
347,35744
348,35745
198,35770
117,35772
120,35774
288,35837
463,35895
444,35963
236,36023
210,36094
211,36095
276,36104
422,36117
436,36117
276,36161
277,36162
278,36163
131,36196
317,36196
121,36198
122,36199
367,36199
368,36200
369,36200
368,36201
369,36201
214,36203
254,36206
266,36207
306,36211
351,36250
478,36325
366,36349
155,36376
156,36377
444,36407
394,36431
465,36563
212,36618
213,36619
254,36647
255,36648
256,36649
118,36699
119,36700
120,36701
254,36740
255,36741
256,36742
257,36743
212,36749
136,36770
196,36797
221,36810
194,36813
74,36829
467,36837
172,36930
281,36930
478,36949
264,36985
254,37061
137,37118
472,37207
122,37253
367,37253
438,37255
337,37306
134,37353
122,37355
367,37355
325,37410
119,37416
120,37417
134,37431
133,37477
134,37478
438,37491
325,37541
474,37564
157,37589
368,37591
369,37591
172,37667
281,37667
212,37683
213,37684
118,37715
119,37717
120,37718
464,37738
444,37819
157,37841
325,37856
472,37870
169,37905
444,37923
439,37927
256,37957
157,37959
211,37994
196,38018
118,38066
119,38068
120,38069
212,38124
213,38125
121,38148
214,38150
254,38153
212,38163
368,38165
369,38165
335,38174
336,38175
288,38189
276,38217
466,38274
467,38275
462,38319
463,38320
121,38325
462,38359
463,38360
368,38392
369,38392
368,38393
369,38393
368,38394
369,38394
444,38414
465,38416
466,38417
136,38423
288,38434
169,38538
254,38559
444,38604
213,38621
236,38671
287,38837
347,38925
348,38926
325,38968
325,38974
170,39000
134,39064
288,39105
157,39200
474,39217
266,39220
267,39221
360,39313
331,39323
466,39375
272,39386
337,39402
256,39432
139,39488
272,39500
250,39532
462,39541
463,39542
464,39543
306,39596
196,39765
147,39770
332,39820
333,39821
74,39845
169,39966
325,39993
264,40091
265,40092
278,40103
157,40185
213,40186
365,40196
212,40206
348,40249
331,40314
332,40315
212,40420
213,40421
157,40485
213,40486
422,40576
436,40576
214,40578
360,40744
474,40768
389,40772
134,40777
135,40778
474,40882
210,41004
356,41049
275,41120
155,41143
156,41144
121,41291
122,41292
367,41292
157,41317
213,41318
315,41452
466,41498
347,41499
348,41500
170,41538
351,41639
170,41665
157,41683
210,41690
211,41691
84,41719
462,41739
463,41740
464,41741
157,41789
444,41823
331,41836
266,41940
331,41951
335,41976
442,41988
444,42034
332,42037
237,42092
462,42150
351,42260
288,42297
475,42336
474,42370
475,42371
255,42381
237,42427
157,42437
332,42476
333,42477
325,42511
170,42518
171,42519
170,42529
170,42562
325,42601
359,42612
348,42685
157,42726
213,42727
151,42780
157,42791
213,42792
169,42798
255,42831
237,42839
211,42852
236,42924
266,42954
74,43033
332,43091
472,43145
198,43196
315,43252
444,43297
137,43324
325,43329
265,43469
213,43495
266,43499
157,43529
213,43530
170,43538
478,43566
325,43616
169,43624
254,43638
351,43667
256,43758
250,43774
443,43777
444,43778
465,43874
136,43875
236,43911
237,43912
314,43960
444,44004
465,44006
121,44103
345,44104
124,44105
346,44105
195,44132
287,44141
351,44147
256,44234
237,44305
249,44394
250,44395
236,44433
237,44434
236,44564
472,44606
474,44636
325,44718
336,44733
335,44742
117,44779
120,44781
195,44805
322,44939
266,45000
267,45001
319,45040
121,45043
466,45080
117,45141
118,45142
118,45174
456,45213
477,45300
157,45319
213,45320
210,45392
211,45393
466,45412
212,45440
213,45441
229,45467
351,45483
325,45494
314,45510
439,45556
435,45580
315,45583
336,45625
325,45628
157,45697
196,45723
314,45735
315,45736
325,45742
315,45789
325,45937
352,45940
333,45980
236,45993
237,45994
121,46060
319,46131
287,46154
315,46171
212,46194
236,46247
210,46249
211,46250
332,46308
333,46309
236,46347
314,46385
331,46421
332,46422
333,46423
210,46477
211,46478
382,46482
435,46503
275,46539
313,46563
236,46613
348,46623
229,46654
254,46661
250,46683
119,46732
120,46733
315,46749
316,46750
210,46781
325,46844
351,46882
212,47133
213,47134
315,47136
316,47137
215,47175
315,47184
313,47259
236,47276
266,47309
170,47403
265,47432
255,47433
118,47437
314,47561
172,47567
281,47567
169,47570
323,47592
322,47614
121,47687
345,47688
120,47792
255,47797
256,47798
462,47838
121,47842
236,47851
323,47858
337,47891
325,48011
139,48025
170,48064
171,48065
314,48121
452,48131
345,48150
124,48151
346,48151
125,48152
444,48170
468,48174
461,48179
462,48180
463,48181
464,48182
197,48199
157,48209
213,48210
119,48231
151,48232
276,48241
143,48274
444,48277
306,48303
422,48342
436,48342
124,48344
346,48344
331,48348
443,48357
254,48462
313,48477
313,48493
120,48608
136,48610
444,48619
122,48632
367,48632
223,48720
463,48733
196,48739
170,48743
438,48771
315,48778
325,48945
117,48987
118,48988
119,48989
120,48990
121,48991
351,49003
265,49012
255,49013
336,49055
314,49085
315,49086
316,49087
131,49088
317,49088
121,49090
313,49282
465,49328
466,49329
255,49344
256,49345
157,49347
213,49348
196,49391
197,49392
474,49515
147,49570
352,49604
212,49611
351,49626
353,49672
157,49762
157,49815
213,49816
237,49869
444,49907
465,49909
464,50014
443,50021
121,50025
456,50027
463,50037
443,50066
444,50067
465,50069
466,50070
347,50071
348,50072
157,50091
124,50093
346,50093
264,50110
265,50111
119,50125
120,50126
443,50133
444,50134
254,50186
467,50239
157,50261
465,50282
466,50283
467,50284
463,50298
332,50301
313,50372
313,50406
288,50433
254,50436
254,50453
151,50485
415,50524
463,50601
122,50645
367,50645
214,50647
315,50776
143,50791
313,50805
394,50808
315,50817
434,50878
435,50879
264,50974
389,50995
352,51030
170,51086
237,51110
117,51130
120,51132
315,51135
151,51178
250,51224
351,51308
157,51384
263,51408
236,51415
221,51427
421,51508
169,51554
176,51631
351,51748
331,51804
325,51810
265,51856
264,51862
331,51864
332,51865
463,51909
276,51930
474,51931
331,51934
468,51978
469,51979
139,51982
138,51983
139,51984
138,51985
134,51986
348,52011
139,52076
322,52132
229,52180
463,52205
332,52208
133,52380
134,52381
272,52392
157,52405
438,52407
288,52427
254,52430
213,52453
468,52479
255,52533
465,52540
466,52541
444,52552
451,52565
143,52572
439,52587
443,52626
133,52630
443,52644
444,52645
438,52649
347,52685
348,52686
256,52695
257,52696
474,52704
254,52715
468,52728
139,52757
442,52787
443,52788
452,52794
463,52810
464,52811
465,52812
288,52871
215,52872
266,52950
365,52993
466,53023
118,53102
119,53104
120,53105
457,53108
249,53120
250,53121
245,53131
315,53232
389,53249
276,53263
322,53326
315,53424
382,53519
122,53605
367,53605
368,53606
369,53606
435,53649
212,53655
323,53708
315,53757
210,53815
211,53816
213,53824
315,53826
477,53869
323,53899
236,53915
337,54092
170,54105
236,54141
120,54215
438,54311
315,54318
316,54319
195,54341
196,54342
483,54382
256,54387
287,54395
444,54407
445,54408
170,54459
322,54470
212,54488
213,54489
414,54528
415,54529
325,54536
210,54560
211,54561
325,54588
151,54612
237,54627
463,54642
157,54800
325,54806
266,54837
118,54855
119,54858
120,54859
121,54860
435,54900
212,54905
213,54906
255,54924
237,54973
210,54976
211,54977
319,55060
121,55063
196,55076
197,55077
148,55102
481,55184
365,55266
325,55310
331,55364
332,55365
333,55366
172,55416
281,55416
360,55491
256,55630
120,55705
474,55716
211,55736
212,55737
407,55754
121,55792
345,55793
74,55888
332,56007
256,56016
104,56041
463,56053
464,56054
444,56076
313,56088
312,56118
313,56119
332,56195
333,56196
472,56260
336,56278
472,56302
325,56417
474,56469
266,56472
169,56506
348,56571
134,56631
212,56640
172,56654
281,56654
335,56702
157,56758
368,56760
369,56760
119,56767
120,56768
466,56786
347,56787
348,56788
169,56876
332,56922
333,56923
335,56946
336,56947
211,56963
464,57010
444,57063
134,57100
351,57151
257,57230
325,57240
368,57296
369,57296
462,57312
463,57313
134,57316
212,57331
360,57378
361,57379
477,57387
170,57400
172,57426
281,57426
282,57427
474,57453
278,57457
315,57465
316,57466
444,57481
463,57501
464,57502
462,57611
463,57612
464,57613
465,57614
322,57635
348,57647
334,57659
264,57679
438,57711
472,57763
473,57764
210,57815
211,57816
212,57817
172,57820
281,57820
212,57890
123,57892
370,57892
444,57938
277,57969
157,58089
456,58091
212,58175
213,58176
389,58195
332,58202
178,58245
198,58249
257,58263
332,58323
276,58325
474,58326
306,58410
315,58413
212,58454
213,58455
278,58563
170,58637
171,58638
255,58689
314,58695
422,58701
436,58701
122,58711
367,58711
123,58712
370,58712
124,58713
346,58713
134,58741
264,58822
254,58865
134,58926
325,58934
122,58946
367,58946
368,58947
369,58947
473,58951
337,59021
170,59027
133,59171
134,59172
135,59173
157,59210
335,59262
336,59263
157,59297
322,59371
478,59471
331,59481
211,59561
312,59576
313,59577
211,59599
333,59628
334,59629
335,59630
254,59668
169,59702
170,59703
276,59709
