382,18
383,19
469,131
336,140
435,218
138,255
255,263
256,264
257,265
258,266
208,289
388,348
493,349
374,367
375,371
203,372
204,373
423,402
424,403
248,471
239,480
492,490
228,514
167,517
163,525
492,537
389,538
239,545
471,558
163,562
387,563
396,590
505,605
361,648
163,655
225,719
226,720
347,742
472,763
258,799
158,874
525,906
353,915
374,936
286,962
373,1027
439,1027
137,1043
256,1063
257,1064
375,1066
494,1145
166,1176
381,1242
361,1301
390,1316
525,1370
257,1390
375,1391
384,1460
511,1461
373,1480
439,1480
374,1481
84,1532
373,1579
439,1579
374,1580
258,1581
389,1591
390,1592
391,1593
424,1594
469,1645
95,1651
153,1763
364,1765
377,1765
365,1766
378,1766
95,1768
471,1779
137,1814
504,1829
386,1831
387,1832
180,1846
288,1851
392,1852
374,1876
415,1974
427,1995
469,2052
382,2067
383,2068
384,2069
511,2070
333,2092
148,2124
373,2198
439,2198
374,2199
375,2201
363,2202
376,2202
364,2203
377,2203
365,2204
378,2204
373,2233
439,2233
363,2235
376,2235
524,2238
153,2249
375,2270
374,2277
375,2280
492,2287
493,2319
75,2326
355,2343
504,2345
381,2349
283,2377
381,2379
138,2416
137,2472
202,2474
362,2474
363,2475
376,2475
256,2508
257,2509
375,2510
448,2550
166,2595
167,2596
421,2634
422,2635
163,2682
202,2772
362,2772
425,2798
361,2825
375,2827
203,2828
493,2848
256,2859
257,2860
375,2861
386,2916
288,2923
335,2925
425,2954
425,2958
284,2963
285,2964
425,2987
163,2995
387,2996
491,3007
492,3008
390,3059
390,3077
284,3105
285,3106
286,3107
162,3108
391,3117
373,3141
439,3141
390,3179
390,3191
166,3197
365,3275
378,3275
95,3277
506,3293
512,3293
443,3300
415,3302
166,3315
492,3322
354,3326
200,3330
201,3331
202,3332
362,3332
95,3394
137,3412
138,3413
468,3435
531,3442
256,3463
257,3464
375,3468
373,3477
439,3477
79,3535
468,3540
425,3556
383,3559
384,3560
385,3561
386,3562
164,3563
165,3564
166,3565
167,3566
313,3590
314,3591
384,3635
388,3636
389,3637
239,3644
203,3658
136,3667
137,3668
355,3704
75,3756
420,3784
373,3834
439,3834
259,3836
202,3843
362,3843
203,3844
135,3846
348,3854
423,3866
392,3867
393,3868
390,3886
391,3912
118,3991
129,4042
95,4072
138,4104
424,4105
375,4140
137,4174
163,4180
208,4212
372,4255
258,4282
423,4303
424,4304
355,4335
468,4344
361,4349
360,4356
361,4357
373,4379
439,4379
375,4391
352,4461
334,4510
227,4513
286,4514
162,4515
505,4539
409,4615
284,4653
469,4720
167,4724
461,4764
284,4832
137,4848
163,4903
387,4904
208,4947
390,4949
375,4952
346,5004
347,5005
348,5006
255,5061
391,5103
468,5127
381,5193
382,5194
532,5203
423,5224
424,5225
425,5226
259,5230
469,5245
534,5253
190,5254
424,5272
95,5301
163,5374
387,5375
383,5428
384,5429
361,5497
202,5498
362,5498
203,5499
204,5500
163,5511
175,5534
286,5588
138,5604
471,5628
256,5660
257,5661
375,5662
285,5701
286,5702
505,5755
471,5760
112,5764
190,5779
137,5787
187,5789
392,5825
166,5898
472,5917
202,5933
362,5933
363,5934
376,5934
364,5935
377,5935
471,5952
162,5970
505,5993
187,6121
163,6162
334,6172
364,6213
377,6213
365,6214
378,6214
352,6252
163,6284
166,6315
363,6347
376,6347
373,6362
439,6362
374,6363
375,6365
203,6366
313,6377
389,6385
390,6386
202,6410
362,6410
424,6449
276,6475
469,6505
168,6530
468,6545
469,6546
162,6564
468,6591
209,6620
468,6651
469,6652
470,6653
471,6654
472,6655
95,6709
415,6882
258,6896
507,6908
202,6916
362,6916
468,7019
469,7020
493,7074
468,7083
469,7084
112,7089
471,7125
472,7126
199,7136
153,7184
373,7236
439,7236
112,7263
168,7288
352,7315
353,7316
461,7335
468,7361
469,7362
470,7363
471,7364
286,7472
162,7473
202,7520
362,7520
363,7521
376,7521
491,7523
353,7534
468,7542
469,7543
470,7544
471,7545
472,7546
466,7573
467,7574
468,7575
256,7579
257,7580
375,7581
363,7612
376,7612
163,7642
387,7643
385,7644
461,7653
472,7657
473,7658
425,7661
112,7682
503,7698
472,7738
390,7750
202,7752
362,7752
95,7825
371,7831
180,7877
415,7896
389,7909
390,7910
334,7945
532,7959
493,7982
416,8079
373,8109
439,8109
361,8126
202,8127
362,8127
469,8143
175,8166
176,8167
424,8194
204,8195
423,8208
95,8215
469,8272
286,8342
162,8343
423,8376
392,8377
471,8451
396,8490
352,8496
348,8507
468,8514
180,8516
423,8531
424,8532
384,8546
511,8547
364,8554
377,8554
365,8555
378,8555
468,8559
469,8560
470,8561
471,8562
166,8567
167,8568
468,8627
425,8672
163,8701
387,8702
385,8703
386,8704
228,8769
531,8777
163,8785
387,8786
385,8787
386,8788
164,8789
165,8790
166,8791
468,8799
375,8843
203,8844
425,8845
426,8846
353,8890
468,8892
469,8893
470,8894
386,8938
248,8957
288,9013
423,9030
531,9045
504,9046
239,9146
344,9153
492,9168
389,9169
163,9186
256,9237
472,9244
381,9267
255,9271
163,9319
239,9365
504,9374
410,9388
163,9409
387,9410
385,9411
94,9414
95,9415
352,9420
471,9428
390,9465
187,9467
386,9475
387,9476
388,9477
468,9501
226,9518
227,9519
472,9568
468,9612
239,9638
505,9640
471,9755
468,9762
469,9763
470,9764
471,9765
472,9766
137,9822
471,9843
472,9844
473,9845
468,9868
420,9883
95,9953
505,9984
373,10049
439,10049
527,10074
286,10099
162,10100
333,10134
525,10163
372,10275
461,10281
531,10330
504,10331
239,10367
505,10388
469,10405
472,10420
112,10452
469,10474
163,10486
387,10487
511,10488
363,10547
376,10547
352,10554
390,10583
176,10627
353,10645
354,10646
355,10647
143,10693
382,10699
383,10700
457,10743
227,10765
286,10766
256,10822
75,10843
76,10844
361,10857
202,10858
362,10858
363,10859
376,10859
335,10860
372,10895
382,10896
383,10897
384,10898
511,10899
134,10901
461,10907
390,10913
391,10914
424,10915
425,10916
372,10952
135,10976
373,11048
439,11048
470,11058
471,11059
136,11083
137,11084
138,11085
408,11120
468,11211
466,11230
382,11237
167,11259
286,11326
472,11328
225,11341
226,11342
75,11360
375,11381
227,11428
286,11429
372,11495
382,11496
383,11497
373,11527
439,11527
374,11528
94,11532
458,11558
505,11590
466,11601
364,11790
377,11790
365,11791
378,11791
386,11803
334,11837
504,11848
424,11851
372,11898
373,11899
439,11899
415,11903
435,11912
166,11939
423,11967
399,11981
112,11999
373,12026
439,12026
202,12059
362,12059
457,12080
438,12098
187,12146
286,12152
468,12168
469,12169
470,12170
202,12205
362,12205
203,12206
352,12219
174,12253
175,12254
348,12259
423,12269
258,12325
408,12344
112,12363
95,12403
175,12459
176,12460
468,12470
469,12471
492,12485
257,12549
424,12574
425,12575
364,12583
377,12583
503,12658
504,12659
469,12685
470,12686
471,12759
348,12844
415,12861
347,12887
222,12893
201,12936
202,12937
362,12937
461,12951
234,12957
284,12980
285,12981
286,12982
162,12983
386,12991
164,12992
256,13035
257,13036
239,13050
76,13070
423,13104
440,13121
491,13176
492,13177
372,13196
373,13197
439,13197
259,13199
503,13201
386,13225
387,13226
385,13227
234,13281
138,13299
468,13332
228,13403
167,13406
334,13436
284,13474
493,13508
373,13533
439,13533
383,13559
365,13592
378,13592
95,13594
391,13619
525,13714
129,13808
425,13840
391,13844
137,13865
365,13886
378,13886
95,13888
209,13937
384,13972
162,14002
422,14026
423,14027
94,14036
95,14040
386,14043
268,14047
392,14067
470,14074
163,14076
372,14116
382,14117
383,14118
384,14119
511,14120
461,14145
468,14158
446,14162
372,14180
373,14181
439,14181
373,14195
439,14195
222,14261
468,14375
472,14445
352,14465
361,14543
202,14544
362,14544
363,14545
376,14545
335,14546
355,14596
386,14627
139,14743
334,14790
469,14822
397,14824
167,14853
163,14889
466,14904
152,14933
468,14954
256,14962
469,15036
163,15111
162,15125
503,15135
248,15150
423,15156
139,15157
286,15195
163,15222
164,15223
165,15224
166,15225
167,15226
168,15227
472,15255
473,15256
204,15259
209,15266
225,15276
226,15277
348,15281
363,15329
376,15329
227,15332
448,15363
468,15404
491,15423
424,15426
425,15427
471,15433
397,15439
112,15451
419,15464
372,15466
382,15467
428,15472
435,15478
436,15479
437,15480
438,15481
373,15482
439,15482
440,15483
441,15484
442,15485
471,15509
472,15510
531,15540
180,15544
468,15548
163,15570
448,15605
392,15756
187,15776
364,15785
377,15785
241,15798
427,15840
428,15841
466,15890
227,15912
525,16051
438,16059
373,16060
439,16060
374,16061
425,16114
426,16115
468,16160
372,16182
204,16224
373,16239
439,16239
395,16329
204,16408
284,16432
285,16433
286,16434
354,16439
75,16482
468,16487
386,16527
180,16537
468,16550
153,16577
422,16637
361,16657
286,16678
162,16679
94,16682
201,16698
202,16699
362,16699
203,16700
202,16716
362,16716
363,16717
376,16717
420,16763
421,16764
422,16765
423,16766
227,16770
167,16783
137,16837
153,16884
154,16885
363,16976
376,16976
335,16977
336,16978
424,17010
425,17011
426,17012
158,17020
159,17021
160,17022
241,17037
386,17049
423,17058
442,17076
206,17185
207,17186
415,17225
363,17228
376,17228
239,17279
162,17292
163,17293
427,17325
428,17326
175,17333
167,17343
425,17353
153,17372
504,17392
505,17393
372,17399
382,17400
505,17442
314,17464
239,17501
505,17503
75,17508
136,17519
363,17573
376,17573
364,17574
377,17574
365,17575
378,17575
424,17589
152,17630
505,17640
506,17693
512,17693
137,17722
373,17749
439,17749
256,17785
373,17842
439,17842
308,17874
468,17915
372,17930
423,17938
424,17939
425,17940
469,17957
348,17982
204,17998
373,18003
439,18003
202,18017
362,18017
136,18039
209,18041
471,18068
493,18100
241,18225
469,18234
396,18280
352,18358
505,18443
372,18510
373,18511
439,18511
203,18513
162,18517
493,18600
494,18601
76,18630
209,18634
425,18667
492,18697
143,18775
382,18785
383,18786
95,18814
206,18840
352,18842
353,18843
167,18847
424,18886
491,18931
391,18946
139,18947
228,18978
229,18979
152,19007
95,19029
386,19032
353,19044
354,19045
204,19069
415,19077
390,19126
202,19128
362,19128
508,19131
163,19173
446,19180
447,19181
373,19189
439,19189
255,19205
466,19215
203,19247
312,19265
313,19266
163,19281
424,19335
334,19383
504,19416
227,19428
384,19474
385,19475
466,19497
467,19498
468,19499
493,19548
494,19549
372,19614
209,19625
397,19628
493,19631
468,19637
180,19639
384,19675
472,19725
204,19732
363,19738
376,19738
364,19739
377,19739
209,19748
468,19769
382,19789
372,19816
373,19817
439,19817
374,19818
209,19825
470,19834
382,19841
383,19842
355,19910
504,19912
505,19913
418,19945
352,19949
425,20007
202,20021
362,20021
469,20031
470,20032
471,20033
472,20034
384,20053
511,20054
448,20069
256,20106
374,20122
258,20124
259,20125
505,20144
506,20145
512,20145
472,20166
525,20172
372,20202
373,20203
439,20203
257,20233
375,20245
363,20246
376,20246
364,20247
377,20247
410,20317
143,20328
139,20407
390,20413
357,20508
354,20578
355,20579
423,20618
408,20683
361,20709
202,20710
362,20710
138,20724
227,20742
286,20743
162,20744
425,20778
268,20836
361,20882
372,20893
382,20894
352,21014
472,21039
473,21040
209,21080
361,21092
373,21144
439,21144
440,21145
423,21163
424,21164
373,21181
439,21181
163,21220
164,21221
468,21239
435,21256
373,21346
439,21346
374,21347
258,21349
259,21350
415,21398
374,21418
390,21445
391,21446
335,21448
199,21478
472,21528
473,21529
95,21540
491,21597
505,21598
448,21613
505,21625
221,21653
472,21661
239,21705
180,21740
470,21779
440,21789
468,21816
472,21823
78,21835
361,21845
375,21847
363,21848
376,21848
374,21863
492,21893
389,21894
334,21902
468,21918
469,21919
468,21930
180,21932
95,21937
461,21939
415,22016
391,22020
372,22029
492,22095
438,22210
171,22222
381,22238
227,22354
136,22399
209,22401
373,22467
439,22467
363,22515
376,22515
256,22527
344,22545
386,22573
387,22574
372,22593
256,22621
175,22633
176,22634
508,22650
256,22699
468,22737
469,22738
286,22759
425,22772
363,22776
376,22776
491,22778
152,22783
118,22805
334,22816
372,22835
373,22865
439,22865
386,22894
387,22895
511,22896
375,22930
363,22931
376,22931
208,22951
390,22953
375,22956
352,22965
469,22999
470,23000
471,23001
472,23002
389,23008
365,23019
378,23019
228,23042
468,23058
469,23059
470,23060
471,23061
472,23062
175,23121
176,23122
423,23143
392,23144
504,23174
288,23218
386,23335
387,23336
385,23337
386,23338
504,23342
505,23343
518,23371
301,23382
437,23394
256,23412
257,23413
375,23414
363,23415
376,23415
468,23478
468,23507
284,23564
167,23576
492,23587
493,23606
471,23613
352,23619
353,23620
472,23719
505,23741
469,23775
352,23796
353,23797
288,23800
505,23936
506,23937
512,23937
386,23950
164,23951
372,23978
375,24001
461,24009
390,24014
248,24057
162,24069
425,24158
167,24212
408,24254
468,24276
469,24277
470,24278
256,24296
260,24313
423,24319
364,24321
377,24321
468,24339
469,24340
470,24341
471,24342
471,24410
370,24454
364,24535
377,24535
334,24546
422,24606
361,24607
466,24622
372,24647
373,24648
439,24648
334,24719
162,24732
163,24733
471,24737
187,24777
415,24810
390,24833
286,24887
163,24928
202,24950
362,24950
363,24951
376,24951
524,24954
288,24988
139,24989
372,25013
372,25043
137,25101
202,25103
362,25103
363,25104
376,25104
364,25105
377,25105
284,25173
285,25174
286,25175
162,25198
469,25242
470,25243
471,25250
503,25270
166,25273
228,25280
167,25283
425,25328
503,25344
504,25345
505,25346
361,25404
381,25442
373,25443
439,25443
333,25489
95,25530
372,25557
129,25594
130,25595
352,25597
202,25613
362,25613
373,25735
439,25735
469,25757
493,25771
301,25776
256,25780
257,25781
375,25782
352,25818
353,25819
365,25844
378,25844
469,25869
470,25870
471,25871
190,25878
505,25885
372,25900
382,25901
372,25941
382,25942
386,25947
164,25948
165,25949
166,25950
492,26014
354,26018
355,26019
505,26040
491,26043
472,26058
364,26094
377,26094
365,26095
378,26095
504,26172
425,26227
382,26267
469,26276
314,26320
95,26379
288,26387
424,26388
204,26389
175,26531
355,26539
389,26549
390,26550
187,26552
256,26642
259,26644
381,26752
373,26753
439,26753
469,26767
470,26768
492,26818
471,26846
239,26852
186,26861
503,26906
504,26907
492,26908
138,26923
395,26932
399,26990
137,27016
153,27056
372,27060
373,27061
439,27061
175,27079
393,27108
168,27120
352,27125
386,27152
469,27164
373,27233
439,27233
374,27234
375,27235
112,27325
180,27341
505,27348
506,27349
512,27349
425,27355
143,27371
442,27373
136,27392
137,27393
138,27394
139,27395
508,27397
202,27453
362,27453
371,27625
372,27626
248,27650
249,27651
390,27660
176,27705
470,27708
471,27709
472,27710
209,27745
76,27784
203,27945
285,28025
186,28037
200,28063
288,28064
239,28101
372,28173
382,28174
383,28175
384,28176
511,28177
422,28298
423,28299
386,28321
164,28322
255,28356
256,28357
257,28358
425,28367
469,28408
506,28488
512,28488
334,28504
492,28531
389,28532
390,28533
492,28542
163,28555
387,28556
385,28557
138,28575
392,28576
334,28582
352,28671
374,28676
258,28678
492,28685
423,28698
95,28705
137,28775
373,28798
439,28798
471,28836
361,28853
239,28857
175,28870
258,28879
172,28900
503,28952
503,28982
210,28996
112,29007
113,29008
361,29013
211,29113
261,29113
442,29130
95,29168
458,29191
202,29216
362,29216
375,29237
372,29249
382,29271
390,29392
425,29399
118,29427
492,29521
255,29555
395,29623
425,29641
533,29652
160,29669
161,29670
441,29700
344,29725
258,29776
468,29800
469,29801
468,29844
258,29859
259,29860
354,29950
143,29965
442,29967
141,29997
142,29998
256,29999
209,30075
163,30081
387,30082
468,30103
180,30105
408,30129
409,30130
408,30164
409,30165
202,30195
362,30195
203,30196
425,30197
471,30256
108,30262
373,30318
439,30318
374,30319
373,30342
439,30342
390,30348
202,30350
362,30350
301,30361
497,30373
186,30386
257,30440
375,30441
239,30469
373,30492
439,30492
248,30509
75,30530
389,30550
390,30551
505,30569
389,30585
390,30586
502,30625
503,30626
286,30636
175,30774
175,30777
199,30787
95,30812
492,30824
175,30862
158,30904
373,30909
439,30909
374,30910
207,30976
258,30983
180,31031
455,31074
386,31105
418,31117
375,31167
363,31168
376,31168
169,31172
384,31194
511,31195
163,31257
384,31269
385,31270
386,31271
531,31275
504,31276
504,31300
505,31301
457,31318
384,31369
388,31370
372,31391
225,31400
372,31402
393,31421
166,31458
167,31459
440,31469
425,31548
423,31587
506,31642
512,31642
138,31655
256,31663
257,31664
258,31665
288,31696
255,31699
503,31712
435,31720
239,31733
505,31735
506,31736
512,31736
202,31788
362,31788
352,31811
228,31819
381,31860
373,31861
439,31861
361,31900
260,31959
423,31966
506,32027
512,32027
423,32109
139,32110
374,32115
375,32117
283,32159
381,32161
192,32182
425,32185
491,32224
424,32227
204,32228
491,32241
95,32254
352,32260
163,32276
387,32277
386,32349
387,32350
511,32351
473,32353
372,32478
392,32539
469,32548
470,32549
471,32550
469,32630
256,32648
206,32684
288,32709
392,32710
204,32764
205,32765
175,32768
472,32774
391,32835
256,32908
202,32926
362,32926
160,33038
161,33039
162,33040
175,33074
148,33079
391,33124
139,33125
152,33183
175,33251
352,33281
469,33317
438,33345
373,33346
439,33346
390,33357
239,33362
202,33380
362,33380
490,33415
469,33421
175,33429
137,33503
425,33716
390,33722
505,33741
505,33754
491,33757
469,33777
470,33778
471,33779
201,33790
202,33791
362,33791
163,33858
387,33859
511,33860
186,33872
95,33884
471,33909
284,33936
469,33942
470,33943
471,33944
163,33958
209,33974
167,33979
168,33980
210,34025
359,34067
360,34068
361,34069
202,34070
362,34070
203,34071
425,34072
423,34088
258,34101
175,34114
175,34117
137,34129
348,34163
372,34188
373,34189
439,34189
374,34190
375,34192
203,34193
204,34194
373,34231
439,34231
360,34253
361,34254
375,34288
201,34292
386,34315
389,34387
371,34456
372,34457
373,34458
439,34458
248,34469
175,34520
176,34521
352,34523
353,34524
129,34563
503,34572
352,34575
334,34688
491,34690
372,34730
442,34733
204,34760
492,34796
492,34871
505,34936
391,34975
373,35004
439,35004
359,35053
374,35082
258,35084
297,35102
525,35135
386,35160
175,35163
139,35171
373,35178
439,35178
365,35208
378,35208
95,35210
392,35214
202,35238
362,35238
373,35320
439,35320
166,35381
138,35427
288,35431
424,35432
204,35433
166,35465
167,35466
168,35467
257,35590
375,35591
268,35600
373,35616
439,35616
374,35617
375,35618
252,35622
491,35625
425,35740
503,35745
532,35746
138,35775
424,35776
425,35777
469,35824
76,35831
423,35836
139,35837
491,35861
386,35863
387,35864
511,35865
352,35928
353,35929
163,36072
382,36096
284,36098
129,36102
130,36103
461,36113
176,36124
352,36126
353,36127
375,36202
288,36212
392,36213
176,36294
202,36350
362,36350
348,36354
108,36364
175,36414
202,36428
362,36428
472,36442
286,36473
162,36474
285,36477
469,36480
532,36529
469,36534
364,36548
377,36548
365,36549
378,36549
422,36562
187,36564
505,36581
373,36618
439,36618
363,36620
376,36620
364,36621
377,36621
228,36719
167,36722
386,36725
426,36743
373,36749
439,36749
137,36768
391,36772
255,36823
344,36869
424,37113
425,37114
202,37129
362,37129
363,37130
376,37130
175,37152
278,37184
279,37185
163,37206
137,37229
469,37245
348,37266
166,37276
167,37277
348,37304
175,37333
390,37353
469,37386
468,37410
138,37418
389,37430
390,37431
391,37432
525,37465
390,37478
257,37489
190,37500
472,37533
473,37534
468,37541
374,37590
441,37593
442,37594
248,37646
249,37647
180,37651
373,37683
439,37683
363,37685
376,37685
506,37745
512,37745
507,37746
508,37747
471,37804
468,37856
163,37869
461,37877
505,37955
138,38070
424,38093
136,38112
372,38123
373,38124
439,38124
202,38149
362,38149
373,38163
439,38163
374,38164
375,38166
491,38172
139,38189
166,38250
95,38254
202,38326
362,38326
175,38371
198,38381
199,38382
374,38391
395,38404
356,38407
353,38430
288,38433
139,38434
505,38523
506,38524
512,38524
202,38585
362,38585
428,38648
429,38649
95,38670
526,38680
134,38693
410,38753
461,38778
145,38832
176,38862
447,38903
503,38926
352,38965
353,38966
468,38968
180,38970
468,38974
469,38975
284,39002
285,39003
389,39063
390,39064
391,39065
392,39066
423,39104
139,39105
286,39147
286,39211
470,39218
471,39219
461,39265
372,39318
518,39386
137,39396
492,39486
389,39487
129,39495
74,39496
518,39500
361,39544
288,39597
372,39612
365,39619
378,39619
95,39621
469,39648
470,39649
471,39650
506,39679
512,39679
493,39771
248,39810
288,39826
471,39920
469,39946
504,39965
468,39993
180,40038
472,40093
461,40098
203,40187
204,40188
373,40206
439,40206
440,40207
364,40224
377,40224
526,40236
503,40249
202,40280
362,40280
327,40349
175,40351
427,40401
372,40419
373,40420
439,40420
471,40435
163,40478
448,40522
492,40527
356,40558
112,40692
390,40777
256,40784
257,40785
395,40819
505,40866
239,40879
470,40883
471,40884
522,40900
352,40921
396,40960
229,40994
95,41028
425,41108
396,41118
397,41119
375,41293
393,41295
364,41328
377,41328
142,41379
382,41401
175,41407
176,41408
352,41410
423,41446
415,41449
491,41453
503,41500
504,41501
353,41529
372,41634
382,41635
383,41636
532,41642
532,41675
75,41689
382,41692
473,41717
361,41742
202,41743
362,41743
423,41825
95,41840
446,41854
202,41903
362,41903
505,41916
425,41961
386,41981
387,41982
511,41983
381,42028
361,42069
424,42110
425,42111
288,42296
139,42297
469,42335
491,42355
248,42444
497,42466
492,42474
468,42511
180,42513
468,42601
384,42670
511,42671
503,42685
372,42714
382,42715
383,42716
384,42717
511,42718
314,42774
504,42797
382,42806
531,42814
504,42815
505,42816
382,42853
348,42918
95,42923
166,43003
505,43017
163,43043
387,43044
511,43045
138,43073
424,43074
162,43078
504,43088
492,43089
386,43108
386,43144
424,43178
525,43223
491,43253
505,43254
95,43261
468,43329
469,43353
392,43384
448,43402
468,43616
224,43621
202,43626
362,43626
279,43643
206,43689
364,43951
377,43951
334,43960
492,43977
259,44105
175,44215
95,44254
425,44319
84,44325
384,44524
386,44605
470,44637
425,44647
504,44660
505,44661
467,44717
468,44718
128,44826
461,44841
166,44889
352,44944
167,44958
95,44978
381,44983
425,44995
202,45044
362,45044
239,45055
137,45078
392,45099
202,45107
362,45107
203,45108
95,45154
175,45235
227,45297
163,45324
166,45331
382,45394
144,45399
373,45440
439,45440
248,45453
382,45476
383,45477
384,45478
385,45479
386,45480
468,45494
469,45495
333,45509
334,45510
201,45538
202,45539
362,45539
186,45571
491,45584
505,45585
468,45628
256,45667
421,45705
422,45706
166,45717
334,45735
468,45742
469,45743
504,45747
256,45786
363,45788
376,45788
168,45833
393,45880
461,45888
468,45937
469,45938
248,45957
202,45983
362,45983
395,46033
137,46059
202,46061
362,46061
415,46096
364,46106
377,46106
386,46122
164,46123
138,46134
373,46194
439,46194
284,46302
334,46385
526,46453
348,46472
382,46479
175,46544
176,46545
504,46594
492,46595
284,46604
285,46605
503,46623
504,46624
505,46631
472,46662
138,46734
493,46755
352,46797
468,46844
425,46924
95,47014
471,47023
373,47133
439,47133
363,47135
376,47135
140,47175
141,47176
142,47177
384,47180
524,47186
112,47201
374,47348
448,47370
180,47395
95,47400
242,47415
134,47434
135,47435
148,47513
334,47561
335,47562
239,47568
386,47661
171,47670
415,47682
525,47730
138,47793
505,47822
163,47826
137,47841
202,47843
362,47843
95,47867
361,47918
202,47919
362,47919
468,48011
180,48013
389,48024
382,48045
257,48050
375,48051
202,48116
362,48116
363,48117
376,48117
364,48118
377,48118
334,48121
383,48128
361,48149
259,48151
260,48152
166,48222
209,48233
288,48304
202,48314
362,48314
442,48323
259,48344
395,48541
112,48558
352,48563
493,48570
375,48633
160,48678
469,48681
137,48698
138,48699
201,48769
505,48793
163,48797
391,48836
137,48869
284,48872
162,48908
468,48945
410,48958
175,48969
286,49011
471,49076
415,49079
334,49085
175,49116
176,49117
408,49145
469,49149
167,49153
166,49242
167,49243
286,49257
162,49258
286,49316
469,49341
470,49342
471,49343
363,49349
376,49349
372,49352
95,49367
372,49379
163,49384
387,49385
388,49386
423,49415
167,49427
168,49465
361,49551
202,49552
362,49552
363,49553
376,49553
415,49578
141,49591
142,49592
143,49593
372,49610
373,49611
439,49611
374,49612
248,49649
167,49675
348,49685
372,49718
375,49725
163,49780
164,49781
165,49782
166,49783
167,49784
176,49849
177,49850
206,49860
352,49862
353,49863
167,49867
355,49922
374,49937
375,49938
137,49990
353,50006
137,50024
503,50072
202,50080
362,50080
259,50093
365,50114
378,50114
95,50116
137,50175
372,50231
353,50248
472,50251
352,50304
139,50433
415,50460
469,50507
470,50508
381,50635
375,50646
372,50687
386,50730
162,50745
239,50784
175,50787
176,50788
491,50818
505,50819
163,50842
360,50885
361,50886
202,50887
362,50887
423,50896
392,50897
167,50908
492,50927
492,50936
493,50937
352,51020
395,51028
248,51098
249,51099
138,51133
491,51136
386,51138
461,51168
209,51179
175,51186
128,51223
505,51232
506,51233
512,51233
138,51321
348,51325
180,51412
392,51476
384,51511
388,51512
167,51522
505,51539
190,51544
504,51553
364,51557
377,51557
204,51561
239,51579
493,51626
494,51627
424,51642
425,51643
95,51654
428,51663
352,51699
353,51700
472,51703
135,51741
136,51742
468,51810
446,51814
286,51855
248,51905
470,51932
461,51947
390,51986
202,51988
362,51988
503,52011
423,52030
424,52031
333,52067
491,52084
505,52085
504,52097
505,52098
286,52112
162,52113
256,52163
203,52165
204,52166
205,52167
469,52260
167,52264
348,52313
425,52319
448,52326
390,52381
391,52382
518,52392
139,52427
363,52454
376,52454
531,52507
504,52508
134,52534
135,52535
352,52566
423,52599
424,52600
425,52601
471,52607
228,52618
443,52634
415,52636
361,52647
284,52679
503,52686
504,52687
426,52696
470,52705
255,52718
143,52719
129,52730
74,52731
176,52792
424,52802
425,52803
469,52851
423,52870
139,52871
140,52872
141,52873
142,52874
471,52888
472,52932
137,53021
167,53080
429,53139
175,53151
176,53152
352,53154
383,53166
141,53206
363,53231
376,53231
176,53245
531,53265
532,53266
353,53289
354,53290
301,53298
469,53313
286,53368
162,53369
372,53393
352,53481
353,53482
372,53515
382,53516
388,53534
493,53535
494,53536
461,53540
95,53553
361,53604
471,53614
472,53615
372,53654
373,53655
439,53655
374,53656
435,53720
187,53764
167,53783
363,53825
376,53825
101,53828
469,53840
470,53841
471,53842
524,53846
525,53847
248,53882
228,53908
229,53909
95,53914
505,54053
384,54107
385,54108
137,54128
364,54203
377,54203
138,54216
396,54226
289,54396
454,54413
177,54416
373,54488
439,54488
424,54512
95,54522
468,54536
382,54562
468,54588
396,54598
163,54632
387,54633
385,54634
256,54658
141,54670
142,54671
440,54801
468,54806
180,54808
198,54831
469,54834
470,54835
471,54836
202,54861
362,54861
190,54889
381,54904
373,54905
439,54905
361,54956
167,54971
75,54975
382,54978
525,54983
491,54996
532,55012
372,55046
202,55064
362,55064
436,55095
437,55096
438,55097
382,55098
383,55099
384,55100
388,55101
186,55111
442,55134
177,55151
353,55154
468,55310
228,55333
494,55348
493,55368
202,55457
362,55457
203,55473
505,55607
138,55706
112,55721
202,55730
362,55730
373,55737
439,55737
469,55761
131,55790
190,55822
352,55872
533,55904
352,56010
162,56033
163,56034
361,56055
202,56056
362,56056
203,56057
204,56058
469,56092
469,56095
470,56096
415,56106
95,56169
163,56259
95,56298
386,56301
418,56317
174,56324
95,56352
353,56393
469,56403
468,56417
504,56431
505,56432
470,56470
471,56471
353,56482
491,56505
167,56539
503,56571
435,56594
389,56630
390,56631
373,56640
439,56640
374,56641
375,56642
505,56671
504,56700
374,56759
503,56788
504,56789
492,56804
493,56805
163,56822
206,56827
239,56874
493,56925
248,56999
348,57003
423,57011
457,57034
423,57065
95,57076
389,57099
390,57100
94,57104
142,57125
186,57133
163,57193
118,57209
112,57224
426,57230
468,57240
469,57241
257,57295
375,57297
390,57316
391,57317
373,57331
439,57331
425,57350
186,57431
363,57464
376,57464
210,57477
361,57503
202,57504
362,57504
198,57522
199,57523
382,57539
202,57581
362,57581
503,57647
504,57648
162,57680
423,57689
352,57715
353,57716
95,57759
386,57762
288,57774
424,57775
204,57776
205,57777
505,57804
373,57817
439,57817
256,57864
373,57890
439,57890
374,57891
258,57892
138,57896
364,57898
377,57898
505,57948
180,57970
493,57977
423,58101
469,58149
373,58175
439,58175
228,58233
229,58234
448,58239
426,58263
427,58264
129,58289
137,58303
470,58327
202,58349
362,58349
286,58374
162,58375
288,58411
373,58454
439,58454
494,58522
352,58620
248,58655
166,58681
167,58682
471,58688
334,58695
361,58710
258,58712
259,58713
390,58741
137,58775
221,58840
175,58847
166,58882
390,58926
391,58927
424,58928
468,58934
437,58957
438,58958
256,58967
95,58974
129,58985
137,59067
390,59172
333,59182
526,59203
409,59207
440,59211
267,59247
288,59252
492,59308
202,59437
362,59437
418,59516
419,59517
372,59519
174,59590
176,59610
391,59622
424,59623
425,59624
167,59663
461,59665
531,59700
504,59701
166,59766
167,59767
256,59782
