381,88
281,122
188,126
189,127
247,149
78,244
364,244
346,245
365,245
436,365
437,366
338,368
472,368
473,368
338,369
472,369
473,369
338,370
472,370
473,370
319,371
339,371
340,372
369,372
437,381
413,412
235,463
236,464
397,570
483,605
242,649
241,796
317,796
318,797
337,797
471,797
338,798
472,798
473,798
151,925
338,937
472,937
473,937
338,938
472,938
473,938
78,941
364,941
270,969
437,970
287,972
288,973
289,974
290,975
137,1044
470,1044
439,1046
338,1065
472,1065
473,1065
319,1066
339,1066
331,1094
187,1099
227,1140
433,1140
271,1192
270,1223
437,1224
233,1297
439,1303
105,1357
319,1391
339,1391
126,1400
444,1426
445,1427
453,1516
384,1527
313,1538
386,1569
243,1582
444,1669
445,1670
446,1671
452,1712
453,1713
437,1725
238,1828
239,1829
285,1839
437,1875
106,1932
453,1971
227,2004
433,2004
89,2079
90,2080
90,2145
411,2152
137,2159
470,2159
78,2174
364,2174
79,2175
338,2200
472,2200
473,2200
319,2201
339,2201
104,2205
151,2239
363,2242
137,2268
470,2268
318,2269
337,2269
471,2269
319,2270
339,2270
338,2278
472,2278
473,2278
338,2279
472,2279
473,2279
319,2280
339,2280
320,2281
238,2344
239,2345
206,2359
240,2369
411,2440
137,2473
470,2473
338,2489
472,2489
473,2489
338,2490
472,2490
473,2490
338,2491
472,2491
473,2491
338,2492
472,2492
473,2492
338,2493
472,2493
473,2493
494,2499
451,2506
452,2507
319,2510
339,2510
320,2511
318,2523
337,2523
471,2523
474,2524
479,2555
223,2580
116,2634
117,2635
449,2645
450,2646
366,2749
138,2756
286,2756
336,2771
279,2776
227,2796
433,2796
434,2797
435,2798
444,2821
318,2826
337,2826
471,2826
319,2827
339,2827
340,2828
369,2828
319,2861
339,2861
413,2883
386,2952
435,2954
436,2955
271,2956
435,2958
436,2959
437,2960
227,2985
433,2985
434,2986
435,2987
436,2988
271,2989
386,3042
413,3067
438,3142
439,3143
281,3148
386,3201
223,3222
484,3226
188,3272
359,3305
248,3366
444,3370
188,3425
443,3435
338,3465
472,3465
473,3465
338,3466
472,3466
473,3466
338,3467
472,3467
473,3467
319,3468
339,3468
320,3469
443,3540
444,3541
435,3556
436,3557
126,3584
340,3658
369,3658
238,3705
386,3759
227,3795
433,3795
446,3839
340,3844
369,3844
318,3888
337,3888
471,3888
474,3889
475,3890
90,3923
159,3986
452,3989
444,4039
247,4082
370,4106
436,4121
318,4138
337,4138
471,4138
338,4139
472,4139
473,4139
319,4140
339,4140
320,4141
437,4192
485,4232
385,4255
318,4281
337,4281
471,4281
238,4336
443,4344
444,4345
138,4358
286,4358
438,4380
469,4388
137,4389
470,4389
318,4390
337,4390
471,4390
319,4391
339,4391
437,4440
336,4497
318,4498
337,4498
471,4498
338,4499
472,4499
473,4499
227,4509
433,4509
483,4539
126,4600
397,4779
484,4802
137,4849
470,4849
318,4850
337,4850
471,4850
237,4867
453,4899
248,4920
318,4951
337,4951
471,4951
319,4952
339,4952
321,4969
188,4979
238,5019
484,5044
187,5090
443,5127
241,5149
317,5149
242,5150
238,5202
435,5226
436,5227
437,5228
451,5238
223,5281
161,5344
285,5368
436,5426
137,5448
470,5448
444,5454
445,5455
340,5499
369,5499
78,5552
364,5552
223,5562
240,5611
162,5640
155,5654
319,5662
339,5662
238,5682
483,5755
447,5805
161,5862
285,5932
189,5953
483,5993
484,5994
444,6061
490,6089
137,6204
470,6204
242,6205
449,6225
126,6282
432,6335
227,6336
433,6336
437,6345
338,6364
472,6364
473,6364
319,6365
339,6365
340,6366
369,6366
341,6367
342,6368
137,6409
470,6409
436,6416
444,6454
240,6468
80,6475
284,6477
443,6545
443,6591
444,6592
445,6593
271,6595
250,6622
443,6651
350,6657
155,6714
321,6738
485,6761
138,6813
286,6813
441,6904
189,6907
241,6915
317,6915
443,7019
159,7077
443,7083
397,7281
484,7304
443,7361
189,7365
383,7433
336,7519
240,7524
443,7542
443,7575
319,7581
339,7581
126,7604
189,7606
437,7610
366,7625
106,7633
435,7661
436,7662
469,7671
248,7713
227,7734
433,7734
227,7776
433,7776
227,7890
433,7890
315,7907
238,7958
223,7970
241,8013
317,8013
227,8034
433,8034
284,8177
240,8192
347,8333
431,8391
432,8392
227,8393
433,8393
434,8394
443,8514
104,8556
443,8559
189,8580
397,8592
442,8626
443,8627
444,8628
247,8660
435,8672
436,8673
437,8674
271,8730
272,8731
443,8799
137,8841
470,8841
318,8842
337,8842
471,8842
319,8843
339,8843
340,8844
369,8844
435,8845
443,8892
223,8947
239,9046
260,9090
386,9268
386,9324
238,9373
239,9374
413,9417
270,9455
442,9500
443,9501
126,9566
105,9575
397,9593
443,9612
483,9640
289,9686
290,9687
238,9722
442,9761
443,9762
281,9778
442,9867
443,9868
453,9877
453,9904
436,9915
444,9921
242,9943
483,9984
241,10090
317,10090
464,10092
465,10093
466,10094
453,10106
155,10119
361,10133
434,10135
227,10146
433,10146
453,10231
187,10241
385,10275
227,10323
433,10323
239,10331
483,10388
437,10440
287,10442
453,10506
343,10597
247,10607
413,10746
437,10755
155,10759
247,10790
287,10824
386,10836
270,10877
271,10878
341,10880
237,10892
384,10894
385,10895
435,10916
436,10917
227,10932
433,10932
385,10952
386,10953
434,10974
285,10991
138,10992
286,10992
126,11017
127,11018
484,11043
321,11140
443,11211
444,11212
227,11271
433,11271
318,11379
337,11379
471,11379
338,11380
472,11380
473,11380
319,11381
339,11381
397,11391
270,11396
271,11397
383,11426
223,11478
385,11495
194,11544
483,11590
397,11632
386,11722
120,11740
453,11766
386,11796
413,11815
238,11847
239,11848
240,11849
385,11898
351,11935
137,12058
470,12058
451,12084
316,12157
443,12168
137,12204
470,12204
340,12206
369,12206
248,12234
447,12281
355,12291
452,12309
336,12323
318,12324
337,12324
471,12324
188,12411
443,12470
155,12519
338,12550
472,12550
473,12550
466,12562
386,12567
435,12575
436,12597
437,12598
239,12659
150,12669
270,12712
271,12713
137,12789
470,12789
318,12790
337,12790
471,12790
338,12791
472,12791
473,12791
397,12804
223,12812
320,12856
452,12881
320,12938
396,12986
397,12987
161,13015
386,13083
436,13119
437,13120
413,13154
385,13196
443,13332
363,13381
366,13409
362,13472
233,13512
329,13575
330,13576
90,13634
446,13753
447,13754
313,13789
444,13805
227,13838
433,13838
434,13839
435,13840
126,13882
366,13891
386,13943
105,13994
155,14005
106,14010
366,14014
117,14026
79,14045
271,14057
385,14116
436,14123
443,14158
384,14179
385,14180
247,14206
105,14246
419,14252
137,14269
470,14269
248,14285
384,14303
355,14322
356,14323
271,14349
442,14374
443,14375
227,14441
433,14441
413,14552
453,14603
303,14618
227,14672
433,14672
137,14730
470,14730
366,14827
434,14829
227,14864
433,14864
441,14952
442,14953
443,14954
383,14980
445,14991
445,15139
446,15140
447,15141
437,15164
444,15170
242,15186
189,15200
188,15254
397,15341
413,15372
453,15396
454,15397
443,15404
444,15405
445,15406
271,15408
350,15421
240,15424
435,15427
436,15428
385,15466
383,15526
384,15527
443,15548
126,15610
270,15620
271,15621
247,15646
449,15649
126,15651
413,15725
284,15754
90,15787
270,15866
126,15885
270,15900
437,15901
386,15968
270,15985
271,15986
397,15995
453,16028
397,16087
435,16114
105,16144
443,16160
370,16165
284,16175
385,16182
126,16189
270,16199
434,16223
411,16243
446,16295
249,16326
466,16393
366,16396
271,16406
318,16429
337,16429
471,16429
413,16480
443,16487
444,16488
442,16549
443,16550
117,16637
340,16700
369,16700
446,16712
474,16734
410,16744
116,16764
117,16765
318,16819
337,16819
471,16819
338,16820
472,16820
473,16820
240,16866
241,16867
317,16867
138,16868
286,16868
155,16871
234,16967
240,17008
435,17011
267,17021
126,17083
238,17109
223,17171
227,17174
433,17174
234,17181
469,17187
453,17213
320,17254
226,17260
227,17261
433,17261
328,17264
329,17265
330,17266
331,17267
332,17268
333,17269
334,17270
335,17271
331,17278
316,17335
227,17351
433,17351
434,17352
435,17353
436,17354
437,17355
438,17356
239,17392
483,17393
385,17399
313,17407
234,17417
235,17418
483,17442
484,17443
483,17503
359,17549
437,17571
247,17578
483,17640
320,17664
137,17723
470,17723
138,17724
286,17724
223,17828
419,17852
235,17859
236,17860
444,17901
270,17909
440,17912
441,17913
442,17914
443,17915
385,17930
435,17940
451,17994
452,17995
453,17996
331,18006
285,18016
451,18032
247,18121
329,18129
330,18130
331,18131
247,18154
449,18183
271,18221
238,18306
469,18309
137,18310
470,18310
318,18311
337,18311
471,18311
137,18329
470,18329
242,18330
223,18335
386,18374
227,18410
433,18410
483,18443
385,18510
340,18513
369,18513
437,18573
437,18620
320,18622
126,18643
434,18666
435,18667
397,18702
366,18850
247,18904
412,18959
331,19010
434,19068
271,19169
287,19191
453,19206
340,19247
369,19247
366,19276
227,19328
433,19328
188,19356
315,19390
316,19391
453,19408
238,19415
239,19416
240,19417
453,19424
443,19499
444,19500
445,19501
413,19513
227,19577
433,19577
385,19614
279,19629
443,19637
227,19661
433,19661
434,19662
341,19663
437,19672
241,19677
317,19677
138,19678
286,19678
444,19698
227,19721
433,19721
227,19730
433,19730
434,19731
443,19769
444,19770
385,19816
366,19866
238,19911
239,19912
483,19913
227,19985
433,19985
227,19997
433,19997
485,20002
435,20007
189,20117
437,20121
338,20123
472,20123
473,20123
483,20144
227,20162
433,20162
188,20178
359,20189
385,20202
138,20210
286,20210
287,20211
287,20221
319,20245
339,20245
436,20273
281,20287
280,20432
271,20459
387,20460
151,20499
227,20513
433,20513
466,20565
334,20570
335,20571
285,20592
126,20651
240,20674
435,20778
436,20779
271,20780
419,20792
238,20806
118,20850
385,20893
240,20947
318,21093
337,21093
471,21093
474,21094
443,21239
444,21240
315,21243
316,21244
189,21272
453,21311
338,21348
472,21348
473,21348
90,21366
270,21394
271,21395
387,21396
188,21496
189,21497
483,21598
483,21625
484,21626
400,21633
240,21687
227,21795
433,21795
441,21814
442,21815
443,21816
318,21846
337,21846
471,21846
319,21847
339,21847
226,21900
227,21901
433,21901
443,21918
443,21930
386,21981
321,21983
385,22029
236,22067
343,22089
270,22105
437,22106
284,22126
285,22127
318,22128
337,22128
471,22128
439,22130
419,22165
281,22194
383,22352
444,22396
271,22416
284,22449
385,22593
137,22627
470,22627
106,22653
150,22656
443,22737
189,22761
434,22771
435,22772
436,22773
437,22774
288,22810
188,22821
485,22823
385,22835
386,22836
331,22868
485,22901
188,22905
318,22929
337,22929
471,22929
319,22930
339,22930
318,22955
337,22955
471,22955
319,22956
339,22956
437,22969
126,23034
443,23058
437,23083
238,23173
239,23174
386,23205
150,23283
397,23301
239,23342
483,23343
319,23414
339,23414
170,23446
443,23478
443,23507
238,23524
271,23539
235,23646
236,23647
331,23666
90,23669
290,23673
159,23688
285,23731
138,23732
286,23732
483,23741
436,23765
126,23841
189,23843
223,23871
118,23896
452,23908
483,23936
385,23978
318,24000
337,24000
471,24000
319,24001
339,24001
397,24039
444,24065
168,24139
271,24156
435,24158
436,24159
223,24188
155,24198
443,24276
451,24294
452,24295
320,24298
90,24323
443,24339
238,24349
331,24358
114,24454
115,24455
248,24510
241,24520
317,24520
437,24526
227,24545
433,24545
333,24561
334,24562
188,24589
189,24590
189,24594
117,24606
384,24646
385,24647
397,24657
118,24673
137,24692
470,24692
237,24759
137,24878
470,24878
366,24935
126,24986
284,25003
285,25004
318,25005
337,25005
471,25005
338,25006
472,25006
473,25006
338,25007
472,25007
473,25007
474,25008
475,25009
385,25013
386,25014
385,25043
386,25044
90,25082
137,25102
470,25102
445,25118
465,25122
287,25132
359,25163
284,25291
285,25292
227,25326
433,25326
434,25327
435,25328
239,25345
483,25346
137,25356
470,25356
318,25357
337,25357
471,25357
189,25415
172,25460
173,25461
240,25465
361,25488
385,25557
320,25614
240,25691
444,25760
445,25761
437,25763
319,25782
339,25782
412,25856
483,25885
484,25886
385,25900
434,25905
453,25916
385,25941
437,25974
413,25991
195,25993
483,26040
484,26041
240,26044
227,26099
433,26099
449,26105
126,26130
239,26172
434,26226
435,26227
436,26228
240,26257
444,26283
396,26290
413,26356
161,26621
127,26624
189,26662
287,26755
288,26756
411,26772
227,26787
433,26787
279,26791
284,26860
239,26907
366,26945
137,27017
470,27017
385,27060
316,27081
126,27140
260,27174
271,27196
247,27211
319,27235
339,27235
189,27245
187,27303
188,27304
189,27305
483,27348
271,27353
435,27355
370,27417
413,27432
155,27467
468,27509
469,27510
280,27515
434,27540
260,27584
385,27626
318,27662
337,27662
471,27662
474,27663
397,27844
444,27863
445,27864
359,27868
270,27891
437,27892
438,27893
340,27945
369,27945
227,27988
433,27988
350,27998
189,28060
436,28078
437,28079
434,28112
126,28148
189,28150
385,28173
444,28279
343,28282
117,28298
434,28366
435,28367
436,28368
354,28394
331,28464
386,28509
356,28516
446,28571
447,28615
437,28675
338,28677
472,28677
473,28677
137,28792
470,28792
204,28842
138,28854
286,28854
331,28856
285,28877
318,28878
337,28878
471,28878
248,28941
271,28945
469,28960
437,29026
444,29074
451,29082
137,29119
470,29119
318,29120
337,29120
471,29120
127,29185
240,29214
241,29215
317,29215
319,29237
339,29237
385,29249
449,29263
453,29315
237,29337
434,29398
435,29399
436,29400
434,29506
452,29638
453,29639
435,29641
436,29642
271,29643
285,29697
318,29698
337,29698
471,29698
474,29699
240,29729
241,29740
317,29740
138,29741
286,29741
188,29765
318,29774
337,29774
471,29774
338,29775
472,29775
473,29775
443,29800
443,29844
444,29845
318,29858
337,29858
471,29858
170,30055
442,30102
443,30103
288,30125
315,30133
469,30176
137,30177
470,30177
138,30178
286,30178
336,30194
340,30196
369,30196
435,30197
447,30199
413,30252
448,30273
449,30274
126,30276
484,30310
338,30320
472,30320
473,30320
338,30321
472,30321
473,30321
411,30389
223,30432
281,30436
319,30441
339,30441
320,30442
438,30493
439,30494
227,30518
433,30518
434,30519
386,30533
78,30554
364,30554
346,30555
365,30555
483,30569
437,30603
413,30725
280,30740
241,30755
317,30755
242,30756
316,30779
383,30855
338,30911
472,30911
473,30911
338,30912
472,30912
473,30912
474,30913
464,30914
434,30967
118,30971
469,30977
318,30982
337,30982
471,30982
469,31043
137,31044
470,31044
318,31045
337,31045
471,31045
474,31046
413,31051
289,31072
290,31073
346,31107
365,31107
284,31114
289,31153
318,31165
337,31165
471,31165
338,31166
472,31166
473,31166
319,31167
339,31167
363,31268
239,31276
238,31299
239,31300
483,31301
189,31308
469,31328
137,31329
470,31329
318,31330
337,31330
471,31330
338,31331
472,31331
473,31331
287,31333
136,31362
363,31368
384,31390
385,31391
386,31392
385,31402
226,31418
227,31419
433,31419
437,31468
475,31470
241,31490
317,31490
138,31491
286,31491
386,31546
435,31548
436,31549
437,31550
188,31674
483,31735
227,31824
433,31824
366,31878
136,31956
186,31976
187,31977
188,31978
189,31979
444,32031
445,32032
446,32033
106,32047
279,32066
437,32114
338,32116
472,32116
473,32116
319,32117
339,32117
435,32185
240,32225
453,32238
436,32270
288,32281
223,32326
451,32365
452,32366
281,32384
469,32451
385,32478
386,32479
328,32482
270,32496
189,32551
444,32558
436,32594
223,32603
452,32647
449,32705
126,32707
434,32763
314,32765
188,32773
451,32812
452,32813
453,32814
485,32892
469,32921
320,32927
444,32990
445,32991
437,32993
447,33012
448,33013
449,33014
225,33060
105,33063
384,33116
242,33121
243,33122
485,33135
449,33148
242,33203
449,33206
284,33230
285,33231
242,33232
444,33257
445,33258
138,33359
286,33359
331,33361
240,33364
468,33377
469,33378
137,33379
470,33379
126,33441
137,33504
470,33504
138,33505
286,33505
413,33667
240,33690
412,33710
386,33714
435,33716
483,33741
483,33754
484,33755
437,33785
434,33813
169,33820
170,33821
281,33841
284,33871
437,33899
189,33910
189,33954
340,34071
369,34071
435,34072
447,34074
137,34099
470,34099
318,34100
337,34100
471,34100
411,34111
78,34132
364,34132
223,34144
385,34188
338,34191
472,34191
473,34191
319,34192
339,34192
340,34193
369,34193
241,34216
317,34216
138,34255
286,34255
137,34286
470,34286
318,34287
337,34287
471,34287
319,34288
339,34288
242,34293
411,34296
412,34297
413,34298
363,34304
318,34337
337,34337
471,34337
333,34365
334,34366
484,34381
444,34427
385,34457
186,34542
187,34543
188,34544
434,34647
118,34651
321,34705
385,34730
434,34759
271,34801
247,34840
248,34841
449,34874
483,34936
469,34970
137,34971
470,34971
242,34972
243,34973
413,35013
270,35068
437,35069
437,35081
338,35083
472,35083
473,35083
243,35085
189,35202
241,35237
317,35237
446,35295
397,35316
287,35322
248,35384
249,35385
105,35499
106,35500
479,35519
449,35525
319,35591
339,35591
320,35592
319,35618
339,35618
437,35694
444,35709
227,35738
433,35738
434,35739
435,35740
436,35741
435,35777
436,35778
290,35801
226,35810
227,35811
433,35811
434,35812
341,35813
342,35814
386,35906
288,35988
90,35999
447,36051
188,36152
341,36166
469,36197
137,36198
470,36198
318,36199
337,36199
471,36199
338,36200
472,36200
473,36200
338,36201
472,36201
473,36201
319,36202
339,36202
247,36271
285,36349
320,36429
198,36509
238,36528
356,36545
117,36562
483,36581
356,36642
479,36737
189,36779
78,36806
364,36806
449,36817
89,36829
90,36830
386,36886
485,36891
188,36895
331,36930
188,36973
485,36975
447,37055
441,37078
435,37114
436,37115
241,37128
317,37128
270,37193
271,37194
318,37253
337,37253
471,37253
432,37299
227,37300
433,37300
318,37355
337,37355
471,37355
474,37356
475,37357
443,37410
453,37515
443,37541
238,37549
437,37589
338,37591
472,37591
473,37591
474,37592
419,37629
420,37630
331,37667
118,37725
159,37766
437,37841
442,37855
443,37856
444,37857
240,37905
383,37939
483,37955
436,37958
437,37959
484,38022
453,38080
383,38121
384,38122
385,38123
137,38148
470,38148
194,38157
338,38165
472,38165
473,38165
319,38166
339,38166
159,38283
223,38286
485,38300
163,38309
137,38325
470,38325
281,38374
338,38392
472,38392
473,38392
338,38393
472,38393
473,38393
338,38394
472,38394
473,38394
287,38396
483,38523
240,38538
382,38572
241,38584
317,38584
320,38586
350,38588
351,38589
320,38622
304,38694
305,38695
444,38764
445,38765
446,38874
447,38875
126,38904
237,38952
443,38968
443,38974
105,39016
187,39055
293,39120
288,39144
386,39155
437,39200
438,39201
248,39228
271,39247
328,39250
453,39286
444,39298
385,39318
386,39319
223,39340
270,39345
436,39433
271,39434
434,39478
445,39518
385,39612
386,39613
189,39651
444,39683
271,39721
248,39794
159,39804
89,39845
90,39846
237,39864
445,39887
436,39891
271,39892
386,39927
355,39957
356,39958
238,39964
239,39965
240,39966
443,39993
271,40033
396,40117
223,40127
350,40142
159,40181
437,40185
340,40187
369,40187
451,40239
241,40279
317,40279
479,40296
161,40310
329,40328
383,40417
384,40418
385,40419
437,40485
386,40543
241,40737
317,40737
138,40738
286,40738
444,40750
465,40761
439,40787
161,40835
90,40855
483,40866
484,40867
485,40868
248,40979
434,41107
435,41108
436,41109
453,41182
238,41186
383,41227
384,41228
119,41233
137,41291
470,41291
318,41292
337,41292
471,41292
319,41293
339,41293
270,41316
437,41317
320,41319
321,41320
363,41342
159,41358
452,41361
78,41382
364,41382
199,41405
239,41501
316,41537
479,41562
227,41570
433,41570
436,41601
271,41602
385,41634
238,41641
238,41674
437,41683
78,41686
364,41686
436,41788
437,41789
438,41790
444,41872
336,41902
483,41916
419,41931
188,41939
434,41960
435,41961
436,41962
484,41984
352,41986
106,42011
465,42057
138,42070
286,42070
413,42092
435,42111
436,42112
434,42127
370,42128
238,42217
188,42380
247,42404
248,42405
187,42421
413,42427
437,42437
438,42438
443,42511
443,42601
138,42668
286,42668
385,42714
484,42719
437,42726
227,42758
433,42758
437,42791
238,42796
239,42797
240,42798
239,42815
483,42816
188,42830
413,42839
444,42863
238,42884
441,42908
187,42952
188,42953
78,42971
364,42971
79,42972
483,43017
89,43033
90,43034
239,43088
386,43191
227,43226
433,43226
483,43254
443,43329
444,43356
227,43459
433,43459
444,43526
445,43527
437,43529
451,43552
410,43555
363,43583
78,43584
364,43584
443,43616
240,43624
241,43625
317,43625
320,43627
446,43718
436,43759
271,43760
434,43822
162,43831
227,43858
433,43858
434,43859
341,43860
342,43861
271,43868
413,43912
469,43920
270,43934
476,43937
226,43996
227,43997
433,43997
447,44039
138,44089
286,44089
469,44102
137,44103
470,44103
242,44104
238,44149
488,44200
436,44235
271,44236
248,44270
413,44305
435,44319
436,44320
249,44362
479,44391
363,44412
78,44413
364,44413
346,44414
365,44414
413,44434
453,44455
187,44465
241,44526
317,44526
260,44586
484,44596
227,44645
433,44645
434,44646
435,44647
436,44648
238,44659
239,44660
483,44661
271,44676
443,44718
444,44719
247,44876
396,44927
397,44928
386,44984
434,44994
435,44995
187,45004
227,45012
433,45012
434,45013
126,45031
137,45043
470,45043
320,45045
250,45082
448,45089
340,45108
369,45108
105,45115
451,45245
452,45246
453,45247
437,45319
126,45469
127,45470
352,45491
443,45494
361,45508
118,45516
444,45565
483,45585
238,45589
126,45617
485,45620
443,45628
444,45644
445,45645
446,45646
270,45696
437,45697
116,45705
117,45706
227,45734
433,45734
443,45742
238,45746
239,45747
161,45864
162,45865
188,45911
453,45925
443,45937
387,45963
447,45978
241,45982
317,45982
413,45994
247,46012
236,46024
206,46054
137,46060
470,46060
290,46071
490,46125
189,46165
188,46205
189,46206
138,46219
286,46219
287,46220
386,46251
316,46378
227,46384
433,46384
280,46424
235,46536
280,46549
237,46592
238,46593
239,46594
223,46611
239,46624
483,46631
126,46656
189,46658
453,46687
290,46706
442,46843
443,46844
449,46895
453,46922
435,46924
284,46947
119,46949
449,47000
223,47151
126,47252
197,47284
236,47300
188,47308
479,47325
383,47353
227,47390
433,47390
197,47557
331,47567
240,47570
332,47584
479,47627
137,47687
470,47687
242,47688
159,47697
223,47726
436,47799
483,47822
137,47842
470,47842
126,47876
386,47883
227,47978
433,47978
443,48011
319,48051
339,48051
279,48062
242,48150
437,48209
194,48214
195,48215
357,48237
126,48302
316,48386
350,48408
434,48494
250,48580
318,48632
337,48632
471,48632
319,48633
339,48633
248,48650
483,48793
90,48809
126,48845
444,48904
443,48945
444,48946
445,48947
137,48991
470,48991
475,48993
238,49005
464,49026
187,49032
188,49033
469,49089
137,49090
470,49090
155,49123
238,49188
187,49287
479,49322
250,49335
436,49346
437,49347
385,49352
385,49379
386,49380
305,49411
126,49494
127,49495
126,49522
271,49575
387,49576
187,49587
188,49588
189,49589
385,49610
385,49718
386,49719
272,49720
273,49721
319,49725
339,49725
437,49762
449,49803
126,49805
437,49815
469,49824
413,49869
397,49898
319,49938
339,49938
444,49942
386,49966
137,50025
470,50025
479,50033
437,50091
78,50138
364,50138
453,50209
385,50231
386,50232
387,50233
271,50242
270,50260
437,50261
447,50354
434,50373
453,50400
434,50407
236,50410
237,50411
436,50540
271,50541
452,50572
281,50588
284,50631
386,50636
318,50645
337,50645
471,50645
319,50646
339,50646
384,50686
385,50687
444,50741
451,50799
483,50819
226,50837
227,50838
433,50838
271,50852
479,50903
444,50917
289,51052
386,51072
444,51102
413,51110
270,51161
271,51162
451,51202
452,51203
453,51204
189,51216
483,51232
238,51310
290,51338
270,51383
437,51384
241,51482
317,51482
138,51483
286,51483
483,51539
236,51550
237,51551
238,51552
239,51553
240,51554
434,51560
250,51617
435,51643
436,51644
271,51645
227,51738
433,51738
434,51739
443,51810
466,51960
248,52009
341,52032
342,52033
361,52066
434,52068
483,52085
239,52097
483,52098
453,52120
340,52165
369,52165
314,52167
126,52173
189,52175
126,52182
484,52190
447,52229
345,52241
479,52253
451,52311
227,52317
433,52317
434,52318
435,52319
436,52320
271,52321
161,52334
437,52405
189,52431
239,52508
419,52543
435,52601
436,52602
239,52687
447,52773
435,52803
436,52804
271,52805
444,52831
445,52832
356,52843
189,52889
453,52959
439,52976
126,53000
189,53036
186,53114
187,53115
188,53116
189,53117
270,53164
410,53183
453,53196
444,53217
445,53218
363,53331
385,53393
316,53466
227,53472
433,53472
385,53515
318,53605
337,53605
471,53605
338,53606
472,53606
473,53606
78,53609
364,53609
444,53628
385,53654
490,53703
227,53732
433,53732
238,53736
249,54035
483,54053
452,54070
453,54071
316,54104
453,54148
465,54255
466,54256
453,54334
447,54389
316,54458
159,54477
320,54490
441,54534
442,54535
443,54536
479,54551
442,54587
443,54588
413,54627
281,54635
453,54672
315,54701
316,54702
270,54709
223,54760
247,54776
437,54800
443,54806
223,54819
137,54860
470,54860
138,54957
286,54957
413,54973
453,55017
385,55046
386,55047
137,55063
470,55063
469,55131
119,55133
227,55232
433,55232
187,55284
443,55310
126,55362
331,55416
438,55436
479,55451
453,55464
340,55473
369,55473
483,55607
436,55631
238,55713
336,55729
238,55764
469,55791
137,55792
470,55792
242,55793
451,55833
89,55888
90,55889
447,56018
340,56057
369,56057
118,56147
223,56373
443,56417
444,56418
239,56431
483,56432
240,56506
188,56522
247,56568
248,56569
247,56583
319,56642
339,56642
356,56651
331,56654
483,56671
237,56698
238,56699
239,56700
227,56706
433,56706
437,56758
338,56760
472,56760
473,56760
315,56783
316,56784
239,56789
240,56876
479,56975
281,57079
279,57097
284,57132
281,57140
443,57240
223,57279
338,57296
472,57296
473,57296
319,57297
339,57297
320,57298
270,57347
271,57348
435,57350
447,57352
411,57354
329,57424
330,57425
331,57426
284,57430
225,57486
451,57493
458,57521
506,57521
241,57580
317,57580
328,57584
329,57585
159,57618
160,57619
239,57648
490,57696
241,57709
317,57709
444,57735
356,57768
314,57777
315,57778
444,57795
445,57796
271,57798
483,57804
331,57820
138,57884
286,57884
155,57906
483,57948
350,57951
437,58089
444,58113
247,58159
320,58177
466,58191
397,58280
384,58363
452,58468
453,58469
281,58500
453,58517
270,58548
118,58579
227,58694
433,58694
287,58703
318,58711
337,58711
471,58711
238,58869
270,58902
313,58919
442,58933
443,58934
318,58946
337,58946
471,58946
338,58947
472,58947
473,58947
452,58966
194,58992
281,59085
421,59136
270,59209
437,59210
249,59291
250,59292
270,59296
437,59297
432,59323
227,59324
433,59324
452,59386
247,59406
241,59436
317,59436
385,59519
453,59569
435,59624
447,59626
238,59646
189,59658
239,59701
240,59702
270,59742
451,59780
452,59781
243,59784
