381,108
471,109
443,127
384,348
476,367
439,371
191,402
235,453
178,458
247,492
382,525
385,538
470,561
382,562
383,563
276,577
304,606
304,640
382,655
176,656
177,657
441,761
442,762
436,795
437,796
438,797
390,830
178,835
476,936
477,939
246,964
478,972
451,1002
439,1066
440,1067
306,1069
441,1142
433,1206
434,1207
337,1213
440,1226
119,1235
310,1238
448,1258
479,1363
439,1391
246,1402
147,1455
148,1456
475,1457
133,1473
476,1481
433,1520
476,1580
385,1591
261,1646
327,1681
403,1765
404,1766
307,1828
383,1832
476,1876
389,1932
390,1933
314,1979
285,2133
286,2134
98,2175
476,2199
439,2201
402,2202
403,2203
404,2204
479,2211
402,2235
438,2269
439,2270
476,2277
439,2280
335,2284
336,2285
425,2326
307,2344
479,2372
111,2405
451,2438
401,2474
402,2475
439,2510
438,2523
381,2541
450,2584
436,2619
190,2635
441,2680
470,2681
382,2682
211,2739
401,2772
440,2773
212,2797
438,2826
439,2827
439,2861
449,2888
458,2939
212,2986
382,2995
383,2996
234,3083
471,3109
192,3118
458,3174
441,3209
303,3225
404,3275
336,3320
400,3331
401,3332
440,3333
441,3334
303,3345
304,3346
254,3378
451,3404
439,3468
384,3636
385,3637
307,3705
425,3756
401,3843
191,3866
438,3888
235,3927
192,3943
451,3995
210,4124
211,4125
438,4138
439,4140
382,4180
176,4181
302,4249
438,4281
448,4291
191,4303
307,4336
339,4388
438,4390
439,4391
340,4411
337,4459
438,4498
477,4500
134,4625
458,4752
462,4766
303,4801
369,4817
370,4818
371,4819
372,4820
438,4850
477,4851
209,4852
210,4853
211,4854
441,4901
470,4902
382,4903
383,4904
438,4951
439,4952
440,4953
152,4959
192,4968
307,5019
234,5042
303,5043
248,5065
437,5149
307,5202
191,5224
448,5269
449,5270
120,5302
417,5302
121,5311
382,5374
383,5375
450,5377
448,5422
210,5438
211,5439
401,5498
235,5504
470,5510
382,5511
415,5594
192,5605
335,5608
336,5609
439,5662
306,5681
307,5682
115,5719
442,5748
304,5756
305,5757
442,5916
401,5933
402,5934
403,5935
443,5953
314,5979
311,6039
451,6106
211,6156
382,6162
176,6163
403,6213
404,6214
170,6228
382,6284
119,6293
433,6340
402,6347
476,6363
439,6365
385,6385
458,6405
401,6410
440,6411
441,6412
442,6413
99,6475
451,6586
440,6606
440,6874
306,6876
443,6907
444,6908
437,6915
401,6916
369,6990
370,6991
381,7026
415,7027
310,7124
451,7175
440,7238
361,7260
337,7313
115,7329
470,7341
235,7348
443,7365
337,7393
178,7395
440,7407
388,7475
401,7520
402,7521
439,7581
443,7606
402,7612
389,7633
390,7634
382,7642
383,7643
115,7648
339,7671
441,7736
442,7737
304,7746
401,7752
440,7753
394,7757
395,7758
451,7844
441,7892
442,7893
385,7909
307,7958
305,7990
211,8004
441,8006
470,8007
471,8008
435,8011
436,8012
437,8013
114,8041
401,8127
440,8128
451,8201
191,8208
192,8209
471,8344
191,8376
212,8394
191,8531
403,8554
404,8555
443,8580
441,8699
470,8700
382,8701
383,8702
250,8757
470,8784
382,8785
383,8786
438,8842
439,8843
306,8879
398,9019
191,9030
261,9071
313,9150
314,9151
385,9169
440,9183
441,9184
470,9185
382,9186
470,9264
310,9317
382,9319
479,9335
381,9362
307,9373
382,9409
383,9410
383,9476
384,9477
133,9495
304,9641
334,9653
187,9668
415,9684
307,9722
303,9732
304,9733
442,9735
472,9779
234,9911
303,9912
458,9939
273,9950
304,9985
440,10051
437,10090
310,10115
212,10135
458,10188
369,10237
312,10243
313,10244
335,10267
336,10268
337,10269
261,10431
478,10442
312,10447
313,10448
314,10449
382,10486
383,10487
402,10547
448,10610
161,10719
398,10760
288,10784
285,10816
478,10824
424,10842
425,10843
401,10858
402,10859
479,10920
212,10974
303,11042
210,11239
211,11240
247,11302
447,11346
425,11360
441,11369
470,11370
438,11379
439,11381
440,11382
459,11447
178,11523
476,11528
477,11529
209,11530
192,11552
304,11591
303,11685
150,11739
151,11740
152,11741
403,11790
404,11791
176,11804
177,11805
307,11847
304,11868
442,11870
191,11967
401,12059
401,12205
263,12217
191,12269
246,12305
438,12324
335,12430
441,12515
470,12516
119,12543
122,12557
403,12583
336,12587
337,12588
414,12603
381,12621
415,12622
426,12722
438,12790
477,12792
381,12867
319,12900
398,12910
441,12934
400,12936
401,12937
477,12978
471,12984
472,12985
477,13037
191,13104
192,13149
471,13168
383,13226
319,13343
135,13464
178,13484
404,13592
192,13620
415,13626
415,13691
415,13698
111,13710
212,13839
441,13846
442,13847
404,13886
337,13906
398,14006
388,14009
389,14010
390,14011
190,14026
191,14027
98,14045
441,14059
337,14071
382,14076
381,14082
251,14097
319,14137
335,14396
441,14443
442,14444
335,14448
337,14463
451,14484
401,14544
402,14545
180,14567
176,14628
441,14674
442,14771
369,14811
370,14812
261,14823
262,14824
424,14825
212,14829
472,14870
441,14887
470,14888
382,14889
176,14890
458,14972
361,15017
414,15080
382,15111
191,15156
462,15162
442,15199
443,15200
382,15222
320,15286
146,15321
402,15329
262,15439
424,15440
441,15568
470,15569
382,15570
415,15600
337,15733
403,15785
209,15903
210,15904
211,15905
424,15915
451,15952
452,15953
441,15988
470,15989
476,16061
477,16062
145,16065
146,16152
212,16223
459,16296
288,16327
131,16388
438,16429
477,16430
425,16482
176,16528
177,16529
433,16609
190,16637
400,16698
401,16699
401,16716
402,16717
303,16739
459,16749
190,16765
191,16766
438,16819
477,16821
211,16850
437,16867
211,16898
304,16925
381,16951
471,16952
402,16976
191,17058
192,17059
150,17075
471,17085
307,17109
339,17187
402,17228
441,17274
382,17293
212,17352
337,17361
192,17385
114,17404
424,17421
119,17427
180,17435
304,17504
424,17507
425,17508
450,17547
289,17555
402,17573
403,17574
404,17575
449,17587
442,17716
314,17767
152,17812
285,17823
191,17938
401,18017
440,18018
263,18021
310,18067
441,18075
373,18107
451,18268
306,18305
307,18306
338,18308
339,18309
438,18311
477,18312
150,18463
415,18469
471,18518
134,18598
234,18604
246,18645
212,18666
464,18669
335,18765
336,18766
245,18917
211,18935
441,18937
424,19054
248,19065
212,19068
310,19102
401,19128
169,19136
441,19171
470,19172
382,19173
478,19191
380,19216
381,19217
441,19279
470,19280
382,19281
176,19282
177,19283
381,19346
415,19347
441,19410
442,19411
305,19413
306,19414
307,19415
337,19542
319,19560
262,19628
212,19662
437,19677
441,19723
442,19724
212,19731
402,19738
403,19739
476,19818
477,19819
311,19835
152,19875
307,19911
441,19987
470,19988
471,19989
441,19999
442,20000
401,20021
443,20117
476,20122
441,20164
442,20165
121,20175
478,20211
479,20212
478,20221
439,20245
402,20246
403,20247
251,20250
247,20301
234,20335
303,20336
424,20485
191,20618
177,20667
192,20676
401,20710
211,20747
441,20749
470,20750
307,20806
448,20912
304,20914
438,21093
319,21116
191,21163
382,21220
443,21272
476,21347
314,21402
476,21418
477,21419
443,21497
314,21523
304,21599
305,21600
381,21645
442,21660
393,21749
394,21750
395,21751
441,21821
442,21822
438,21846
439,21847
402,21848
476,21863
385,21894
449,21951
441,22022
415,22051
440,22108
441,22109
312,22111
313,22112
438,22128
414,22188
415,22189
302,22192
211,22200
119,22233
397,22309
398,22310
319,22358
361,22381
453,22439
402,22515
314,22543
383,22574
146,22610
389,22653
390,22654
440,22701
443,22761
477,22767
209,22768
210,22769
211,22770
212,22771
402,22776
383,22895
304,22897
442,22899
438,22929
439,22930
402,22931
369,22936
370,22937
285,22941
438,22955
439,22956
440,22957
337,22963
385,23008
404,23019
369,23036
440,23085
441,23086
442,23087
470,23090
471,23091
472,23092
191,23143
307,23173
313,23177
337,23180
121,23245
136,23305
383,23336
439,23414
402,23415
307,23524
119,23554
381,23592
263,23617
169,23690
170,23691
161,23724
304,23742
305,23743
261,23776
115,23780
310,23786
368,23808
443,23843
479,23920
438,24000
439,24001
245,24012
211,24084
449,24194
398,24199
191,24319
403,24321
307,24349
313,24475
437,24520
403,24535
448,24554
443,24590
443,24594
190,24606
380,24623
440,24650
424,24653
382,24733
310,24736
382,24928
401,24950
402,24951
463,24992
438,25005
401,25103
402,25104
403,25105
478,25132
115,25202
212,25327
438,25357
443,25415
401,25613
450,25692
451,25693
234,25719
303,25720
439,25782
404,25844
210,25903
211,25904
212,25905
247,25983
235,26063
403,26094
404,26095
441,26101
458,26108
303,26161
304,26162
441,26182
248,26223
212,26226
450,26258
470,26311
261,26374
120,26380
417,26380
310,26385
385,26549
312,26625
443,26662
303,26694
304,26695
478,26755
451,26862
441,26925
450,26939
111,27118
261,27165
476,27234
439,27235
440,27236
306,27238
443,27245
443,27305
479,27313
401,27453
440,27454
477,27464
471,27473
472,27474
451,27486
339,27510
451,27512
448,27514
212,27540
447,27594
113,27618
114,27619
438,27662
245,27757
146,27821
247,27849
169,28012
451,28038
443,28060
212,28112
441,28119
442,28120
443,28150
414,28153
415,28154
310,28184
471,28186
190,28298
191,28299
114,28314
233,28318
234,28319
178,28338
304,28345
212,28366
303,28487
385,28532
448,28545
449,28546
470,28554
382,28555
383,28556
448,28562
441,28590
470,28591
314,28596
451,28610
297,28631
298,28632
476,28676
191,28698
451,28777
438,28878
440,28896
210,28913
211,28914
273,28939
245,28949
339,28960
340,28961
451,29038
442,29100
438,29120
150,29129
451,29153
312,29186
437,29215
401,29216
440,29217
119,29227
439,29237
122,29364
212,29398
340,29430
415,29486
212,29506
448,29550
449,29551
369,29659
370,29660
367,29670
368,29671
304,29683
438,29698
450,29730
451,29731
452,29732
436,29739
437,29740
304,29759
438,29774
451,29794
261,29802
234,29818
303,29819
304,29820
442,29822
438,29858
451,29947
297,30006
382,30081
383,30082
135,30134
339,30176
401,30195
232,30231
172,30241
310,30255
476,30319
401,30350
390,30371
451,30387
439,30441
212,30519
424,30529
425,30530
302,30548
385,30550
385,30585
368,30637
314,30676
119,30723
234,30733
303,30734
304,30735
437,30755
451,30767
414,30788
476,30910
212,30967
339,30977
438,30982
451,31018
338,31042
339,31043
438,31045
320,31077
111,31079
435,31083
436,31084
438,31165
439,31167
402,31168
390,31177
178,31180
382,31257
176,31258
176,31272
303,31282
307,31299
443,31308
339,31328
438,31330
477,31332
478,31333
451,31364
384,31370
304,31383
305,31384
437,31490
316,31500
320,31511
191,31587
244,31624
414,31625
415,31626
433,31691
380,31694
250,31748
401,31788
440,31789
441,31790
191,31966
443,31979
389,32047
390,32048
449,32067
192,32075
191,32109
476,32115
439,32117
441,32147
464,32187
382,32276
383,32277
335,32294
383,32350
177,32370
449,32373
192,32375
311,32400
338,32450
339,32451
368,32510
443,32551
458,32579
261,32631
440,32650
441,32651
442,32652
381,32663
415,32664
450,32730
211,32762
212,32763
448,32788
441,32816
470,32817
306,32838
451,32882
471,32900
440,32910
119,32918
339,32921
401,32926
245,32944
458,32980
340,32985
286,33025
367,33039
210,33051
452,33205
395,33219
304,33254
339,33378
401,33380
261,33422
450,33447
442,33600
393,33626
394,33627
395,33628
449,33671
335,33732
336,33733
304,33742
305,33743
440,33787
441,33788
400,33790
401,33791
440,33792
212,33813
370,33854
382,33858
383,33859
335,33867
440,33901
443,33910
245,33913
443,33954
414,33957
382,33958
401,34070
191,34088
438,34100
449,34135
441,34177
476,34190
439,34192
437,34216
438,34287
439,34288
440,34289
441,34290
400,34292
176,34316
438,34337
477,34338
251,34351
303,34380
385,34387
459,34570
150,34641
212,34647
110,34653
119,34680
450,34683
451,34684
313,34693
192,34704
150,34732
211,34758
212,34759
381,34806
304,34937
424,34940
339,34970
449,35015
476,35082
192,35096
234,35158
443,35202
404,35208
437,35237
401,35238
312,35262
478,35322
441,35429
340,35494
389,35500
390,35501
439,35591
476,35617
439,35618
440,35619
368,35630
369,35631
177,35655
448,35721
212,35739
212,35812
191,35836
383,35864
336,35922
247,35966
119,36022
398,36027
369,36029
370,36030
303,36044
310,36070
382,36072
338,36196
339,36197
438,36199
439,36202
335,36278
336,36279
337,36280
178,36282
481,36285
401,36350
459,36368
122,36375
150,36379
390,36385
401,36428
304,36522
442,36524
305,36526
306,36527
307,36528
403,36548
404,36549
190,36562
433,36595
402,36620
403,36621
443,36779
463,36863
441,36888
442,36889
162,36900
470,36966
415,36967
368,36986
150,37071
381,37080
415,37081
302,37084
303,37085
437,37128
401,37129
402,37130
335,37179
269,37183
382,37206
176,37207
438,37253
304,37320
438,37355
394,37390
395,37391
385,37430
458,37473
307,37549
476,37590
402,37685
444,37746
310,37803
414,37868
382,37869
176,37870
119,37875
441,37915
470,37916
471,37987
413,38011
414,38012
119,38019
303,38021
440,38126
401,38149
476,38164
439,38166
440,38167
441,38168
442,38169
233,38247
401,38326
414,38383
415,38384
476,38391
477,38395
478,38396
479,38397
312,38463
441,38512
442,38513
192,38540
437,38584
401,38585
451,38658
303,38736
369,38802
119,39023
385,39063
191,39104
463,39108
368,39212
451,39240
320,39258
321,39259
441,39321
381,39388
232,39414
273,39450
212,39478
334,39482
335,39483
336,39484
385,39487
381,39502
415,39503
336,39514
337,39515
381,39535
312,39550
313,39551
314,39587
441,39615
442,39616
404,39619
443,39651
245,39654
246,39655
247,39656
303,39678
390,39744
448,39821
304,39823
441,39828
470,39829
471,39830
310,39919
304,39934
305,39935
307,39964
192,39968
471,39983
178,40006
254,40026
451,40110
381,40114
471,40115
472,40116
192,40140
192,40198
335,40201
403,40224
286,40233
437,40279
401,40280
369,40286
370,40287
303,40360
304,40361
470,40363
440,40422
442,40438
382,40478
305,40556
306,40557
371,40564
449,40632
440,40644
424,40647
437,40737
451,40779
464,40925
161,40968
319,41005
235,41030
369,41038
464,41055
305,41096
212,41107
262,41119
263,41120
306,41185
307,41186
305,41244
398,41264
438,41292
439,41293
470,41311
403,41328
191,41446
450,41497
210,41540
211,41541
441,41572
470,41573
388,41575
307,41641
302,41663
479,41667
302,41669
303,41670
304,41671
305,41672
306,41673
307,41674
425,41689
424,41700
303,41715
401,41743
337,41759
191,41825
401,41903
440,41904
441,41905
246,41907
304,41917
441,41927
212,41960
234,41974
383,41982
450,41999
389,42011
390,42012
449,42016
269,42050
161,42079
162,42080
163,42081
381,42102
415,42103
211,42126
212,42127
119,42156
247,42160
248,42161
249,42162
250,42163
304,42214
305,42215
306,42216
307,42217
312,42223
313,42224
373,42288
374,42289
261,42336
470,42343
441,42351
442,42352
261,42371
369,42395
448,42477
334,42503
335,42507
479,42531
464,42642
451,42678
286,42683
440,42728
441,42760
312,42762
440,42793
306,42795
307,42796
192,42800
304,42817
470,42819
380,42846
306,42883
307,42884
369,42897
98,42972
312,43029
313,43030
470,43042
382,43043
383,43044
176,43145
234,43151
368,43208
369,43209
304,43255
202,43265
381,43444
415,43445
440,43496
441,43497
442,43498
449,43537
247,43573
437,43625
401,43626
303,43752
336,43792
212,43822
481,43846
212,43859
369,43887
119,43910
339,43920
340,43921
303,43944
403,43951
107,43958
451,44007
462,44063
119,44099
339,44102
307,44149
119,44432
441,44457
451,44460
452,44461
437,44526
273,44588
303,44595
176,44606
251,44630
337,44634
311,44638
212,44646
307,44659
169,44705
114,44763
249,44859
250,44860
212,44994
442,44999
369,45006
212,45013
401,45044
381,45052
316,45067
401,45107
303,45156
471,45184
233,45190
441,45249
470,45250
440,45321
441,45322
470,45323
382,45324
442,45379
400,45538
401,45539
304,45586
305,45587
306,45588
307,45589
459,45647
371,45659
190,45706
161,45720
119,45724
307,45746
402,45788
462,45890
369,45897
448,45980
449,45981
437,45982
401,45983
303,46002
311,46027
169,46044
401,46061
403,46106
443,46165
443,46206
478,46220
479,46221
119,46246
306,46254
381,46284
471,46285
433,46292
448,46309
449,46310
286,46329
448,46423
246,46430
247,46431
263,46539
307,46593
304,46632
424,46635
443,46658
441,46689
372,46715
393,46906
394,46907
310,47022
119,47037
310,47062
152,47102
402,47135
312,47196
313,47197
314,47198
476,47348
477,47349
334,47357
335,47358
119,47412
119,47443
114,47540
235,47656
331,47781
441,47795
442,47796
451,47817
304,47823
470,47825
382,47826
401,47843
440,47844
415,47878
401,47919
304,47967
218,48000
415,48007
234,48022
385,48024
439,48051
440,48052
441,48053
442,48054
449,48063
397,48083
424,48086
451,48092
369,48101
401,48116
402,48117
403,48118
177,48130
440,48211
401,48314
440,48315
150,48322
161,48365
306,48390
212,48494
459,48578
304,48600
438,48632
439,48633
119,48740
441,48767
400,48769
449,48782
304,48794
470,48796
382,48797
361,48819
246,48847
119,48851
304,48934
470,48936
234,48981
235,48982
307,49005
310,49075
338,49088
339,49089
307,49188
303,49245
304,49246
470,49248
402,49349
303,49369
441,49382
470,49383
382,49384
383,49385
384,49386
191,49415
111,49463
440,49508
306,49510
235,49528
401,49552
402,49553
463,49562
443,49589
476,49612
477,49613
459,49653
460,49654
305,49670
439,49725
209,49764
210,49765
211,49766
310,49778
382,49780
303,49786
452,49802
339,49824
451,49826
222,49879
451,49910
476,49937
439,49938
440,49939
441,50058
442,50059
401,50080
404,50114
340,50176
304,50268
212,50373
212,50407
470,50439
479,50463
397,50491
398,50492
369,50510
161,50610
438,50645
439,50646
245,50650
246,50670
119,50727
471,50746
248,50803
304,50820
441,50840
470,50841
382,50842
401,50887
191,50896
368,50975
414,50999
471,51000
443,51216
307,51310
336,51369
437,51482
337,51496
384,51512
280,51535
304,51540
307,51552
403,51557
212,51560
415,51568
302,51709
212,51739
192,51880
303,51941
401,51988
440,51989
191,52030
212,52068
443,52175
303,52189
212,52318
450,52411
451,52412
443,52431
402,52454
415,52492
191,52599
463,52772
451,52813
191,52870
443,52889
479,52913
160,52915
161,52916
442,52949
381,52967
443,53036
414,53039
303,53075
304,53076
340,53106
443,53117
441,53198
470,53199
388,53201
402,53231
471,53370
337,53479
222,53493
384,53534
415,53584
438,53605
477,53607
310,53613
476,53656
135,53687
306,53735
307,53736
450,53763
233,53773
402,53825
313,53863
442,54046
304,54054
403,54203
303,54578
304,54579
310,54630
382,54632
383,54633
440,54660
255,54669
234,54721
303,54722
304,54723
401,54861
440,54862
210,54883
211,54884
440,54907
471,54912
111,54917
425,54975
441,55019
337,55030
401,55064
384,55101
340,55105
339,55131
305,55226
448,55366
312,55375
401,55457
440,55458
441,55466
470,55467
372,55520
302,55547
316,55595
304,55608
470,55610
471,55611
303,55628
192,55707
306,55712
307,55713
401,55730
440,55731
307,55764
339,55791
335,55868
336,55869
337,55870
336,55938
337,55939
382,56034
372,56039
401,56056
448,56196
442,56250
414,56258
382,56259
176,56260
177,56261
178,56262
368,56269
369,56270
176,56302
177,56303
119,56427
381,56484
385,56630
476,56641
439,56642
440,56643
304,56672
369,56675
307,56699
441,56708
285,56714
369,56732
476,56759
477,56761
450,56785
470,56821
382,56822
302,56858
303,56859
304,56860
470,56862
470,56871
192,56878
447,56901
448,56923
472,56981
191,57011
192,57012
304,57051
305,57052
191,57065
385,57099
472,57141
251,57159
179,57176
381,57192
382,57193
120,57281
417,57281
390,57289
439,57297
441,57319
312,57321
313,57322
398,57389
402,57464
479,57485
401,57504
440,57505
312,57525
313,57526
314,57527
315,57528
311,57545
312,57561
313,57562
314,57563
437,57580
401,57581
479,57587
312,57594
313,57595
471,57681
191,57689
192,57690
437,57709
176,57763
304,57805
235,57871
476,57891
403,57898
251,57955
191,58101
121,58220
340,58304
401,58349
440,58350
441,58471
442,58472
441,58519
459,58628
337,58672
478,58703
438,58711
312,58767
313,58768
312,58824
313,58825
413,58864
305,58867
306,58868
307,58869
336,58887
438,58946
477,58948
452,58961
449,58987
303,59048
335,59052
451,59174
380,59250
235,59316
232,59321
441,59326
335,59342
450,59351
451,59352
337,59368
192,59402
437,59436
401,59437
448,59628
307,59646
304,59655
442,59657
443,59658
340,59738
371,59746
