283,67
277,137
324,247
443,302
444,303
104,368
105,368
221,368
222,368
104,369
105,369
221,369
222,369
104,370
105,370
221,370
222,370
277,419
278,420
458,425
459,426
461,518
329,532
226,564
538,573
283,702
247,763
104,798
105,798
221,798
222,798
218,839
462,855
138,917
104,937
105,937
221,937
222,937
104,938
105,938
221,938
222,938
106,939
223,939
224,940
538,979
409,1001
104,1065
105,1065
221,1065
222,1065
541,1095
458,1121
459,1122
326,1190
327,1191
519,1219
520,1220
183,1344
391,1385
540,1385
327,1428
224,1459
225,1460
470,1525
381,1570
132,1575
110,1576
133,1576
132,1650
538,1653
327,1724
462,1770
173,1838
440,1851
275,2043
259,2064
225,2069
121,2079
122,2080
207,2081
336,2111
490,2144
122,2145
207,2146
208,2147
460,2147
461,2148
409,2169
207,2194
104,2200
105,2200
221,2200
222,2200
104,2278
105,2278
221,2278
222,2278
104,2279
105,2279
221,2279
222,2279
530,2329
480,2340
183,2467
104,2489
105,2489
221,2489
222,2489
104,2490
105,2490
221,2490
222,2490
104,2491
105,2491
221,2491
222,2491
104,2492
105,2492
221,2492
222,2492
104,2493
105,2493
221,2493
222,2493
459,2526
208,2527
460,2527
277,2571
439,2574
462,2583
461,2597
538,2598
408,2635
456,2770
548,2808
369,2822
370,2823
207,2844
208,2845
460,2845
461,2846
547,2852
326,2867
276,2921
440,2923
441,2924
226,2997
371,3046
372,3047
207,3064
208,3065
460,3065
382,3119
538,3147
381,3202
382,3203
382,3206
462,3279
463,3280
305,3336
174,3384
327,3398
328,3399
355,3445
104,3465
105,3465
221,3465
222,3465
104,3466
105,3466
221,3466
222,3466
104,3467
105,3467
221,3467
222,3467
208,3514
460,3514
461,3515
462,3516
382,3524
225,3560
135,3591
225,3635
530,3727
381,3760
270,3767
309,3807
326,3838
341,3849
447,3850
208,3856
460,3856
461,3857
122,3923
207,3924
208,3925
460,3925
461,3926
417,3937
456,3941
382,3944
458,3974
459,3975
132,4019
162,4033
369,4040
132,4071
538,4074
162,4078
339,4101
340,4101
104,4139
105,4139
221,4139
222,4139
341,4205
537,4249
369,4346
370,4347
327,4439
420,4466
224,4483
307,4492
456,4496
104,4499
105,4499
221,4499
222,4499
106,4500
223,4500
224,4501
549,4510
550,4511
147,4575
326,4586
327,4587
328,4588
329,4589
132,4596
246,4601
260,4623
455,4668
456,4669
218,4700
106,4851
223,4851
107,4852
174,4860
463,4906
458,4907
459,4908
208,4909
460,4909
208,5008
460,5008
355,5022
443,5046
444,5047
462,5148
462,5157
320,5242
132,5300
459,5321
208,5322
460,5322
461,5323
462,5324
463,5325
456,5348
173,5367
225,5429
226,5430
452,5544
224,5551
110,5674
133,5674
136,5731
277,5733
439,5736
246,5745
406,5810
385,5834
307,5835
470,5847
312,5907
139,5913
438,5915
247,5917
173,5931
208,5946
460,5946
515,5989
529,6072
530,6073
137,6095
409,6105
470,6168
548,6171
549,6172
550,6348
551,6349
104,6364
105,6364
221,6364
222,6364
437,6370
438,6371
489,6396
548,6398
328,6417
519,6427
462,6447
463,6469
458,6470
459,6471
208,6472
460,6472
110,6484
133,6484
174,6515
441,6516
459,6528
208,6529
460,6529
275,6543
246,6570
409,6585
327,6594
306,6621
520,6633
112,6641
247,6655
277,6678
132,6708
538,6711
277,6759
246,6793
409,6860
548,6879
277,6906
462,6914
471,7023
309,7115
310,7116
247,7126
137,7228
478,7425
456,7518
247,7546
409,7587
246,7605
277,7620
247,7657
459,7665
548,7717
247,7738
246,7785
409,7843
134,7867
278,7894
283,7908
549,7945
538,8001
459,8016
132,8214
462,8217
458,8252
459,8253
161,8319
110,8386
133,8386
111,8387
112,8388
417,8440
409,8465
224,8545
225,8546
461,8569
462,8570
320,8577
471,8649
470,8694
548,8697
151,8816
207,8820
538,8928
207,8934
208,8935
460,8935
461,8936
538,8937
352,8941
233,9004
244,9010
245,9011
440,9013
132,9058
110,9059
133,9059
437,9133
438,9134
418,9137
246,9243
247,9244
277,9261
391,9364
540,9364
470,9372
109,9414
306,9479
246,9567
247,9568
162,9597
495,9626
139,9644
538,9665
470,9721
247,9766
538,9777
247,9844
244,9852
470,9854
524,9898
132,9952
355,9976
246,10080
208,10087
460,10087
461,10088
462,10089
277,10206
538,10250
459,10278
208,10279
460,10279
448,10314
524,10348
111,10393
132,10399
246,10419
247,10420
270,10468
452,10470
351,10500
550,10508
203,10625
320,10654
429,10715
306,10783
300,10846
225,10898
132,10938
110,10939
133,10939
381,10954
173,10990
529,11103
355,11136
247,11328
382,11366
104,11380
105,11380
221,11380
222,11380
171,11435
106,11529
223,11529
107,11530
108,11531
109,11532
462,11550
134,11556
277,11577
132,11635
336,11642
110,11793
133,11793
381,11797
538,11802
456,11821
549,11837
443,11936
299,11960
300,11961
328,11977
328,12073
409,12145
136,12166
459,12183
208,12198
460,12198
461,12199
462,12212
275,12226
276,12227
371,12316
456,12322
277,12339
208,12378
460,12378
104,12550
105,12550
221,12550
222,12550
539,12661
277,12693
111,12766
104,12791
105,12791
221,12791
222,12791
106,12792
223,12792
542,12848
382,12857
439,12935
106,12978
223,12978
538,12990
112,12998
246,13023
106,13037
223,13037
539,13048
391,13049
540,13049
441,13105
277,13116
277,13137
246,13173
136,13330
327,13387
328,13388
548,13435
549,13436
277,13589
339,13609
340,13609
277,13630
122,13634
444,13716
326,13752
369,13806
161,13853
246,13883
382,13894
382,13897
225,13972
408,14026
109,14036
132,14039
538,14042
162,14051
225,14119
326,14347
327,14348
232,14412
277,14422
132,14438
247,14445
530,14562
300,14583
275,14594
130,14670
309,14693
471,14708
409,14726
462,14741
438,14770
549,14790
550,14791
461,14854
462,14855
463,14856
458,14857
459,14858
132,14861
524,14868
207,14877
132,14880
371,15000
372,15001
326,15060
327,15061
409,15088
369,15171
202,15208
309,15218
247,15255
306,15267
550,15330
327,15407
328,15429
247,15510
351,15518
355,15543
524,15588
326,15664
203,15687
204,15688
355,15698
382,15702
162,15714
174,15755
246,15760
409,15775
122,15787
372,15857
246,15886
107,15903
382,15907
550,15910
381,15969
382,15970
318,16000
319,16001
320,16002
300,16022
106,16062
223,16062
224,16063
339,16103
340,16103
551,16181
328,16200
539,16257
106,16430
223,16430
136,16485
306,16515
386,16516
387,16517
538,16526
324,16532
300,16598
408,16637
109,16682
110,16683
133,16683
325,16710
326,16711
459,16736
208,16737
460,16737
461,16738
408,16765
441,16767
550,16768
104,16820
105,16820
221,16820
222,16820
106,16821
223,16821
538,16895
530,16910
260,16919
456,16960
208,17046
460,17046
461,17047
538,17048
246,17090
278,17091
279,17092
244,17106
470,17108
278,17223
550,17229
439,17275
134,17319
164,17329
550,17374
462,17383
110,17462
133,17462
134,17463
135,17464
329,17474
539,17499
391,17500
540,17500
448,17612
278,17717
279,17718
339,17754
340,17754
244,17922
470,17924
541,18007
172,18014
173,18015
173,18072
174,18073
309,18202
326,18219
327,18220
320,18231
461,18295
106,18312
223,18312
224,18313
381,18375
325,18570
326,18571
327,18572
283,18599
227,18606
479,18719
480,18720
318,18757
548,18761
515,18800
304,18917
305,18918
536,19013
538,19031
309,19085
391,19219
540,19219
174,19334
470,19371
162,19380
549,19383
550,19426
225,19474
327,19502
547,19519
548,19520
382,19536
224,19674
225,19675
247,19725
106,19819
223,19819
406,19821
110,19851
133,19851
444,19893
309,19924
429,19958
459,19994
247,20034
225,20053
277,20096
104,20123
105,20123
221,20123
222,20123
247,20166
328,20187
312,20291
138,20372
372,20393
462,20405
110,20523
133,20523
173,20591
183,20643
275,20655
276,20656
529,20681
469,20715
323,20728
161,20729
550,20740
458,20851
459,20852
459,20885
227,20975
343,20982
207,20987
208,20988
460,20988
461,20989
538,20990
207,20994
208,20995
460,20995
233,21012
247,21039
277,21271
139,21276
104,21348
105,21348
221,21348
222,21348
385,21351
307,21352
539,21362
391,21363
540,21363
122,21366
207,21367
208,21368
460,21368
106,21419
223,21419
441,21447
417,21506
459,21515
132,21518
246,21527
247,21528
132,21539
277,21587
277,21594
247,21661
444,21737
355,21739
470,21804
247,21823
549,21902
132,21936
381,21982
208,22010
460,22010
548,22149
392,22170
537,22192
538,22193
385,22229
538,22235
112,22284
458,22296
459,22297
208,22328
460,22328
208,22361
460,22361
369,22397
442,22516
443,22517
275,22531
132,22536
110,22537
133,22537
463,22576
529,22644
530,22645
391,22667
540,22667
227,22749
106,22767
223,22767
107,22768
530,22813
549,22816
312,22827
381,22837
392,22869
208,22891
460,22891
461,22892
538,22893
247,23002
277,23016
444,23049
247,23062
381,23206
440,23218
441,23219
110,23263
133,23263
530,23266
159,23287
162,23314
244,23425
268,23514
323,23543
161,23544
151,23553
538,23556
137,23573
478,23632
479,23633
134,23636
538,23655
122,23669
207,23670
247,23719
173,23730
308,23746
309,23747
440,23800
246,23842
251,23882
304,24012
207,24073
328,24160
111,24190
529,24252
459,24288
309,24306
409,24311
184,24316
441,24320
122,24323
207,24324
470,24348
208,24517
460,24517
461,24518
462,24519
268,24522
548,24537
549,24546
408,24606
328,24613
458,24674
459,24675
327,24687
328,24688
268,24694
549,24719
409,24776
342,24815
305,24889
306,24890
386,24891
440,24988
104,25006
105,25006
221,25006
222,25006
104,25007
105,25007
221,25007
222,25007
381,25045
171,25076
122,25082
207,25083
203,25089
204,25090
327,25119
326,25139
327,25140
207,25230
305,25342
283,25382
246,25414
328,25419
462,25432
173,25438
155,25460
438,25520
132,25529
132,25642
327,25762
330,25766
151,25801
277,25841
538,25946
231,25997
207,26001
246,26057
247,26058
162,26136
462,26147
463,26148
458,26149
459,26150
305,26184
306,26185
369,26284
135,26320
136,26321
137,26322
132,26378
440,26387
275,26432
276,26433
283,26470
227,26524
320,26668
139,26742
111,26808
300,26810
128,27033
550,27058
551,27059
305,27142
306,27143
538,27151
112,27169
381,27197
277,27244
371,27254
372,27255
409,27334
515,27363
548,27377
106,27464
223,27464
409,27485
233,27508
234,27509
539,27516
112,27561
207,27616
523,27657
247,27710
300,27727
339,27742
340,27742
319,27754
320,27755
304,27757
277,27816
327,27865
328,27866
173,28036
277,28059
440,28064
441,28065
139,28075
246,28149
550,28171
551,28172
225,28176
309,28201
224,28218
183,28287
408,28298
538,28320
227,28332
328,28369
329,28370
541,28465
235,28472
549,28504
442,28505
381,28510
326,28570
548,28581
549,28582
442,28583
104,28677
105,28677
221,28677
222,28677
441,28699
184,28772
328,28788
173,28876
369,28907
112,28926
325,28942
326,28943
327,28944
304,28949
305,28950
246,28974
409,29037
154,29194
139,29286
244,29325
245,29326
305,29328
328,29367
328,29401
329,29402
515,29434
306,29539
326,29614
327,29615
173,29696
385,29712
104,29775
105,29775
221,29775
222,29775
369,29846
409,29946
547,30047
406,30071
456,30193
203,30213
208,30280
460,30280
461,30281
462,30282
441,30284
104,30320
105,30320
221,30320
222,30320
104,30321
105,30321
221,30321
222,30321
173,30385
538,30435
536,30547
537,30548
328,30595
355,30629
183,30670
139,30694
341,30710
462,30754
162,30792
132,30805
132,30808
132,30811
515,30864
104,30911
105,30911
221,30911
222,30911
104,30912
105,30912
221,30912
222,30912
459,30936
208,30937
460,30937
461,30938
462,30939
355,31030
270,31037
459,31048
208,31049
460,31049
132,31070
110,31071
133,31071
207,31125
110,31152
133,31152
104,31166
105,31166
221,31166
222,31166
442,31169
443,31170
444,31171
445,31172
225,31194
335,31244
225,31269
469,31297
470,31298
277,31307
104,31331
105,31331
221,31331
222,31331
106,31332
223,31332
462,31357
225,31369
461,31460
462,31461
303,31624
440,31696
391,31732
540,31732
530,31746
305,31792
462,31830
538,31857
207,31874
208,31875
460,31875
417,31894
480,32045
462,32061
104,32116
105,32116
221,32116
222,32116
132,32253
328,32271
134,32282
538,32348
409,32396
276,32445
277,32446
277,32490
174,32538
440,32709
339,32752
340,32752
247,32774
548,32797
443,32822
227,32867
246,32890
304,32944
305,32945
386,32950
327,32992
224,32995
305,33002
306,33003
386,33004
391,33042
540,33042
541,33043
203,33070
515,33076
409,33196
470,33209
233,33376
234,33377
203,33384
246,33466
447,33492
283,33546
326,33549
327,33550
312,33620
438,33654
305,33656
352,33727
227,33759
208,33761
460,33761
461,33762
462,33763
246,33773
439,33789
132,33883
304,33913
458,33918
459,33919
173,33933
480,34036
104,34191
105,34191
221,34191
222,34191
137,34197
462,34215
459,34219
515,34248
439,34291
106,34338
223,34338
224,34339
490,34349
300,34362
277,34526
464,34652
462,34682
549,34688
462,34702
326,34799
327,34800
391,34808
540,34808
132,34838
470,34851
207,34865
206,35009
207,35010
208,35011
460,35011
463,35016
458,35017
530,35074
104,35083
105,35083
221,35083
222,35083
382,35097
207,35131
208,35132
460,35132
162,35152
538,35159
515,35165
277,35201
462,35212
462,35236
328,35337
386,35386
462,35395
463,35396
327,35420
328,35421
439,35430
440,35431
462,35437
444,35512
208,35596
460,35596
326,35692
327,35693
515,35705
328,35742
110,35769
133,35769
111,35770
246,35820
277,35858
381,35907
277,35952
122,35999
207,36000
208,36001
460,36001
461,36002
462,36003
459,36110
208,36111
460,36111
203,36122
355,36162
104,36200
105,36200
221,36200
222,36200
104,36201
105,36201
221,36201
222,36201
440,36212
132,36269
173,36348
147,36395
352,36396
217,36401
218,36402
247,36442
139,36505
110,36551
133,36551
408,36562
409,36563
110,36573
133,36573
279,36583
458,36613
459,36614
458,36690
461,36723
538,36724
218,36819
121,36829
122,36830
207,36831
132,36923
246,36963
328,37006
429,37011
276,37033
277,37034
326,37043
327,37044
537,37084
173,37089
174,37112
328,37116
207,37160
530,37164
184,37226
330,37232
331,37233
441,37419
208,37427
460,37427
461,37428
277,37532
247,37533
470,37548
104,37591
105,37591
221,37591
222,37591
541,37668
542,37669
339,37716
340,37716
183,37817
184,37818
184,37922
478,37977
459,37997
208,37998
460,37998
328,38061
339,38067
340,38067
208,38089
460,38089
461,38090
462,38091
371,38104
372,38105
104,38165
105,38165
221,38165
222,38165
227,38174
277,38211
132,38253
277,38298
104,38392
105,38392
221,38392
222,38392
104,38393
105,38393
221,38393
222,38393
104,38394
105,38394
221,38394
222,38394
106,38395
223,38395
409,38416
440,38433
270,38494
174,38530
382,38541
306,38700
207,38794
208,38816
460,38816
461,38817
462,38818
275,38849
276,38850
203,38860
519,38948
520,38949
207,38996
208,38997
460,38997
461,38998
462,38999
478,39020
479,39021
326,39198
327,39199
328,39346
391,39390
540,39390
452,39405
300,39418
277,39421
443,39424
327,39519
391,39537
540,39537
392,39538
440,39597
304,39654
439,39825
440,39826
121,39845
122,39846
207,39847
208,39848
460,39848
548,39867
328,39905
515,39942
247,40093
456,40138
306,40165
386,40166
174,40197
459,40209
524,40215
283,40353
327,40484
259,40501
260,40502
277,40554
539,40605
391,40606
540,40606
462,40736
369,40751
122,40855
277,40932
151,41024
132,41027
328,41110
342,41114
455,41193
147,41254
548,41330
208,41416
460,41416
224,41556
537,41663
462,41664
537,41669
224,41685
246,41868
456,41901
462,41924
305,41929
227,41976
208,41978
460,41978
461,41979
538,41980
462,41998
441,42018
440,42296
328,42301
246,42316
462,42517
462,42528
224,42669
225,42670
225,42717
110,42772
133,42772
134,42773
135,42774
391,42821
540,42821
392,42822
277,42847
369,42864
132,42922
231,43007
121,43033
122,43034
462,43176
381,43192
111,43196
300,43198
130,43224
184,43296
369,43357
208,43380
460,43380
461,43381
462,43382
328,43409
523,43438
327,43528
154,43558
385,43653
386,43654
387,43655
471,43660
110,43704
133,43704
326,43717
217,43737
218,43738
409,43874
173,43948
174,43949
441,43950
548,43953
548,43959
549,43960
442,43961
443,43962
300,43973
409,44006
224,44090
479,44097
161,44262
205,44300
206,44301
207,44302
208,44303
460,44303
217,44315
218,44316
351,44337
241,44338
305,44348
253,44352
254,44353
255,44354
260,44358
261,44359
324,44416
439,44458
391,44468
540,44468
392,44469
418,44489
438,44506
225,44524
128,44538
351,44557
352,44558
276,44615
277,44616
470,44626
328,44649
470,44658
369,44720
227,44742
232,44768
162,44878
456,44923
326,44952
132,44977
538,44980
391,45054
540,45054
452,45072
385,45081
162,45133
341,45143
132,45153
341,45175
342,45176
452,45255
217,45291
218,45292
550,45295
277,45376
246,45434
318,45461
225,45478
442,45490
549,45510
173,45570
330,45573
246,45618
408,45706
549,45735
208,45832
460,45832
546,45876
547,45877
548,45878
328,45892
246,45947
312,46103
538,46121
479,46244
463,46379
458,46380
459,46381
549,46385
208,46474
460,46474
246,46657
247,46662
208,46666
460,46666
207,46743
208,46744
460,46744
461,46745
462,46746
441,46748
205,47053
225,47180
441,47183
208,47207
460,47207
461,47208
246,47253
106,47349
223,47349
224,47350
132,47387
132,47399
462,47402
478,47409
479,47410
341,47438
342,47439
444,47534
549,47561
328,47701
300,47835
137,47859
381,47884
382,47885
162,47950
548,48120
549,48121
207,48134
208,48135
460,48135
461,48136
462,48137
184,48276
162,48285
207,48288
440,48304
343,48376
231,48437
283,48569
479,48659
283,48671
306,48736
462,48742
174,48765
439,48768
490,48808
122,48809
207,48810
327,48948
539,48972
391,48973
540,48973
459,49071
208,49072
460,49072
278,49077
549,49085
461,49244
391,49250
540,49250
541,49251
305,49318
306,49319
396,49325
409,49328
305,49333
306,49334
452,49337
550,49350
551,49351
203,49373
306,49388
461,49428
462,49429
448,49484
444,49513
208,49526
460,49526
461,49527
550,49554
326,49573
327,49574
106,49613
223,49613
441,49620
107,49764
461,49785
202,49846
203,49847
409,49909
524,49915
343,49961
409,50069
327,50090
385,50094
307,50095
305,50159
278,50187
326,50240
327,50241
277,50250
247,50251
305,50271
409,50282
326,50285
184,50324
326,50349
208,50429
460,50429
461,50430
462,50431
203,50445
333,50568
132,50607
381,50637
304,50650
305,50651
329,50689
538,50729
174,50774
441,50775
441,50816
381,50853
132,50961
110,50962
133,50962
110,51051
133,51051
369,51103
441,51134
381,51163
277,51215
132,51273
308,51464
224,51484
225,51511
441,51556
548,51559
276,51605
328,51634
174,51641
207,51693
277,51702
247,51703
537,51709
538,51723
344,51775
218,51816
370,51979
456,52023
246,52081
246,52174
391,52185
540,52185
470,52289
392,52391
456,52425
277,52532
409,52540
184,52551
184,52574
205,52579
328,52603
162,52710
279,52752
207,52797
208,52798
460,52798
461,52799
462,52800
409,52812
326,52895
327,52896
328,52897
251,52908
247,52932
246,53001
339,53103
340,53103
173,53172
441,53423
132,53552
351,53555
352,53556
104,53606
105,53606
221,53606
222,53606
106,53607
223,53607
224,53608
247,53615
369,53629
550,53652
551,53653
462,53682
137,53709
260,53742
538,53790
456,53796
444,53849
137,53900
414,53947
371,53968
372,53969
458,54017
459,54018
246,54043
225,54107
530,54112
276,54186
524,54399
132,54484
110,54485
133,54485
132,54521
207,54624
208,54625
460,54625
478,54666
441,54704
550,54705
208,54748
460,54748
327,54799
203,54825
339,54856
340,54856
339,54857
340,54857
277,54923
309,54962
310,54963
381,55048
225,55100
173,55110
456,55203
457,55204
524,55236
207,55248
174,55267
300,55445
217,55541
537,55547
462,55548
335,55641
205,55645
382,55708
456,55728
459,55812
132,55815
110,55816
133,55816
121,55888
122,55889
207,55890
112,55945
184,56075
458,56148
459,56149
208,56150
460,56150
461,56151
462,56152
351,56171
132,56297
538,56300
203,56348
204,56349
277,56502
463,56507
458,56508
459,56509
208,56510
460,56510
461,56511
326,56533
208,56547
460,56547
132,56566
208,56627
460,56627
461,56628
520,56695
227,56702
104,56760
105,56760
221,56760
222,56760
106,56761
223,56761
537,56858
391,56873
540,56873
227,56946
382,57013
184,57062
538,57078
462,57092
108,57103
109,57104
104,57296
105,57296
221,57296
222,57296
462,57399
184,57480
208,57577
460,57577
461,57578
462,57579
536,57599
409,57614
452,57629
132,57758
538,57761
507,57766
440,57774
327,57797
305,57808
132,57834
161,57842
441,57897
355,57969
495,57986
462,58040
327,58088
369,58114
548,58154
111,58249
132,58283
110,58284
133,58284
231,58309
232,58310
233,58311
259,58343
440,58411
441,58412
458,58580
459,58581
538,58611
326,58630
327,58631
461,58683
549,58695
550,58696
385,58714
307,58715
539,58786
442,58878
443,58879
328,58903
104,58947
105,58947
221,58947
222,58947
106,58948
223,58948
224,58949
459,58970
132,58973
259,59165
440,59252
227,59262
208,59348
460,59348
461,59349
462,59350
306,59447
283,59467
208,59492
460,59492
548,59547
530,59575
382,59579
203,59608
227,59630
439,59681
208,59763
460,59763
