465,108
295,266
17,267
296,267
18,268
233,277
430,289
251,291
320,371
426,425
222,456
383,564
19,596
102,597
235,624
221,637
295,799
132,856
310,908
419,914
381,940
380,971
379,1027
96,1058
320,1066
426,1121
472,1286
253,1315
431,1315
254,1316
432,1316
214,1318
466,1384
320,1391
380,1458
381,1459
382,1460
379,1480
198,1569
366,1575
379,1579
295,1581
310,1589
254,1592
432,1592
251,1632
366,1650
200,1765
67,1803
68,1804
99,1805
213,1815
214,1816
130,1829
470,1838
368,2003
440,2028
382,2069
499,2085
491,2095
419,2096
237,2098
379,2198
320,2201
200,2203
485,2219
379,2233
320,2270
320,2280
189,2310
130,2345
131,2369
132,2370
64,2375
34,2405
255,2433
320,2510
465,2541
256,2576
220,2621
298,2645
213,2653
214,2654
81,2660
292,2749
454,2770
455,2771
215,2815
320,2827
320,2861
198,2952
380,2961
383,2997
367,3023
198,3042
252,3054
251,3056
252,3057
253,3058
431,3058
254,3059
432,3059
133,3061
251,3071
252,3072
251,3074
252,3075
253,3076
431,3076
254,3077
432,3077
433,3078
379,3141
441,3146
485,3169
252,3177
253,3178
431,3178
254,3179
432,3179
251,3188
252,3189
253,3190
431,3190
254,3191
432,3191
198,3201
419,3258
421,3266
485,3286
45,3393
129,3442
320,3468
379,3477
17,3479
296,3479
18,3480
382,3560
213,3633
382,3635
96,3645
198,3759
379,3834
254,3886
432,3886
251,3935
454,3941
251,3971
426,3974
66,3991
366,4019
366,4071
45,4080
367,4081
69,4101
134,4124
320,4140
20,4202
211,4211
430,4212
213,4217
214,4218
197,4255
295,4282
17,4283
296,4283
218,4302
214,4312
379,4379
212,4388
320,4391
220,4412
17,4442
296,4442
380,4482
381,4483
454,4496
455,4497
381,4501
366,4596
454,4669
214,4671
23,4678
242,4678
243,4679
235,4693
220,4756
235,4807
419,4826
137,4852
134,4853
61,4894
426,4907
211,4946
430,4947
253,4948
431,4948
254,4949
432,4949
320,4952
82,5027
466,5092
132,5158
419,5172
218,5223
366,5300
454,5348
470,5367
382,5429
383,5430
134,5438
380,5550
381,5551
256,5558
131,5611
226,5630
320,5662
167,5663
81,5729
45,5797
65,5832
53,5861
470,5931
200,5935
466,5971
221,5987
485,6092
486,6093
17,6206
296,6206
200,6213
298,6225
221,6321
379,6362
320,6365
254,6386
432,6386
322,6400
131,6468
426,6470
424,6477
425,6478
45,6483
466,6565
113,6583
114,6584
199,6596
366,6708
419,6717
295,6896
17,6897
296,6897
405,6903
441,6913
167,6917
464,6923
64,7010
465,7026
255,7062
441,7072
439,7211
440,7212
379,7236
466,7342
466,7474
221,7512
454,7518
455,7519
131,7524
419,7533
320,7581
157,7615
291,7624
292,7625
80,7636
212,7671
189,7703
236,7721
368,7733
254,7750
432,7750
22,7782
241,7782
252,7803
254,7910
432,7910
485,7960
379,8109
485,8165
485,8173
424,8177
425,8178
367,8185
131,8192
366,8214
426,8252
132,8366
419,8432
380,8544
381,8545
382,8546
199,8553
200,8554
220,8572
413,8724
129,8777
320,8843
419,8889
226,9041
399,9042
129,9045
130,9046
366,9058
214,9206
16,9238
198,9268
215,9274
198,9324
465,9362
466,9363
485,9367
130,9374
92,9414
254,9465
432,9465
255,9466
314,9655
441,9664
441,9731
441,9776
251,9788
73,9794
74,9795
419,9930
366,9952
341,10018
379,10049
413,10077
419,10122
464,10205
197,10275
199,10300
129,10330
130,10331
366,10399
380,10441
464,10445
254,10583
432,10583
367,10606
222,10618
419,10644
380,10756
198,10836
218,10856
197,10895
382,10898
254,10913
432,10913
366,10938
197,10952
198,10953
470,10990
499,11025
379,11048
380,11049
134,11239
320,11381
197,11495
379,11527
137,11530
138,11531
92,11532
367,11533
235,11567
366,11635
53,11707
198,11722
421,11773
200,11790
198,11796
454,11821
130,11848
131,11849
197,11898
379,11899
379,12026
380,12027
251,12056
251,12202
441,12211
454,12322
455,12323
295,12325
17,12326
296,12326
226,12355
198,12567
199,12582
200,12583
201,12584
466,12613
464,12620
465,12621
130,12659
439,12830
465,12867
475,12894
96,13051
80,13069
198,13083
157,13141
197,13196
379,13197
81,13328
292,13409
75,13501
76,13502
379,13533
413,13545
190,13575
69,13609
464,13629
113,13653
34,13710
499,13734
291,13851
292,13891
198,13943
382,13972
466,14008
292,14014
92,14036
367,14037
366,14039
486,14079
465,14082
197,14116
382,14119
197,14180
379,14181
379,14195
167,14197
439,14242
67,14266
157,14328
60,14400
366,14438
367,14439
368,14440
255,14483
236,14756
501,14788
292,14827
419,14839
426,14857
366,14861
367,14862
368,14863
366,14880
405,14951
96,14988
131,15424
197,15466
379,15482
233,15491
129,15540
298,15649
423,15753
424,15754
200,15785
380,15902
137,15903
134,15904
297,15953
198,15968
464,16054
379,16060
381,16063
69,16103
23,16106
242,16106
422,16173
423,16174
424,16175
133,16177
197,16182
379,16239
17,16241
296,16241
292,16396
81,16483
252,16616
219,16638
220,16639
221,16640
92,16682
213,16838
133,16839
131,16866
465,16951
454,16960
256,16962
485,16993
131,17008
368,17173
223,17186
212,17187
190,17265
440,17381
441,17382
130,17392
197,17399
65,17489
310,17532
200,17574
367,17577
226,17642
379,17749
67,17752
68,17753
69,17754
466,17778
472,17804
379,17842
65,17849
221,17885
222,17886
197,17930
379,18003
380,18004
470,18015
226,18070
470,18072
190,18129
298,18183
199,18222
251,18265
212,18309
381,18313
311,18338
442,18338
53,18369
198,18374
368,18409
197,18510
379,18511
20,18631
439,18731
292,18850
485,18972
254,19126
432,19126
235,19137
236,19138
379,19189
380,19190
465,19217
466,19218
292,19276
465,19346
130,19416
131,19417
64,19471
382,19474
197,19614
113,19650
380,19673
381,19674
382,19675
368,19729
200,19739
441,19780
351,19814
197,19816
379,19817
45,19850
292,19866
130,19912
114,19942
219,19943
502,19957
382,20053
167,20108
295,20124
197,20202
379,20203
380,20220
64,20231
320,20245
200,20247
413,20362
254,20413
432,20413
440,20504
133,20573
470,20591
491,20621
220,20632
199,20647
21,20662
131,20674
464,20689
199,20739
115,20850
426,20851
197,20893
132,20927
131,20947
96,20979
379,21144
379,21181
277,21301
379,21346
295,21349
234,21377
235,21378
236,21379
244,21404
253,21444
431,21444
254,21445
432,21445
251,21504
366,21518
367,21519
52,21524
366,21539
419,21546
173,21553
65,21619
465,21645
466,21646
315,21653
131,21687
96,21706
320,21847
366,21936
198,21981
197,22029
251,22097
423,22125
424,22126
71,22222
426,22296
485,22369
423,22448
424,22449
379,22467
366,22536
81,22563
197,22593
16,22622
67,22624
466,22666
137,22768
134,22769
66,22805
213,22808
197,22835
198,22836
379,22865
380,22866
320,22930
211,22950
430,22951
253,22952
431,22952
254,22953
432,22953
320,22956
485,23120
218,23142
130,23174
96,23186
198,23205
45,23262
233,23294
384,23305
45,23316
130,23342
320,23414
235,23427
132,23562
465,23592
466,23593
213,23664
470,23730
96,23794
486,23859
113,23894
114,23895
115,23896
472,23944
197,23978
320,24001
254,24014
432,24014
133,24033
132,24195
132,24228
345,24316
200,24321
304,24413
310,24461
311,24462
442,24462
380,24527
200,24535
82,24575
197,24647
379,24648
115,24673
426,24674
236,24741
499,24753
478,24781
67,24813
254,24833
432,24833
292,24935
422,25001
423,25002
424,25003
197,25013
198,25014
197,25043
198,25044
64,25055
200,25105
380,25131
423,25290
424,25291
130,25345
439,25393
478,25410
441,25431
470,25438
379,25443
335,25460
131,25465
472,25467
366,25529
197,25557
237,25599
366,25642
367,25643
131,25691
379,25735
380,25736
320,25782
197,25900
134,25903
52,25925
197,25941
131,26044
132,26045
199,26093
200,26094
367,26097
368,26098
298,26105
220,26112
221,26113
426,26149
130,26172
131,26257
74,26345
366,26378
254,26550
432,26550
255,26551
353,26566
234,26597
235,26598
439,26612
440,26613
16,26643
189,26736
379,26753
380,26754
248,26859
424,26860
485,26878
130,26907
256,26940
292,26945
197,27060
379,27061
276,27069
132,27082
133,27083
34,27118
310,27150
501,27156
226,27184
379,27233
320,27235
220,27360
221,27361
218,27484
18,27487
212,27510
499,27557
197,27626
254,27660
432,27660
310,27684
311,27685
442,27685
69,27742
499,27773
235,27804
235,28003
235,28013
470,28036
197,28173
382,28176
381,28218
173,28257
230,28325
96,28336
159,28413
244,28427
310,28486
198,28509
254,28533
432,28533
255,28534
256,28535
132,28547
52,28597
64,28619
16,28621
295,28678
17,28679
296,28679
18,28680
345,28772
379,28798
96,28858
310,28864
226,28874
470,28876
295,28879
78,28900
134,28913
211,28959
212,28960
17,29028
296,29028
64,29105
16,29136
17,29137
296,29137
95,29194
96,29195
96,29203
235,29210
131,29214
320,29237
167,29238
197,29249
298,29263
251,29389
252,29390
253,29391
431,29391
254,29392
432,29392
66,29427
220,29431
221,29432
470,29696
131,29729
297,29732
277,29738
295,29776
255,29793
295,29859
472,29898
485,30146
486,30147
478,30149
413,30153
212,30176
454,30193
455,30194
67,30219
298,30274
379,30318
379,30342
252,30346
253,30347
431,30347
254,30348
432,30348
167,30351
235,30368
470,30385
236,30408
320,30441
379,30492
198,30533
199,30534
304,30536
254,30551
432,30551
310,30583
254,30586
432,30586
220,30588
221,30589
17,30605
296,30605
491,30737
17,30757
296,30757
366,30805
367,30806
366,30808
367,30809
366,30811
220,30875
221,30876
379,30909
244,30918
115,30971
223,30976
212,30977
295,30983
17,30984
296,30984
212,31043
366,31070
34,31079
35,31080
132,31085
214,31086
422,31112
423,31113
424,31114
320,31167
382,31194
132,31247
382,31269
129,31275
130,31276
441,31281
130,31300
212,31328
382,31369
197,31391
198,31392
197,31402
483,31455
198,31546
218,31586
221,31599
173,31601
295,31665
466,31731
132,31831
379,31861
23,31869
242,31869
243,31870
292,31878
320,32117
64,32157
487,32181
131,32225
366,32253
132,32279
64,32298
65,32299
214,32321
212,32451
197,32478
198,32479
221,32597
465,32663
298,32705
464,32737
69,32752
65,32895
211,32920
212,32921
380,32994
381,32995
298,33014
466,33041
134,33051
298,33148
235,33151
218,33195
17,33204
296,33204
297,33205
298,33206
423,33229
424,33230
485,33250
400,33303
65,33338
379,33346
254,33357
432,33357
131,33364
472,33366
212,33378
253,33395
431,33395
256,33448
221,33544
235,33686
131,33690
198,33714
252,33720
253,33721
431,33721
254,33722
432,33722
485,33735
132,33764
423,33870
424,33871
366,33883
251,33915
426,33918
470,33933
68,34096
295,34101
17,34102
296,34102
421,34105
422,34106
423,34107
249,34108
213,34130
399,34139
197,34188
379,34189
320,34192
379,34231
320,34288
17,34294
296,34294
277,34321
381,34339
353,34347
310,34379
441,34444
197,34457
379,34458
321,34460
419,34514
115,34651
116,34652
434,34652
117,34653
405,34659
419,34713
197,34730
199,34802
465,34806
466,34807
366,34838
367,34839
466,34845
298,34874
440,34901
212,34970
379,35004
426,35017
380,35070
295,35084
64,35138
379,35178
441,35235
96,35272
379,35320
380,35321
64,35405
67,35423
68,35424
472,35439
220,35495
80,35503
298,35525
320,35591
379,35616
320,35618
303,35624
213,35652
226,35665
321,35696
322,35697
96,35785
393,35833
499,35886
198,35906
243,36179
212,36197
320,36202
366,36269
367,36270
393,36311
470,36348
219,36409
220,36410
221,36411
219,36468
220,36469
200,36548
252,36557
19,36560
102,36561
426,36613
379,36618
200,36621
426,36690
213,36702
485,36731
379,36749
485,36791
298,36817
198,36886
485,36905
366,36923
413,36960
498,37019
499,37020
465,37080
226,37087
470,37089
425,37090
345,37226
53,37315
485,37332
254,37353
432,37353
413,37380
254,37431
432,37431
252,37476
253,37477
431,37477
254,37478
432,37478
464,37531
393,37579
472,37676
379,37683
421,37701
422,37702
423,37703
69,37716
115,37725
367,37794
345,37818
380,37842
226,37889
131,37905
345,37922
69,38067
197,38123
379,38124
379,38163
320,38166
491,38214
367,38239
366,38253
221,38263
251,38323
419,38429
439,38440
440,38441
131,38538
222,38894
132,39000
64,39033
254,39064
432,39064
198,39155
53,39167
189,39292
197,39318
198,39319
413,39337
465,39388
466,39389
213,39397
133,39398
310,39425
501,39476
465,39502
465,39535
466,39536
52,39588
197,39612
198,39613
310,39677
198,39927
199,39928
130,39965
131,39966
466,40058
465,40114
454,40138
379,40206
200,40224
167,40281
273,40309
190,40328
441,40359
197,40419
379,40420
198,40543
466,40667
64,40758
254,40777
432,40777
255,40778
52,40833
53,40834
96,40880
464,40931
419,40950
366,41027
67,41112
433,41232
320,41293
167,41294
200,41328
310,41336
130,41501
132,41538
133,41539
134,41540
64,41553
381,41556
466,41574
197,41634
485,41643
132,41665
485,41676
380,41684
381,41685
310,41714
167,41744
322,41827
45,41839
454,41901
455,41902
441,41997
218,42068
465,42102
221,42115
440,42166
485,42228
230,42267
419,42454
132,42518
441,42527
132,42529
132,42562
214,42563
466,42568
219,42637
381,42669
382,42670
226,42673
399,42674
351,42712
197,42714
382,42717
485,42750
130,42797
131,42798
129,42814
130,42815
466,42820
366,42922
213,42969
466,43079
130,43088
198,43191
199,43251
485,43272
345,43296
465,43444
368,43458
132,43538
219,43547
220,43548
95,43558
131,43624
226,43640
412,43683
252,43721
226,43754
413,43828
222,43837
218,43873
486,43903
211,43919
212,43920
441,43943
226,43946
470,43948
200,43951
367,43990
381,44090
211,44101
212,44102
52,44163
220,44408
297,44461
466,44467
210,44512
382,44524
53,44534
310,44594
130,44660
23,44690
242,44690
243,44691
235,44706
236,44707
441,44740
398,44750
45,44760
213,44782
440,44863
367,44875
454,44923
214,44925
215,44926
96,44942
367,44975
366,44977
198,44984
199,44985
251,45041
465,45052
466,45053
199,45120
367,45151
366,45153
226,45158
221,45214
222,45215
485,45234
466,45251
379,45440
382,45478
115,45516
167,45540
470,45570
423,45622
16,45668
130,45747
53,45863
441,46001
235,46045
200,46106
235,46112
251,46132
484,46145
485,46146
486,46147
379,46194
198,46251
465,46284
317,46299
426,46380
419,46391
439,46524
440,46525
130,46594
130,46624
245,46675
400,46700
401,46701
413,46713
64,46877
298,46895
423,46946
424,46947
425,46948
298,47000
226,47025
399,47026
379,47133
22,47148
241,47148
17,47163
296,47163
382,47180
381,47350
366,47387
367,47388
368,47389
366,47399
132,47403
131,47570
96,47597
71,47670
17,47689
296,47689
235,47740
273,47761
198,47883
485,47996
235,48038
236,48039
320,48051
233,48059
234,48060
132,48064
200,48118
237,48194
68,48230
485,48248
345,48276
478,48296
96,48561
237,48565
23,48595
242,48595
243,48596
491,48602
320,48633
132,48743
214,48744
199,48777
213,48870
466,48937
212,49089
466,49249
485,49304
197,49352
226,49371
197,49379
198,49380
34,49463
114,49550
197,49610
379,49611
226,49638
399,49639
113,49658
197,49718
198,49719
320,49725
222,49756
380,49763
137,49764
134,49765
219,49792
220,49793
221,49794
297,49802
298,49803
211,49823
212,49824
320,49938
198,49966
213,49991
214,49992
64,50055
213,50127
477,50167
220,50177
221,50178
197,50231
198,50232
399,50245
380,50262
113,50280
114,50281
345,50324
249,50358
226,50455
413,50472
341,50479
413,50528
97,50555
366,50607
421,50628
422,50629
423,50630
424,50631
198,50636
320,50646
197,50687
400,50695
485,50786
366,50961
198,51072
132,51086
133,51087
367,51271
366,51273
381,51484
382,51511
419,51530
130,51553
131,51554
200,51557
53,51598
45,51653
96,51682
97,51683
226,51858
441,51940
254,51986
432,51986
454,52023
439,52092
440,52093
130,52097
322,52122
466,52184
310,52188
199,52322
253,52380
431,52380
254,52381
432,52381
454,52425
480,52441
481,52442
129,52507
130,52508
464,52531
345,52551
345,52574
218,52598
253,52630
431,52630
130,52687
499,52879
465,52967
466,52968
69,53103
220,53107
470,53172
425,53173
466,53200
273,53236
129,53265
485,53267
197,53393
276,53414
277,53415
278,53416
498,53448
499,53449
197,53515
366,53552
218,53603
381,53608
197,53654
379,53655
220,53684
221,53685
485,53706
486,53707
199,53756
454,53796
426,54017
132,54105
382,54107
213,54129
133,54130
200,54203
201,54204
221,54456
132,54459
96,54473
366,54484
379,54488
491,54506
366,54521
247,54608
233,54786
69,54856
69,54857
213,54881
133,54882
134,54883
379,54905
34,54917
113,54954
114,54955
64,54986
65,54987
235,55042
197,55046
198,55047
251,55058
252,55059
251,55061
382,55100
251,55103
470,55110
256,55112
211,55130
212,55131
222,55150
363,55158
454,55203
368,55231
477,55243
235,55387
114,55422
219,55423
237,55598
454,55728
455,55729
491,55733
379,55737
212,55791
363,55806
366,55815
485,55829
485,55925
501,55927
345,56075
113,56145
114,56146
115,56147
426,56148
419,56231
96,56281
366,56297
233,56400
130,56431
96,56467
419,56481
465,56484
131,56506
426,56508
366,56566
367,56567
367,56582
236,56609
254,56631
432,56631
220,56633
221,56634
379,56640
320,56642
130,56700
413,56754
130,56789
466,56872
131,56876
233,56913
96,56950
345,57062
441,57091
254,57100
432,57100
133,57102
138,57103
92,57104
367,57105
424,57132
465,57192
66,57209
420,57212
320,57297
254,57316
432,57316
379,57331
235,57361
439,57371
440,57372
441,57398
132,57400
214,57401
190,57424
422,57428
423,57429
424,57430
345,57480
190,57585
130,57648
113,57687
114,57688
419,57750
366,57758
379,57817
380,57818
366,57834
473,57867
378,57889
379,57890
295,57892
200,57898
222,57916
310,57975
199,58013
379,58175
417,58269
366,58283
220,58305
291,58415
189,58432
379,58454
441,58486
115,58579
426,58580
252,58587
441,58610
210,58618
132,58637
295,58712
244,58732
254,58741
432,58741
464,58765
213,58776
314,58839
315,58840
199,58877
254,58926
432,58926
381,58949
297,58961
366,58973
132,59027
252,59170
253,59171
431,59171
254,59172
432,59172
255,59173
18,59175
399,59185
380,59298
258,59459
197,59519
214,59683
129,59700
130,59701
131,59702
132,59703
133,59704
16,59783
214,59787
