480,138
501,138
245,154
246,155
388,170
57,244
332,258
124,269
99,272
100,273
204,324
271,356
317,365
207,367
167,368
168,368
167,369
168,369
167,370
168,370
98,375
332,422
425,480
425,545
504,547
479,558
284,572
422,573
382,574
99,581
100,582
308,646
217,648
218,649
202,666
518,700
283,706
498,760
499,761
500,762
166,797
167,798
168,798
526,868
476,904
421,908
406,910
100,924
207,936
167,937
168,937
167,938
168,938
55,939
56,940
57,941
58,942
238,971
412,971
284,978
422,979
204,985
206,1027
167,1065
168,1065
94,1068
430,1080
498,1141
499,1142
370,1147
529,1168
90,1190
91,1191
92,1192
318,1192
478,1238
526,1257
217,1301
307,1311
99,1329
189,1364
100,1369
424,1385
91,1428
238,1458
412,1458
56,1459
206,1480
207,1481
206,1579
207,1580
421,1589
488,1610
422,1653
382,1654
91,1724
429,1730
479,1779
504,1830
207,1876
510,2055
203,2064
204,2065
205,2066
498,2093
487,2097
355,2133
57,2174
206,2198
207,2199
167,2200
168,2200
189,2212
190,2213
254,2215
206,2233
166,2269
207,2277
167,2278
168,2278
167,2279
168,2279
59,2327
179,2328
504,2346
200,2405
94,2418
434,2477
167,2489
168,2489
167,2490
168,2490
167,2491
168,2491
167,2492
168,2492
167,2493
168,2493
169,2494
166,2523
208,2524
97,2531
422,2598
216,2635
125,2661
499,2680
242,2713
382,2737
497,2739
430,2748
399,2776
335,2804
217,2825
166,2826
90,2867
504,2915
317,2955
92,2956
318,2956
317,2959
238,2961
412,2961
468,2981
317,2988
92,2989
318,2989
503,3007
206,3141
422,3147
297,3187
499,3209
502,3227
526,3235
498,3241
359,3255
144,3260
145,3261
480,3273
501,3273
333,3297
499,3334
468,3352
91,3398
167,3465
168,3465
167,3466
168,3466
167,3467
168,3467
206,3477
317,3557
477,3601
425,3644
205,3684
383,3716
206,3834
219,3836
90,3838
406,3859
307,3882
308,3883
166,3888
208,3889
407,3938
283,3962
99,3963
158,3979
422,4074
382,4075
317,4121
240,4124
496,4124
497,4125
166,4138
167,4139
168,4139
146,4168
359,4228
480,4231
501,4231
481,4232
285,4250
166,4281
526,4290
400,4292
217,4349
217,4357
206,4379
166,4390
205,4406
91,4439
238,4482
412,4482
56,4483
166,4498
167,4499
168,4499
55,4500
56,4501
90,4586
91,4587
222,4766
223,4767
530,4775
308,4795
166,4850
55,4851
239,4852
240,4853
496,4853
497,4854
499,4901
257,4942
166,4951
158,4975
124,5026
468,5053
218,5150
546,5198
547,5199
317,5227
219,5230
99,5355
100,5356
524,5419
525,5420
526,5421
400,5423
317,5426
240,5438
496,5438
497,5439
504,5478
217,5497
98,5502
284,5503
58,5513
359,5538
238,5550
412,5550
56,5551
57,5552
544,5568
479,5628
507,5654
187,5673
94,5680
504,5698
500,5748
480,5749
501,5749
479,5760
307,5784
430,5795
202,5877
158,5881
500,5916
479,5952
359,5968
498,6058
259,6074
308,6103
497,6156
498,6157
94,6158
218,6205
487,6253
58,6286
523,6308
498,6337
206,6362
207,6363
167,6364
168,6364
404,6383
499,6412
500,6413
317,6416
98,6445
284,6446
91,6594
92,6595
318,6595
434,6598
94,6607
372,6641
479,6654
480,6679
501,6679
502,6680
422,6711
505,6712
506,6713
507,6714
508,6715
509,6716
144,6719
145,6720
202,6731
480,6760
501,6760
481,6761
480,6794
501,6794
502,6795
144,6848
145,6849
94,6875
529,6890
257,6985
488,7041
99,7122
478,7124
479,7125
206,7236
380,7294
98,7346
284,7347
479,7364
544,7410
545,7411
100,7432
94,7492
503,7523
508,7531
509,7532
479,7545
223,7609
480,7621
501,7621
502,7622
317,7662
283,7677
99,7678
498,7718
488,7722
498,7735
499,7736
500,7737
380,7744
480,7786
501,7786
311,7787
312,7788
187,7824
307,7857
308,7858
498,7891
499,7892
500,7893
422,8001
382,8002
497,8004
498,8005
499,8006
206,8109
217,8126
94,8129
96,8146
97,8147
98,8148
254,8151
187,8184
307,8205
308,8206
94,8220
95,8221
504,8325
431,8333
432,8334
183,8347
372,8388
529,8424
479,8451
144,8498
145,8499
238,8544
412,8544
56,8545
479,8562
480,8563
501,8563
502,8564
202,8588
99,8594
228,8668
317,8673
498,8698
499,8699
92,8730
318,8730
166,8842
508,8870
498,8877
94,8878
422,8928
422,8937
254,8944
283,8996
99,8997
504,9047
425,9146
499,9184
254,9255
478,9317
58,9321
424,9364
425,9365
504,9375
382,9412
487,9421
479,9428
468,9582
425,9638
422,9665
444,9668
257,9728
500,9735
480,9736
501,9736
307,9743
479,9755
479,9765
422,9777
429,9799
479,9843
60,9851
506,9900
317,9915
487,9931
218,9943
206,10049
506,10102
478,10115
506,10118
507,10119
508,10120
509,10121
480,10207
501,10207
98,10248
284,10249
422,10250
425,10367
245,10374
80,10395
81,10396
179,10434
180,10435
238,10441
412,10441
477,10516
534,10517
187,10528
487,10555
187,10605
80,10665
81,10666
283,10667
238,10756
412,10756
507,10759
480,10762
501,10762
355,10816
217,10857
92,10878
318,10878
317,10917
84,10922
187,11009
206,11048
238,11049
412,11049
479,11059
180,11104
101,11146
187,11180
240,11239
496,11239
497,11240
529,11283
429,11357
499,11369
166,11379
167,11380
168,11380
94,11383
92,11397
318,11397
93,11398
94,11399
95,11400
96,11401
97,11402
173,11421
100,11425
370,11439
206,11527
207,11528
55,11529
239,11530
213,11719
205,11737
422,11802
124,11811
500,11870
174,11884
206,11899
202,11941
307,11964
308,11965
205,12025
206,12026
238,12027
412,12027
142,12111
166,12324
359,12351
158,12454
498,12514
499,12515
506,12518
507,12519
99,12531
167,12550
168,12550
317,12597
504,12660
423,12661
92,12713
318,12713
93,12714
94,12715
95,12716
96,12717
97,12718
98,12719
479,12759
80,12768
81,12769
158,12781
166,12790
167,12791
168,12791
55,12792
187,12906
307,12921
308,12922
93,12933
499,12934
335,12958
336,12959
55,12978
284,12989
422,12990
213,12996
214,12997
371,12997
372,12998
55,13037
504,13047
423,13048
424,13049
425,13050
307,13092
434,13107
317,13119
480,13138
501,13138
502,13139
480,13174
501,13174
502,13175
503,13176
526,13179
206,13197
219,13199
307,13278
308,13279
430,13288
534,13384
91,13387
94,13522
206,13533
480,13590
501,13590
480,13631
501,13631
476,13645
477,13646
200,13710
100,13713
90,13752
388,13818
499,13846
500,13847
480,13848
501,13848
502,13849
99,13873
480,13884
501,13884
320,13900
359,14000
506,14004
507,14005
216,14026
422,14042
223,14056
92,14057
318,14057
93,14058
499,14059
389,14069
531,14070
317,14123
98,14143
99,14144
206,14181
206,14195
124,14225
124,14313
90,14347
91,14348
92,14349
318,14349
174,14410
498,14442
499,14443
500,14444
487,14466
541,14532
217,14543
504,14626
228,14657
101,14664
498,14673
499,14674
534,14706
257,14719
500,14771
144,14798
145,14799
398,14824
359,14836
144,14841
145,14842
498,14886
499,14887
100,14979
523,15028
90,15060
91,15061
222,15162
223,15163
218,15186
500,15199
283,15377
99,15378
91,15407
92,15408
318,15408
93,15409
503,15423
317,15428
479,15433
398,15439
206,15482
99,15500
479,15509
100,15525
279,15536
254,15560
499,15568
534,15592
92,15621
318,15621
93,15622
94,15623
90,15664
99,15743
530,15750
308,15773
100,15795
124,15847
307,15854
308,15855
224,15867
238,15902
412,15902
239,15903
240,15904
496,15904
497,15905
164,15950
92,15986
318,15986
93,15987
499,15988
95,16015
206,16060
207,16061
55,16062
56,16063
498,16071
94,16072
95,16073
246,16125
271,16184
380,16229
206,16239
423,16257
94,16277
98,16358
99,16359
430,16395
498,16398
94,16399
92,16406
318,16406
166,16429
55,16430
422,16526
381,16555
241,16586
214,16596
371,16596
216,16637
217,16657
97,16674
88,16709
89,16710
90,16711
208,16734
216,16765
359,16800
166,16819
167,16820
168,16820
55,16821
497,16850
507,16871
422,16895
382,16896
497,16898
320,16900
59,16908
179,16909
126,16921
434,17036
422,17048
142,17130
143,17131
499,17274
425,17279
534,17296
317,17354
510,17366
100,17390
504,17498
423,17499
424,17500
425,17501
421,17532
308,17625
380,17691
500,17716
548,17737
206,17749
355,17823
204,17840
205,17841
206,17842
224,17910
179,17972
206,18003
238,18004
412,18004
478,18067
479,18068
499,18075
124,18157
306,18214
90,18219
91,18220
92,18221
318,18221
434,18224
524,18275
94,18304
166,18311
55,18312
56,18313
218,18330
504,18344
282,18381
224,18428
206,18511
308,18527
88,18569
89,18570
90,18571
91,18572
97,18586
285,18605
529,18658
476,18678
99,18704
204,18783
205,18784
100,18816
101,18817
529,18871
480,18929
501,18929
502,18930
503,18931
504,18932
382,18933
497,18935
498,18936
499,18937
422,19031
307,19040
486,19043
99,19100
478,19102
320,19130
321,19131
488,19139
98,19141
99,19142
88,19157
92,19169
318,19169
93,19170
499,19171
206,19189
238,19190
412,19190
424,19219
430,19275
498,19278
499,19279
480,19357
501,19357
499,19410
500,19411
91,19502
389,19540
531,19541
370,19551
214,19552
371,19552
80,19554
81,19555
283,19556
398,19628
399,19629
238,19673
412,19673
56,19674
308,19715
498,19722
499,19723
500,19724
504,19810
206,19817
207,19818
55,19819
430,19865
487,19950
498,19986
499,19987
498,19998
499,19999
500,20000
480,20001
501,20001
481,20002
468,20014
165,20020
479,20033
98,20040
99,20041
100,20042
255,20076
223,20120
207,20122
167,20123
168,20123
219,20125
498,20163
499,20164
500,20165
100,20171
480,20179
501,20179
206,20203
332,20207
410,20218
411,20219
238,20220
412,20220
317,20273
480,20343
501,20343
92,20459
318,20459
100,20498
100,20506
187,20522
254,20549
255,20550
217,20709
313,20736
497,20747
498,20748
499,20749
307,20765
308,20766
317,20779
92,20780
318,20780
93,20781
94,20782
477,20803
534,20804
429,20833
308,20880
217,20882
526,20911
400,20913
99,20938
476,20962
422,20990
382,20991
429,21004
126,21010
487,21015
307,21089
308,21090
217,21092
166,21093
208,21094
487,21134
206,21144
308,21161
206,21181
187,21233
480,21282
501,21282
502,21283
434,21284
406,21303
206,21346
207,21347
167,21348
168,21348
219,21350
504,21361
423,21362
424,21363
468,21385
92,21395
318,21395
207,21418
55,21419
406,21554
480,21595
501,21595
502,21596
503,21597
500,21660
100,21667
425,21705
498,21796
499,21821
500,21822
217,21845
166,21846
237,21862
207,21863
145,21927
100,21988
308,21997
308,22006
499,22022
358,22102
499,22109
166,22128
498,22150
189,22191
422,22193
497,22200
422,22235
228,22272
372,22284
468,22300
283,22349
99,22350
100,22351
282,22370
92,22416
318,22416
429,22428
206,22467
125,22564
259,22646
320,22649
321,22650
424,22667
94,22702
55,22767
239,22768
240,22769
496,22769
497,22770
317,22773
503,22778
259,22814
480,22822
501,22822
481,22823
380,22846
81,22861
206,22865
238,22866
412,22866
422,22893
500,22899
480,22900
501,22900
481,22901
480,22906
501,22906
166,22929
355,22941
166,22955
487,22966
479,23001
480,23017
501,23017
479,23061
499,23086
500,23087
477,23131
205,23204
271,23258
284,23303
285,23304
257,23388
228,23487
534,23522
92,23539
318,23539
93,23540
124,23546
422,23556
479,23613
284,23654
422,23655
104,23695
105,23696
317,23765
508,23773
544,23778
478,23786
406,23875
407,23876
308,23884
523,23925
166,24000
504,24081
382,24082
497,24084
498,24085
308,24116
92,24156
318,24156
317,24159
507,24198
223,24285
202,24290
220,24313
308,24317
504,24334
479,24342
94,24407
479,24410
480,24411
501,24411
502,24412
421,24461
228,24478
238,24527
412,24527
380,24550
526,24553
124,24574
216,24606
217,24607
146,24637
206,24648
91,24687
478,24736
479,24737
488,24742
359,24910
534,24922
430,24934
213,24968
166,25005
167,25006
168,25006
167,25007
168,25007
208,25008
91,25119
238,25131
412,25131
90,25139
91,25140
479,25250
480,25251
501,25251
502,25252
98,25304
99,25305
166,25357
217,25404
223,25418
206,25443
487,25598
206,25735
238,25736
412,25736
91,25762
480,25842
501,25842
479,25871
502,25887
240,25903
496,25903
497,25904
422,25946
429,26028
502,26042
503,26043
498,26100
499,26101
534,26116
504,26173
499,26182
517,26188
144,26197
145,26198
317,26228
202,26326
478,26385
480,26462
501,26462
406,26570
219,26644
80,26704
81,26705
206,26753
238,26754
412,26754
97,26776
98,26777
498,26788
399,26791
406,26793
479,26846
425,26852
88,26904
499,26925
429,26943
430,26944
247,26988
248,26989
428,26991
429,26992
430,26993
307,27013
380,27037
98,27048
99,27049
100,27050
206,27061
200,27118
421,27150
422,27151
372,27169
92,27196
318,27196
206,27233
207,27234
94,27237
189,27314
190,27315
223,27352
92,27353
318,27353
320,27396
321,27397
98,27407
94,27455
55,27464
507,27467
305,27479
124,27488
126,27506
423,27516
372,27561
370,27564
99,27587
166,27662
208,27663
420,27683
421,27684
98,27693
468,27698
479,27709
480,27769
501,27769
480,27817
501,27817
502,27818
99,27825
100,27826
284,27846
91,27865
317,28078
425,28101
504,28103
498,28118
499,28119
500,28120
480,28121
501,28121
98,28181
99,28182
478,28184
56,28218
406,28258
216,28298
422,28320
400,28344
169,28359
317,28368
98,28421
421,28486
526,28544
382,28558
400,28563
90,28570
389,28578
499,28590
383,28593
526,28651
487,28672
207,28676
167,28677
168,28677
380,28735
206,28798
479,28836
217,28853
425,28857
420,28863
421,28864
526,28867
166,28878
240,28913
496,28913
497,28914
372,28926
89,28942
90,28943
91,28944
92,28945
318,28945
319,28946
283,28957
217,29013
307,29064
500,29100
480,29101
501,29101
352,29113
166,29120
94,29218
523,29349
317,29400
124,29410
271,29421
429,29441
430,29442
258,29509
526,29549
90,29614
91,29615
548,29624
317,29642
92,29643
318,29643
166,29698
208,29699
164,29772
165,29773
166,29774
167,29775
168,29775
319,29810
500,29822
486,29849
487,29850
166,29858
219,29860
145,29976
146,29977
319,29982
406,30084
228,30091
59,30161
179,30162
202,30172
478,30255
479,30256
173,30267
213,30269
468,30304
206,30318
207,30319
167,30320
168,30320
167,30321
168,30321
206,30342
285,30391
422,30435
425,30469
206,30492
476,30505
57,30554
421,30583
99,30648
529,30650
283,30713
99,30714
218,30756
80,30858
206,30909
207,30910
167,30911
168,30911
167,30912
168,30912
208,30913
98,30946
284,30947
166,30982
142,31006
143,31007
144,31008
166,31045
208,31046
200,31079
187,31151
166,31165
167,31166
168,31166
332,31198
99,31320
166,31330
167,31331
168,31331
55,31332
317,31549
406,31602
346,31612
144,31620
145,31621
509,31638
400,31641
480,31646
501,31646
480,31675
501,31675
498,31688
424,31732
425,31733
499,31790
380,31801
98,31855
284,31856
422,31857
206,31861
407,31895
408,31896
217,31900
220,31959
399,32066
223,32113
207,32115
167,32116
168,32116
98,32127
284,32128
529,32142
499,32147
548,32178
503,32224
307,32232
503,32241
504,32242
317,32270
305,32315
422,32348
480,32447
501,32447
502,32448
504,32470
382,32471
480,32491
501,32491
479,32550
317,32594
254,32600
499,32651
500,32652
497,32762
257,32781
498,32798
94,32799
499,32816
94,32837
380,32865
480,32891
501,32891
481,32892
91,32992
238,32994
412,32994
56,32995
424,33042
495,33050
240,33051
496,33051
504,33057
523,33085
218,33121
480,33134
501,33134
481,33135
308,33144
358,33180
218,33203
227,33227
218,33232
319,33287
206,33346
425,33362
413,33506
90,33549
91,33550
283,33576
500,33600
420,33649
502,33756
503,33757
479,33779
499,33788
504,33840
227,33868
479,33909
202,33921
479,33944
93,33992
213,34055
217,34069
307,34078
308,34086
166,34100
57,34132
499,34177
206,34189
207,34190
167,34191
168,34191
206,34231
217,34254
166,34287
499,34290
218,34293
251,34320
406,34323
166,34337
55,34338
56,34339
202,34371
421,34379
502,34382
427,34441
406,34453
206,34458
410,34493
480,34545
501,34545
502,34546
98,34668
503,34690
487,34714
253,34751
254,34752
497,34758
90,34799
91,34800
92,34801
318,34801
424,34808
158,34855
476,34923
218,34972
206,35004
98,35027
271,35035
238,35070
412,35070
207,35082
167,35083
168,35083
308,35114
100,35134
422,35159
206,35178
480,35206
501,35206
476,35284
206,35320
238,35321
412,35321
319,35333
223,35336
283,35369
91,35420
499,35429
98,35435
284,35436
420,35511
383,35552
206,35616
207,35617
432,35623
433,35624
503,35625
359,35628
359,35661
90,35692
91,35693
526,35720
317,35741
94,35759
187,35768
317,35778
480,35859
501,35859
502,35860
503,35861
504,35862
283,35888
97,35917
480,35953
501,35953
502,35954
308,35963
544,36018
94,36038
95,36039
96,36040
97,36041
98,36042
284,36043
478,36070
166,36199
167,36200
168,36200
167,36201
168,36201
534,36250
308,36407
165,36427
228,36493
94,36497
500,36524
216,36562
187,36572
206,36618
145,36708
422,36724
206,36749
57,36806
58,36807
59,36808
60,36809
285,36857
93,36887
499,36888
500,36889
480,36890
501,36890
481,36891
480,36896
501,36896
480,36974
501,36974
481,36975
480,37035
501,37035
90,37043
91,37044
189,37083
317,37115
92,37194
318,37194
166,37253
296,37351
166,37355
208,37356
255,37381
173,37521
213,37523
207,37590
167,37591
168,37591
208,37592
206,37683
321,37747
187,37793
477,37802
478,37803
479,37804
308,37819
319,37837
223,37840
238,37842
412,37842
93,37914
499,37915
308,37923
100,37938
317,37958
244,37989
245,37990
246,37991
271,38029
476,38119
206,38124
205,38162
206,38163
207,38164
167,38165
168,38165
499,38168
500,38169
480,38170
501,38170
502,38171
503,38172
408,38224
410,38260
480,38299
501,38299
481,38300
297,38322
207,38391
167,38392
168,38392
167,38393
168,38393
167,38394
168,38394
55,38395
308,38414
358,38425
359,38426
499,38512
500,38513
480,38514
501,38514
461,38591
308,38604
187,38669
350,38677
429,38898
427,38915
90,39198
91,39199
479,39219
92,39247
318,39247
93,39320
499,39321
424,39390
214,39416
371,39416
480,39422
501,39422
421,39425
317,39433
92,39434
318,39434
91,39519
424,39537
217,39544
93,39614
499,39615
500,39616
480,39617
501,39617
479,39650
421,39677
81,39704
92,39721
318,39721
93,39722
179,39734
380,39769
526,39820
400,39822
499,39828
98,39856
316,39890
317,39891
92,39892
318,39892
477,39918
478,39919
479,39920
480,39921
501,39921
380,39932
92,40033
318,40033
93,40034
228,40052
100,40130
158,40154
206,40206
94,40306
526,40315
206,40420
479,40435
500,40438
480,40439
501,40439
91,40484
468,40497
203,40501
423,40605
424,40606
100,40638
101,40639
283,40734
284,40735
481,40868
425,40879
479,40884
480,40885
501,40885
487,40922
487,40951
317,41109
398,41119
94,41184
166,41292
421,41336
57,41382
281,41406
503,41453
545,41515
546,41516
547,41517
96,41520
97,41521
486,41528
240,41540
496,41540
497,41541
56,41556
498,41571
499,41572
317,41601
92,41602
318,41602
93,41603
534,41639
189,41668
238,41684
412,41684
56,41685
57,41686
421,41714
217,41742
317,41788
308,41823
499,41905
499,41927
317,41962
285,41975
422,41980
308,42034
526,42037
217,42069
317,42112
497,42126
283,42187
99,42188
100,42189
380,42212
534,42260
223,42300
125,42321
499,42351
500,42352
480,42353
501,42353
502,42354
503,42355
359,42451
526,42476
400,42478
380,42488
381,42489
505,42490
506,42491
189,42532
190,42533
146,42574
147,42575
56,42669
504,42708
498,42759
499,42760
94,42794
424,42821
498,42881
94,42882
57,42971
202,43005
88,43010
461,43065
526,43091
524,43122
525,43123
283,43174
284,43175
504,43185
100,43222
503,43253
308,43297
100,43304
430,43393
158,43486
237,43494
499,43497
500,43498
91,43528
57,43584
534,43667
506,43711
90,43717
317,43759
92,43760
318,43760
307,43777
308,43778
523,43833
92,43868
318,43868
498,43998
308,44004
222,44063
223,44064
158,44072
56,44090
218,44104
219,44105
534,44147
187,44223
317,44235
92,44236
318,44236
317,44320
284,44380
57,44413
499,44457
424,44468
406,44488
421,44594
317,44648
529,44655
92,44676
318,44676
285,44741
358,44852
529,44866
187,44874
283,44886
90,44952
529,44961
422,44980
500,44999
424,45054
425,45055
213,45138
214,45139
371,45139
499,45249
499,45322
500,45379
480,45380
501,45380
243,45396
205,45439
206,45440
534,45483
503,45584
480,45619
501,45619
481,45620
237,45655
216,45706
285,45726
434,45737
504,45748
283,45810
222,45890
223,45891
158,45907
480,45912
501,45912
502,45913
480,45948
501,45948
332,46005
422,46121
94,46136
206,46194
93,46252
94,46253
526,46308
526,46422
359,46556
504,46625
158,46643
499,46689
283,46778
534,46882
187,47013
478,47022
479,47023
487,47029
80,47051
478,47062
206,47133
237,47161
406,47210
207,47348
55,47349
56,47350
227,47359
498,47391
81,47515
425,47568
487,47651
488,47652
98,47654
284,47655
218,47688
81,47710
100,47729
499,47795
500,47796
317,47799
94,47845
468,47905
217,47918
332,47922
429,47961
285,48017
488,48040
243,48047
499,48053
500,48054
480,48055
501,48055
399,48062
217,48149
218,48150
219,48151
220,48152
308,48170
487,48193
308,48277
165,48313
219,48344
307,48357
94,48389
336,48459
540,48503
487,48564
308,48619
166,48632
499,48767
104,48804
100,48853
145,48899
91,48948
423,48972
424,48973
534,49003
98,49016
99,49017
480,49034
501,49034
502,49035
478,49075
479,49076
507,49123
420,49239
424,49250
479,49343
317,49346
93,49381
499,49382
406,49436
200,49463
94,49509
217,49551
380,49569
90,49573
91,49574
92,49575
318,49575
206,49611
207,49612
55,49613
534,49626
96,49628
97,49629
98,49630
400,49636
238,49763
412,49763
239,49764
240,49765
496,49765
497,49766
477,49777
478,49778
99,49900
100,49901
101,49902
308,49907
207,49937
257,49975
468,49979
307,50021
499,50058
500,50059
480,50060
501,50060
307,50066
308,50067
91,50090
219,50093
480,50112
501,50112
307,50133
308,50134
57,50138
332,50189
90,50240
91,50241
92,50242
318,50242
238,50262
412,50262
90,50285
93,50292
94,50293
526,50301
90,50349
316,50352
316,50539
317,50540
92,50541
318,50541
166,50645
422,50729
425,50784
503,50818
498,50839
499,50840
58,50844
92,50852
318,50852
217,50886
524,50946
313,51035
187,51050
254,51066
255,51067
503,51136
504,51137
92,51162
318,51162
187,51270
158,51277
529,51293
534,51308
359,51373
279,51479
56,51484
187,51503
100,51524
487,51531
425,51579
317,51644
92,51645
318,51645
524,51649
525,51650
100,51656
144,51687
285,51710
422,51723
534,51748
526,51865
179,51937
296,51980
94,51990
95,51991
480,52082
501,52082
502,52083
503,52084
100,52095
424,52185
421,52188
502,52191
526,52208
468,52281
317,52320
92,52321
318,52321
106,52357
544,52386
308,52552
196,52589
317,52602
479,52607
307,52626
307,52644
308,52645
217,52647
504,52688
504,52745
307,52788
317,52804
92,52805
318,52805
319,52806
479,52888
90,52895
91,52896
517,52919
500,52949
480,53002
501,53002
502,53003
506,53041
228,53180
499,53198
332,53222
529,53235
223,53253
474,53295
244,53372
271,53395
434,53425
504,53454
359,53501
217,53604
166,53605
167,53606
168,53606
55,53607
56,53608
57,53609
478,53613
479,53614
206,53655
207,53656
169,53657
286,53688
287,53689
498,53733
94,53734
434,53758
422,53790
505,53791
506,53792
480,53802
501,53802
502,53803
237,53823
479,53842
480,53843
501,53843
502,53844
504,53886
187,53913
430,53960
257,54010
500,54046
480,54047
501,54047
100,54268
97,54377
98,54378
99,54379
100,54380
380,54384
308,54407
206,54488
498,54504
478,54630
94,54661
100,54763
95,54797
91,54799
529,54813
479,54836
94,54863
95,54864
100,54875
240,54883
496,54883
497,54884
498,54885
206,54905
94,54908
244,54914
200,54917
217,54956
100,54982
503,54996
499,55019
332,55067
124,55241
526,55365
144,55389
499,55466
480,55565
501,55565
502,55566
317,55631
406,55664
257,55697
94,55711
206,55737
93,55774
218,55793
98,55848
487,55873
372,55945
526,56007
359,56031
254,56037
217,56055
308,56076
498,56089
258,56117
259,56118
94,56155
187,56168
526,56195
400,56197
500,56250
480,56251
501,56251
422,56300
486,56392
100,56429
479,56471
480,56503
501,56503
502,56504
503,56505
480,56523
501,56523
90,56533
529,56542
187,56581
488,56610
206,56640
207,56641
504,56684
498,56707
499,56708
355,56714
255,56755
207,56759
167,56760
168,56760
55,56761
413,56762
504,56790
424,56873
425,56874
526,56922
380,57049
308,57063
187,57075
422,57078
399,57097
187,57111
381,57139
534,57151
316,57229
359,57267
167,57296
168,57296
499,57319
206,57331
92,57348
318,57348
463,57395
464,57396
213,57441
214,57442
371,57442
308,57481
467,57487
468,57488
217,57503
94,57506
205,57538
100,57550
189,57588
247,57657
285,57665
422,57761
91,57797
92,57798
318,57798
206,57817
238,57818
412,57818
206,57890
207,57891
507,57906
528,57920
529,57921
308,57938
421,57975
99,58085
91,58088
206,58175
526,58202
247,58211
526,58323
203,58343
204,58344
206,58454
499,58471
500,58472
504,58499
499,58519
422,58611
382,58612
487,58621
90,58630
91,58631
479,58688
217,58710
166,58711
219,58713
504,58761
380,58784
381,58785
423,58786
228,58801
279,58841
166,58946
167,58947
168,58947
55,58948
56,58949
279,59024
510,59138
427,59149
100,59153
203,59165
204,59166
124,59176
383,59195
94,59228
88,59242
238,59298
412,59298
498,59325
499,59326
227,59343
228,59344
529,59415
524,59422
525,59423
271,59521
179,59574
259,59576
500,59657
480,59669
501,59669
224,59718
187,59774
179,59795
