477,0
429,9
430,10
480,162
394,268
173,278
174,279
438,365
476,399
477,400
478,401
258,402
479,402
226,412
451,415
212,434
118,448
450,453
451,454
333,524
452,610
333,654
481,761
482,786
426,788
476,864
477,865
85,942
393,1002
481,1142
482,1143
361,1192
257,1300
212,1314
213,1315
179,1331
225,1365
448,1367
333,1383
227,1487
164,1552
440,1616
254,1722
391,1850
449,2153
406,2330
480,2417
393,2438
374,2531
212,2536
334,2542
160,2545
392,2575
227,2612
228,2613
481,2680
430,2695
335,2738
256,2823
257,2824
226,2883
391,2922
160,2947
438,2955
361,2956
438,2959
438,2988
361,2989
333,2994
213,3058
226,3067
213,3076
359,3173
213,3178
213,3190
481,3209
481,3334
482,3335
483,3336
439,3399
393,3404
394,3480
438,3557
298,3620
211,3667
117,3678
333,3714
334,3715
406,3728
110,3786
253,3788
254,3789
258,3866
479,3866
450,3927
393,3995
408,4084
476,4097
438,4121
179,4156
258,4303
479,4303
469,4322
256,4347
257,4348
227,4436
179,4504
439,4588
359,4751
166,4830
480,4861
481,4901
213,4948
145,4983
179,5011
258,5224
479,5224
438,5227
438,5426
450,5504
451,5505
85,5513
179,5525
227,6052
393,6106
468,6132
334,6154
335,6155
169,6164
333,6283
85,6286
166,6327
433,6341
481,6412
438,6416
439,6417
212,6460
358,6537
359,6538
360,6539
393,6586
361,6595
212,6619
297,6742
476,6831
441,6862
254,7132
393,7175
451,7225
450,7348
451,7349
452,7350
160,7468
118,7481
480,7526
438,7662
481,7736
482,7748
77,7782
257,7842
393,7844
481,7892
117,7927
335,8003
481,8006
348,8131
374,8147
393,8201
258,8208
479,8208
480,8219
258,8376
479,8376
476,8406
477,8407
478,8408
408,8487
145,8503
477,8529
478,8530
258,8531
479,8531
237,8625
238,8626
438,8673
481,8699
360,8729
361,8730
260,8732
334,8896
480,9014
477,9028
478,9029
258,9030
479,9030
368,9073
469,9117
481,9184
85,9321
166,9333
169,9404
333,9408
226,9417
236,9498
237,9499
238,9500
133,9724
134,9725
250,9748
238,9761
238,9867
260,9879
438,9915
218,10112
373,10172
124,10372
125,10373
253,10515
426,10576
170,10620
171,10621
333,10632
226,10746
86,10844
87,10845
88,10846
361,10878
438,10917
211,11083
253,11304
481,11369
361,11397
362,11398
374,11402
179,11500
253,11510
440,11757
226,11815
168,11824
348,11933
349,11934
343,11937
88,11961
258,11967
479,11967
439,11977
235,11981
439,12073
134,12106
334,12172
360,12180
480,12214
391,12228
258,12269
479,12269
480,12270
451,12438
481,12515
438,12597
440,12656
361,12713
362,12714
374,12718
126,12827
440,12835
396,12900
362,12933
481,12934
476,12954
477,12955
139,13045
86,13070
477,13102
478,13103
258,13104
479,13104
438,13119
226,13154
333,13167
420,13303
396,13343
439,13388
117,13413
420,13478
434,13518
408,13542
168,13560
169,13561
179,13647
357,13801
480,13845
481,13846
333,13920
451,13974
124,13985
258,14027
479,14027
334,14034
432,14046
361,14057
362,14058
481,14059
438,14123
396,14137
468,14229
361,14349
238,14374
481,14443
179,14457
393,14484
226,14552
227,14555
406,14563
88,14583
253,14662
481,14674
477,14685
179,14850
481,14887
124,14909
116,14919
145,14930
117,14937
238,14953
333,15110
477,15154
478,15155
258,15156
479,15156
166,15213
226,15372
361,15408
362,15409
438,15428
439,15429
440,15430
253,15532
481,15568
361,15621
362,15622
226,15725
227,15726
360,15821
393,15952
361,15986
362,15987
481,15988
88,16022
373,16140
188,16180
439,16200
480,16276
361,16406
226,16480
238,16549
334,16584
335,16585
468,16590
88,16598
433,16610
257,16656
253,16671
254,16672
374,16674
334,16680
258,16766
479,16766
334,16848
335,16849
335,16897
406,16911
407,16912
408,16913
451,16983
452,16984
274,17021
477,17056
478,17057
258,17058
479,17058
333,17084
480,17273
481,17274
359,17323
438,17354
211,17519
212,17520
360,17570
476,17615
117,17634
253,17758
254,17759
238,17914
477,17936
478,17937
258,17938
479,17938
211,18039
212,18040
477,18060
478,18061
480,18074
481,18075
361,18221
393,18268
369,18394
360,18427
374,18586
408,18611
86,18630
212,18633
272,18809
166,18867
167,18868
253,18877
483,18918
335,18934
481,18937
482,18938
334,19104
361,19169
362,19170
481,19171
227,19176
390,19216
481,19279
227,19292
481,19410
469,19460
226,19513
396,19560
260,19579
481,19723
212,19747
212,19824
179,19845
254,19976
481,19987
481,19999
477,20061
397,20081
481,20164
359,20185
360,20186
439,20187
298,20225
159,20249
438,20273
451,20313
361,20459
227,20487
159,20501
160,20502
440,20527
258,20618
479,20618
480,20619
480,20725
334,20745
335,20746
481,20749
438,20779
361,20780
362,20781
253,20802
432,20835
257,20849
468,21108
396,21116
169,21154
258,21163
479,21163
259,21246
219,21289
361,21395
212,21443
213,21444
124,21617
469,21702
238,21815
481,21821
257,21844
480,22021
481,22022
333,22041
481,22109
478,22118
440,22143
166,22251
167,22252
352,22263
334,22312
333,22338
396,22358
211,22399
212,22400
361,22416
480,22457
253,22638
442,22721
438,22773
213,22952
359,23081
360,23082
481,23086
179,23132
258,23143
479,23143
391,23217
406,23267
117,23439
118,23440
469,23493
361,23539
362,23540
438,23765
334,23788
391,23799
476,23940
477,23941
478,23942
334,24070
335,24083
361,24156
438,24159
439,24160
440,24161
441,24162
452,24265
164,24269
334,24280
257,24310
258,24319
479,24319
480,24406
416,24452
442,24491
360,24525
439,24613
390,24623
254,24685
439,24688
482,24831
483,24889
333,24927
205,24933
160,25051
408,25060
161,25123
162,25124
334,25245
179,25307
483,25342
469,25368
257,25403
439,25419
452,25523
393,25693
440,25753
272,25971
360,25973
253,25985
226,25991
227,25992
450,26063
451,26064
481,26101
482,26102
359,26107
481,26182
482,26183
483,26184
438,26228
334,26312
321,26314
226,26356
178,26384
391,26434
449,26693
374,26776
88,26810
393,26862
480,26924
481,26925
482,26926
234,26989
235,26990
408,26996
451,27039
126,27116
483,27142
420,27186
361,27196
257,27333
361,27353
451,27386
211,27392
226,27432
393,27486
394,27487
393,27512
88,27727
475,27736
441,27751
86,27784
134,27837
439,27866
451,27886
393,28038
117,28049
438,28078
481,28119
258,28299
479,28299
124,28350
438,28368
439,28369
134,28424
480,28589
481,28590
334,28592
393,28610
477,28648
394,28680
258,28698
479,28698
413,28714
393,28777
439,28788
361,28945
483,28950
253,29003
477,29011
478,29012
272,29017
360,29025
477,29035
478,29036
393,29038
393,29153
166,29177
477,29293
478,29294
483,29328
439,29367
212,29387
213,29391
438,29400
439,29401
406,29510
440,29612
438,29642
361,29643
393,29731
480,29752
393,29794
372,29834
373,29835
441,29861
477,29944
478,29945
393,29947
169,30063
212,30074
238,30102
476,30120
477,30121
478,30122
226,30252
227,30253
213,30347
393,30387
449,30390
227,30450
117,30457
439,30595
360,30602
468,30720
469,30721
226,30725
227,30726
393,30767
334,30789
257,30970
393,31018
226,31051
134,31185
166,31192
167,31193
333,31256
480,31340
480,31359
393,31364
438,31549
258,31587
479,31587
480,31588
433,31692
389,31693
390,31694
391,31695
160,31704
333,31730
476,31739
477,31740
478,31741
481,31790
482,31791
483,31792
258,31966
479,31966
480,31967
301,32036
480,32063
258,32109
479,32109
481,32147
438,32270
439,32271
440,32272
168,32369
359,32578
438,32594
481,32651
481,32816
334,32818
480,32836
393,32882
483,32945
168,32996
169,32997
483,33002
214,33179
212,33394
213,33395
440,33481
159,33610
343,33650
482,33655
483,33656
226,33667
448,33709
213,33721
360,33784
481,33788
205,33797
333,33857
432,33887
359,33897
360,33898
362,33992
258,34088
479,34088
480,34176
481,34177
481,34290
226,34298
169,34317
159,34350
88,34362
301,34389
257,34650
393,34684
333,34755
334,34756
335,34757
361,34801
253,34832
179,34904
432,34942
477,34956
480,34976
226,35013
406,35075
117,35119
439,35337
439,35421
480,35428
481,35429
134,35483
334,35551
124,35587
432,35599
168,35654
438,35741
439,35742
440,35743
438,35778
86,35831
258,35836
479,35836
477,35895
254,35915
374,35917
343,35935
344,35936
476,35940
374,36041
333,36057
391,36129
408,36273
124,36342
179,36503
391,36611
480,36773
85,36807
440,36836
476,36848
362,36887
481,36888
343,36994
359,37004
360,37005
439,37006
438,37115
439,37116
442,37121
361,37194
333,37205
482,37322
480,37433
253,37463
359,37472
213,37477
359,37587
360,37588
257,37724
478,37738
238,37855
169,37871
398,37899
362,37914
481,37915
438,37958
373,38034
439,38061
211,38112
212,38113
481,38168
352,38268
477,38320
160,38344
477,38360
391,38432
480,38511
481,38512
393,38658
124,38741
391,38851
254,38885
369,38901
333,38905
258,39104
479,39104
160,39125
161,39126
117,39215
393,39240
360,39246
361,39247
362,39320
481,39321
482,39322
439,39346
440,39347
205,39360
88,39418
438,39433
361,39434
477,39542
478,39543
362,39614
481,39615
253,39658
360,39720
361,39721
362,39722
480,39827
481,39828
438,39891
361,39892
439,39905
333,39982
219,40004
361,40033
362,40034
393,40110
360,40184
333,40477
227,40481
440,40658
482,40775
393,40779
360,40987
396,41005
450,41030
451,41031
441,41076
442,41077
360,41101
438,41109
439,41110
145,41138
397,41155
272,41369
258,41446
479,41446
374,41521
481,41572
438,41601
361,41602
362,41603
124,41624
477,41740
478,41741
468,41752
438,41788
166,41806
258,41825
479,41825
469,41894
481,41905
482,41906
480,41926
481,41927
482,41928
483,41929
438,41962
440,42030
226,42092
438,42112
160,42164
391,42295
439,42301
440,42302
441,42303
480,42350
481,42351
451,42357
226,42427
257,42636
429,42657
451,42660
393,42678
360,42725
481,42760
226,42839
390,42846
170,42887
171,42888
88,43198
160,43346
408,43396
359,43407
360,43408
439,43409
481,43497
348,43669
373,43687
420,43709
421,43710
438,43759
361,43760
272,43865
360,43867
361,43868
226,43912
227,43913
88,43973
393,44007
441,44106
166,44195
438,44235
361,44236
226,44305
438,44320
482,44347
483,44348
469,44430
226,44434
227,44435
481,44457
392,44459
393,44460
224,44511
352,44541
159,44629
438,44648
439,44649
253,44653
360,44675
361,44676
250,44682
391,44809
160,44861
212,45039
476,45075
420,45160
481,45249
360,45318
481,45322
352,45373
424,45385
357,45679
439,45892
440,45893
227,45916
476,45970
226,45994
408,46014
409,46015
476,46056
480,46135
139,46144
362,46252
253,46433
481,46689
480,46735
409,46785
236,46841
237,46842
238,46843
343,46910
133,46931
134,46932
227,47060
170,47073
171,47074
476,47145
77,47148
333,47313
397,47507
117,47521
450,47656
451,47657
360,47700
439,47701
480,47794
481,47795
438,47799
393,47817
88,47835
333,47877
257,47917
481,48053
393,48092
168,48129
480,48158
477,48181
478,48182
480,48305
480,48388
212,48706
477,48733
480,48766
481,48767
480,48784
432,48802
480,48837
166,48876
343,48976
450,48982
451,48983
359,48998
124,49128
349,49157
343,49240
483,49318
483,49333
438,49346
362,49381
481,49382
258,49415
479,49415
124,49450
450,49528
451,49529
361,49575
338,49614
374,49629
360,49761
393,49826
418,49845
226,49869
393,49910
352,49952
478,50014
476,50036
477,50037
481,50058
254,50088
442,50101
451,50142
483,50159
440,50238
361,50242
482,50270
483,50271
362,50292
476,50297
477,50298
166,50461
272,50502
438,50540
361,50541
357,50545
477,50601
483,50651
451,50752
452,50753
481,50840
85,50844
361,50852
258,50896
479,50896
395,50985
226,51110
361,51162
117,51460
164,51507
165,51508
166,51509
167,51510
391,51606
360,51633
439,51634
440,51635
438,51644
361,51645
211,51742
407,51850
160,51898
477,51909
256,51979
258,52030
479,52030
334,52114
352,52139
368,52150
333,52183
227,52194
179,52196
477,52205
438,52320
361,52321
442,52370
212,52379
213,52380
480,52383
360,52404
393,52412
258,52599
479,52599
438,52602
439,52603
440,52604
212,52629
213,52630
166,52637
167,52638
334,52707
438,52804
361,52805
476,52809
477,52810
478,52811
393,52813
258,52870
479,52870
439,52897
145,52906
139,52926
481,53198
126,53373
227,53611
133,53805
440,53818
334,54032
352,54062
406,54113
407,54114
408,54115
480,54217
254,54375
374,54377
238,54535
218,54557
160,54584
238,54587
407,54594
408,54595
368,54600
369,54601
226,54627
227,54628
476,54641
477,54642
408,54778
166,54901
126,54915
226,54973
481,55019
480,55070
451,55148
333,55259
166,55414
88,55445
481,55466
254,55506
298,55536
438,55631
272,55741
362,55774
476,56052
477,56053
478,56054
480,56154
349,56215
481,56708
360,56757
395,56962
478,57010
258,57011
479,57011
258,57065
479,57065
480,57066
480,57094
451,57165
477,57313
480,57318
481,57319
361,57348
476,57500
477,57501
478,57502
477,57612
478,57613
258,57689
479,57689
344,57695
117,57713
451,57780
361,57798
482,57807
483,57808
450,57871
451,57872
451,57914
159,57954
126,58022
258,58101
479,58101
259,58102
334,58376
321,58378
397,58398
408,58418
481,58471
481,58519
482,58520
257,58578
242,58729
343,58880
439,58903
238,58933
168,58950
480,58989
343,59055
117,59122
213,59171
393,59174
394,59175
333,59193
334,59194
250,59219
433,59248
389,59249
390,59250
391,59251
338,59299
450,59316
451,59317
481,59326
125,59345
393,59352
117,59583
358,59715
359,59716
360,59717
