282,128
214,255
410,266
391,302
478,303
95,371
381,402
166,412
167,413
54,426
169,491
108,504
109,505
169,520
100,525
100,562
101,563
328,573
329,574
304,599
411,650
100,655
422,761
387,796
410,799
348,856
327,908
38,927
107,962
328,979
434,997
169,1016
96,1029
359,1059
360,1060
95,1066
54,1122
500,1128
501,1129
422,1142
426,1154
148,1213
246,1237
197,1238
198,1239
199,1240
168,1255
168,1259
169,1260
170,1261
171,1262
349,1318
350,1319
246,1330
165,1365
95,1391
108,1407
420,1569
383,1571
84,1575
410,1581
327,1589
121,1636
84,1650
328,1653
329,1654
330,1655
277,1703
411,1727
503,1805
349,1816
350,1817
357,1828
101,1832
294,1838
473,1846
474,1847
404,1991
419,2066
50,2191
95,2201
389,2202
344,2216
345,2217
389,2235
95,2270
96,2271
95,2280
346,2286
60,2326
357,2344
347,2369
348,2370
214,2416
474,2421
189,2453
388,2474
389,2475
95,2510
383,2512
54,2526
423,2574
328,2598
349,2654
422,2680
100,2682
329,2737
388,2772
168,2777
95,2827
95,2861
166,2883
296,2924
420,2952
100,2995
101,2996
420,3042
166,3067
167,3068
168,3069
359,3097
360,3098
107,3107
382,3118
328,3147
379,3185
303,3186
420,3201
422,3209
128,3214
346,3321
388,3332
422,3334
295,3384
214,3413
358,3443
359,3444
472,3445
95,3468
433,3666
279,3667
419,3684
357,3705
200,3725
60,3756
420,3759
230,3768
388,3843
502,3848
498,3849
381,3866
354,3903
382,3943
54,3975
291,4008
292,4009
84,4019
354,4027
355,4028
356,4029
38,4032
84,4071
328,4074
329,4075
330,4076
502,4100
495,4101
496,4101
497,4101
214,4104
383,4127
95,4140
100,4180
502,4204
498,4205
349,4218
108,4230
410,4282
381,4303
349,4312
350,4313
357,4336
379,4355
380,4356
95,4391
419,4406
97,4422
148,4459
107,4514
199,4516
84,4596
85,4597
349,4671
295,4860
422,4901
100,4903
101,4904
386,4905
54,4908
95,4952
382,4968
246,5010
357,5019
358,5020
359,5021
472,5022
391,5046
478,5047
383,5069
387,5149
348,5158
425,5159
357,5202
381,5224
84,5300
54,5321
294,5367
100,5374
101,5375
386,5376
383,5441
388,5498
100,5511
245,5523
246,5524
469,5534
107,5588
502,5601
214,5604
382,5605
346,5610
347,5611
95,5662
357,5682
358,5683
107,5702
198,5715
423,5736
424,5737
502,5868
97,5910
294,5931
388,5933
389,5934
38,5937
282,5954
283,5955
502,5964
198,6153
198,6161
100,6162
502,6201
109,6247
110,6248
100,6284
412,6304
413,6305
389,6347
95,6365
388,6410
422,6412
313,6428
170,6439
347,6468
54,6471
50,6481
295,6515
296,6516
291,6519
54,6528
84,6708
328,6711
96,6828
410,6896
387,6915
388,6916
188,7036
189,7037
246,7123
197,7124
337,7180
297,7186
79,7285
80,7286
148,7313
282,7366
98,7367
148,7393
354,7398
107,7472
388,7520
389,7521
347,7524
95,7581
389,7612
474,7617
100,7642
101,7643
54,7665
304,7696
358,7699
359,7700
119,7704
120,7705
422,7736
388,7752
473,7877
354,7881
422,7892
274,7899
121,7926
249,7956
357,7958
121,7979
98,7987
383,7997
328,8001
329,8002
422,8006
387,8013
54,8016
359,8075
411,8111
388,8127
469,8166
470,8167
324,8170
347,8192
381,8208
382,8209
383,8210
84,8214
54,8253
39,8320
107,8342
348,8366
381,8376
473,8516
381,8531
422,8699
100,8701
101,8702
358,8778
100,8785
101,8786
95,8843
198,8895
330,8897
328,8928
328,8937
353,8966
381,9030
84,9058
359,9069
475,9145
422,9184
100,9186
424,9205
349,9206
411,9239
199,9265
420,9268
97,9287
283,9288
197,9317
198,9318
100,9319
420,9324
357,9373
100,9409
101,9410
329,9412
166,9417
101,9476
475,9637
328,9665
357,9722
298,9738
328,9777
354,9892
84,9952
359,9975
472,9976
304,10064
387,10090
107,10099
244,10112
245,10113
246,10114
197,10115
198,10116
328,10250
148,10269
54,10278
179,10340
346,10387
84,10399
85,10400
359,10429
248,10483
198,10485
100,10486
101,10487
247,10517
389,10547
297,10548
168,10611
470,10627
166,10746
107,10766
39,10792
420,10836
60,10843
388,10858
389,10859
198,10872
199,10873
383,10934
84,10938
108,10945
420,10953
383,10955
434,10977
294,10990
359,11056
433,11082
279,11083
214,11085
277,11126
472,11136
108,11216
107,11326
108,11327
60,11360
422,11369
199,11371
95,11381
421,11398
107,11429
108,11430
354,11469
382,11552
383,11553
84,11635
420,11722
419,11737
420,11796
383,11798
328,11802
166,11815
357,11847
347,11849
359,11929
391,11936
381,11967
304,11990
419,12025
167,12053
168,12054
388,12059
107,12152
198,12171
54,12183
388,12205
119,12223
120,12224
468,12253
469,12254
381,12269
410,12325
108,12353
128,12408
109,12412
110,12413
469,12459
470,12460
471,12461
422,12515
129,12557
420,12567
148,12588
96,12600
97,12601
98,12602
99,12603
199,12604
198,12612
291,12677
421,12714
61,12722
337,12878
421,12933
422,12934
423,12935
388,12937
107,12982
328,12990
350,13039
420,13083
381,13104
296,13105
474,13143
382,13149
383,13150
166,13154
358,13202
359,13203
121,13218
101,13226
214,13299
247,13384
121,13412
324,13416
502,13608
495,13609
496,13609
497,13609
382,13620
198,13625
354,13695
478,13716
455,13765
168,13810
422,13846
148,13906
359,13907
199,13921
420,13943
356,13948
381,14027
84,14039
328,14042
421,14058
422,14059
148,14071
359,14072
198,14075
100,14076
199,14083
304,14431
84,14438
422,14443
246,14456
148,14463
383,14491
388,14544
389,14545
166,14552
346,14625
422,14674
247,14706
215,14743
354,14808
246,14849
54,14858
84,14861
84,14880
422,14887
100,14889
128,14921
121,14936
359,14989
337,15025
98,15079
99,15080
320,15105
100,15111
358,15136
359,15137
381,15156
215,15157
97,15158
283,15159
411,15187
107,15195
108,15196
100,15222
474,15238
354,15252
188,15312
389,15329
166,15372
421,15409
347,15424
109,15434
358,15541
359,15542
472,15543
473,15544
474,15545
422,15568
100,15570
247,15592
421,15622
167,15660
168,15661
359,15697
472,15698
166,15725
148,15733
359,15734
295,15755
39,15846
189,15918
420,15968
421,15987
422,15988
502,16102
495,16103
496,16103
497,16103
198,16280
199,16281
97,16352
98,16353
58,16372
107,16434
166,16480
60,16482
328,16526
473,16537
50,16661
107,16678
388,16699
388,16716
389,16717
408,16732
409,16733
54,16736
381,16766
296,16767
183,16798
108,16802
347,16866
387,16867
328,16895
329,16896
389,16976
359,17000
345,17006
346,17007
347,17008
453,17022
328,17048
381,17058
382,17059
383,17060
357,17109
358,17110
108,17143
108,17222
389,17228
92,17260
422,17274
423,17275
424,17276
100,17293
247,17296
50,17327
469,17333
148,17361
359,17362
382,17385
383,17386
298,17445
346,17497
60,17508
433,17518
279,17519
327,17532
169,17534
245,17552
389,17573
167,17586
121,17633
324,17637
383,17665
282,17694
495,17754
496,17754
497,17754
143,17756
419,17841
324,17889
381,17938
294,18015
388,18017
279,18039
246,18066
197,18067
294,18072
295,18073
422,18075
39,18156
357,18306
358,18307
411,18331
420,18374
383,18376
474,18541
330,18547
180,18646
419,18784
108,18827
329,18933
422,18937
215,18947
97,18948
487,18953
504,18957
476,19011
328,19031
246,19101
197,19102
198,19103
330,19105
388,19128
96,19129
421,19170
422,19171
100,19173
422,19279
100,19281
295,19334
422,19410
357,19415
347,19417
166,19513
148,19542
354,19584
168,19630
473,19639
386,19676
387,19677
422,19723
389,19738
359,19832
478,19893
357,19911
422,19987
54,19994
422,19999
388,20021
291,20045
98,20115
410,20124
252,20128
282,20146
283,20147
422,20164
298,20181
95,20245
389,20246
96,20260
174,20330
108,20342
215,20407
38,20582
337,20587
294,20591
381,20618
347,20674
382,20676
388,20710
214,20724
107,20743
422,20749
421,20781
247,20804
357,20806
358,20807
359,20808
54,20852
54,20885
348,20927
425,20928
347,20947
328,20990
329,20991
502,21077
381,21163
198,21219
100,21220
282,21273
108,21281
410,21349
246,21370
296,21447
354,21494
54,21515
84,21518
84,21539
474,21603
346,21686
347,21687
478,21737
472,21739
473,21740
359,21777
198,21780
422,21821
95,21847
389,21848
92,21900
473,21932
84,21936
167,21950
346,21957
420,21981
422,22022
198,22050
422,22109
475,22169
99,22188
328,22193
328,22235
359,22247
54,22297
199,22339
279,22399
121,22470
389,22515
390,22516
391,22517
84,22536
101,22574
386,22575
121,22630
469,22633
470,22634
107,22759
108,22760
389,22776
297,22830
420,22836
328,22893
101,22895
298,22908
95,22930
389,22931
95,22956
148,22963
478,23049
422,23086
469,23121
470,23122
381,23143
248,23170
249,23171
357,23173
148,23180
359,23187
419,23204
420,23205
296,23219
50,23260
101,23336
95,23414
389,23415
121,23438
247,23522
357,23524
313,23533
421,23540
39,23545
328,23556
348,23562
168,23605
328,23655
294,23730
246,23785
197,23786
198,23787
95,24001
329,24082
359,24172
348,24195
348,24228
198,24279
54,24288
381,24319
296,24320
357,24349
358,24350
327,24461
387,24520
168,24555
282,24591
98,24592
54,24675
100,24733
197,24736
499,24773
107,24887
246,24921
247,24922
100,24928
383,24938
388,24950
389,24951
121,24974
215,24989
420,25014
420,25044
383,25046
388,25103
389,25104
38,25107
107,25175
198,25244
330,25246
246,25306
294,25438
347,25465
84,25529
388,25613
84,25642
347,25691
95,25782
304,25796
328,25946
304,25962
166,25991
347,26044
348,26045
422,26101
247,26116
54,26150
422,26182
346,26256
347,26257
166,26356
84,26378
197,26385
424,26435
355,26483
477,26528
469,26531
246,26615
97,26739
346,26817
169,26819
248,26844
109,26847
214,26923
422,26925
121,26948
469,27079
348,27082
327,27150
328,27151
330,27188
95,27235
282,27246
283,27247
473,27341
474,27342
359,27367
360,27368
433,27391
279,27392
214,27394
215,27395
166,27432
167,27433
168,27434
388,27453
55,27617
326,27683
327,27684
470,27705
471,27706
502,27741
495,27742
496,27742
497,27742
98,27767
169,27848
245,27871
198,28022
199,28023
294,28036
121,28048
282,28061
98,28062
296,28065
119,28091
422,28119
282,28151
98,28152
99,28153
246,28183
197,28184
198,28185
121,28292
381,28299
328,28320
274,28377
327,28486
282,28489
359,28497
390,28505
420,28509
348,28547
100,28555
101,28556
329,28558
330,28559
214,28575
390,28583
422,28590
411,28622
199,28639
410,28678
381,28698
296,28699
411,28800
324,28861
325,28862
326,28863
327,28864
469,28870
294,28876
410,28879
466,28900
97,28947
98,28948
358,28953
304,28980
376,28997
168,29094
169,29095
170,29096
347,29214
387,29215
388,29216
95,29237
350,29273
97,29283
38,29340
129,29364
453,29669
454,29670
294,29696
347,29729
387,29740
121,29748
410,29776
97,29811
98,29812
410,29859
97,29983
98,29984
248,30078
198,30080
100,30081
101,30082
473,30105
445,30137
388,30195
166,30252
197,30255
296,30284
388,30350
294,30385
328,30435
95,30441
60,30530
420,30533
327,30583
358,30627
359,30628
472,30629
107,30636
97,30655
502,30709
498,30710
166,30725
387,30755
469,30774
469,30777
99,30788
330,30790
84,30805
84,30808
84,30811
346,30848
469,30862
359,30896
54,30936
169,30949
410,30983
472,31030
473,31031
54,31048
166,31051
84,31070
348,31085
349,31086
359,31091
95,31167
389,31168
390,31169
391,31170
478,31171
348,31247
100,31257
357,31299
189,31380
420,31392
92,31418
387,31490
420,31546
381,31587
99,31625
282,31643
98,31644
214,31655
410,31665
411,31666
358,31713
388,31788
422,31790
383,31826
348,31831
328,31857
381,31966
502,31999
121,32024
282,32028
382,32075
383,32076
381,32109
215,32110
95,32117
245,32140
422,32147
347,32225
84,32253
198,32275
100,32276
101,32277
386,32278
348,32279
349,32321
328,32348
101,32350
324,32361
382,32375
383,32376
499,32393
329,32471
330,32472
420,32479
295,32538
282,32552
98,32553
121,32584
292,32619
422,32651
109,32653
110,32654
354,32668
502,32751
495,32752
496,32752
497,32752
469,32768
422,32816
391,32822
198,32899
388,32926
383,32928
453,33038
454,33039
83,33061
469,33074
215,33125
97,33126
337,33140
469,33251
347,33364
388,33380
469,33429
435,33498
324,33647
325,33648
326,33649
166,33667
167,33670
347,33690
128,33699
420,33714
348,33764
422,33788
423,33789
388,33791
346,33839
100,33858
101,33859
84,33883
282,33911
98,33912
54,33919
294,33933
109,33945
282,33955
98,33956
99,33957
100,33958
502,33971
421,33992
302,34067
380,34068
388,34070
381,34088
410,34101
469,34114
469,34117
167,34134
422,34177
95,34192
387,34216
54,34219
411,34233
379,34252
380,34253
502,34283
95,34288
422,34290
423,34291
166,34298
327,34379
167,34385
168,34386
455,34431
169,34446
180,34447
469,34520
470,34521
358,34573
382,34704
119,34744
120,34745
121,34746
84,34838
198,34844
108,34892
246,34903
154,34985
166,35013
167,35014
302,35053
303,35054
410,35084
382,35096
121,35118
328,35159
469,35163
215,35171
282,35203
98,35204
387,35237
388,35238
121,35251
214,35427
422,35429
423,35430
359,35447
213,35493
324,35509
325,35510
326,35511
478,35512
198,35550
95,35591
95,35618
167,35644
108,35663
214,35775
359,35786
92,35810
381,35836
215,35837
101,35864
420,35906
477,35934
197,36070
198,36071
100,36072
54,36110
470,36124
472,36162
38,36172
95,36202
96,36203
97,36204
98,36205
359,36242
360,36243
247,36250
84,36269
148,36280
470,36294
294,36348
388,36350
129,36375
469,36414
388,36428
107,36473
199,36475
357,36528
54,36614
389,36620
38,36623
97,36645
98,36646
502,36699
425,36703
328,36724
98,36739
445,36860
420,36886
421,36887
422,36888
84,36923
476,36931
354,36971
98,37060
294,37089
295,37112
387,37128
388,37129
389,37130
469,37152
100,37206
469,37333
354,37403
214,37418
296,37419
383,37537
357,37549
358,37550
359,37563
304,37582
97,37608
473,37651
474,37652
389,37685
502,37715
495,37716
496,37716
497,37716
475,37733
197,37803
304,37821
98,37867
99,37868
100,37869
347,37905
421,37914
422,37915
198,37986
54,37997
99,38012
501,38065
502,38066
495,38067
496,38067
497,38067
214,38070
279,38112
388,38149
96,38150
97,38151
98,38152
419,38162
95,38166
422,38168
215,38189
97,38190
84,38253
388,38326
469,38371
351,38376
99,38383
215,38434
97,38435
455,38462
230,38495
422,38512
295,38530
347,38538
382,38540
98,38558
387,38584
388,38585
121,38608
304,38699
470,38862
351,38868
324,38912
358,38927
408,38958
473,38970
474,38971
38,38990
348,39000
381,39104
215,39105
107,39147
455,39148
420,39155
107,39211
119,39251
119,39293
420,39319
421,39320
422,39321
391,39424
327,39425
346,39485
148,39515
359,39516
420,39613
421,39614
422,39615
354,39645
282,39652
98,39653
327,39677
282,39680
421,39722
423,39825
422,39828
359,39885
197,39919
420,39927
97,39961
283,39962
357,39964
347,39966
382,39968
323,40013
421,40034
473,40038
108,40092
382,40140
295,40197
382,40198
54,40209
358,40250
387,40279
388,40280
469,40351
304,40432
97,40450
100,40478
420,40543
96,40578
476,40607
167,40631
198,40666
387,40737
359,40767
98,40847
475,40878
359,40881
121,40891
109,40933
84,41027
359,41070
357,41186
358,41187
174,41234
175,41235
249,41246
95,41293
199,41312
327,41336
469,41407
470,41408
381,41446
348,41538
422,41572
421,41603
247,41639
357,41641
348,41665
357,41674
60,41689
350,41694
327,41714
388,41743
148,41759
245,41816
381,41825
388,41903
422,41905
346,41915
422,41927
121,41965
128,41967
328,41980
101,41982
167,42015
296,42018
166,42092
169,42159
357,42217
247,42260
215,42297
474,42305
422,42351
359,42369
166,42427
473,42513
348,42518
348,42529
169,42552
348,42562
349,42563
358,42686
359,42687
422,42760
357,42796
347,42798
382,42800
383,42801
166,42839
357,42884
358,42885
84,42922
100,43043
101,43044
214,43073
169,43153
170,43154
346,43184
420,43191
383,43193
245,43303
383,43455
108,43469
109,43470
422,43497
167,43536
348,43538
347,43624
387,43625
388,43626
383,43628
98,43637
247,43667
346,43793
471,43838
166,43912
294,43948
295,43949
296,43950
390,43961
391,43962
92,43996
247,44147
357,44149
469,44215
474,44277
166,44305
359,44374
169,44382
166,44434
422,44457
423,44458
386,44525
387,44526
327,44594
148,44634
359,44635
357,44659
349,44925
128,44934
84,44977
328,44980
420,44984
388,45044
388,45107
297,45121
502,45142
498,45143
84,45153
502,45174
498,45175
198,45183
469,45235
422,45249
422,45322
100,45324
128,45357
109,45435
110,45436
419,45439
247,45483
390,45490
388,45539
294,45570
357,45589
357,45746
291,45783
389,45788
248,45940
249,45941
298,45950
387,45982
388,45983
166,45994
170,46008
388,46061
328,46121
214,46134
249,46138
282,46207
420,46251
421,46252
54,46381
121,46514
469,46544
470,46545
357,46593
169,46596
282,46659
98,46660
422,46689
214,46734
296,46748
168,46754
247,46882
121,46977
246,47021
197,47022
197,47062
198,47063
198,47091
455,47121
389,47135
386,47181
296,47183
354,47306
199,47314
84,47387
473,47395
84,47399
348,47403
108,47432
502,47437
498,47438
245,47476
121,47520
478,47534
320,47548
347,47570
214,47793
422,47795
100,47826
388,47843
420,47883
388,47919
473,48013
95,48051
422,48053
348,48064
324,48080
388,48116
389,48117
304,48172
388,48314
95,48633
453,48678
214,48699
304,48735
348,48743
349,48744
295,48765
422,48767
423,48768
167,48781
100,48797
170,48848
469,48969
476,48974
477,48975
502,48988
247,49003
357,49005
107,49011
108,49012
54,49071
246,49074
197,49075
469,49116
470,49117
357,49188
325,49238
326,49239
107,49257
107,49316
389,49349
420,49380
421,49381
422,49382
100,49384
101,49385
381,49415
478,49513
388,49552
389,49553
248,49604
296,49620
247,49626
304,49660
420,49719
408,49723
409,49724
95,49725
197,49778
198,49779
100,49780
470,49849
166,49869
95,49938
479,49959
420,49966
349,49992
425,50016
422,50058
358,50073
359,50074
388,50080
108,50111
425,50128
167,50140
98,50185
420,50232
421,50292
359,50423
215,50433
97,50434
98,50435
199,50440
351,50523
493,50555
350,50575
274,50598
84,50607
420,50636
383,50638
95,50646
96,50647
97,50648
98,50649
249,50683
328,50729
295,50774
296,50775
469,50787
470,50788
471,50789
296,50816
92,50837
422,50840
100,50842
383,50854
379,50884
380,50885
388,50887
381,50896
84,50961
98,50998
99,50999
248,51030
249,51031
121,51039
420,51072
348,51086
166,51110
214,51133
296,51134
383,51164
469,51186
282,51217
282,51234
283,51235
84,51273
85,51274
245,51291
247,51308
357,51310
358,51311
214,51321
346,51370
473,51412
121,51459
387,51482
148,51496
169,51513
357,51552
347,51554
296,51556
198,51567
121,51609
128,51611
295,51641
493,51683
154,51717
328,51723
279,51742
247,51748
199,51829
107,51855
108,51856
382,51880
388,51988
358,52012
381,52030
379,52073
303,52074
107,52112
330,52115
282,52176
476,52186
477,52187
327,52188
121,52408
215,52427
97,52428
98,52429
282,52432
283,52433
389,52454
434,52536
381,52599
198,52706
330,52708
98,52714
379,52754
303,52755
188,52762
470,52792
381,52870
215,52871
282,53037
98,53038
99,53039
502,53102
495,53103
496,53103
497,53103
469,53151
470,53152
294,53172
422,53198
389,53231
470,53245
471,53246
455,53279
107,53368
296,53423
148,53479
84,53552
197,53613
354,53621
304,53661
354,53696
357,53736
328,53790
389,53825
354,53837
478,53849
54,54018
354,54029
330,54033
348,54105
200,54110
214,54216
300,54306
348,54459
84,54484
383,54491
109,54499
110,54500
84,54521
244,54557
166,54627
197,54630
198,54631
100,54632
101,54633
296,54704
473,54808
502,54855
495,54856
496,54856
497,54856
495,54857
496,54857
497,54857
388,54861
198,54911
166,54973
60,54975
422,55019
148,55030
359,55031
420,55047
388,55064
294,55110
330,55238
39,55240
199,55260
295,55267
168,55367
98,55373
476,55417
388,55457
422,55466
346,55606
214,55706
382,55707
357,55713
358,55714
359,55715
388,55730
357,55764
358,55765
359,55766
421,55774
54,55812
84,55815
148,55870
345,55923
148,55939
229,55950
175,55994
100,56034
388,56056
304,56078
198,56097
54,56149
98,56257
99,56258
100,56259
84,56297
328,56300
468,56324
250,56405
359,56468
199,56485
347,56506
54,56509
128,56519
84,56566
95,56642
476,56655
312,56694
357,56699
422,56708
100,56822
471,56828
119,56848
199,56863
347,56876
382,56878
168,56924
381,57011
382,57012
383,57016
381,57065
328,57078
168,57098
247,57151
346,57163
100,57193
359,57204
360,57205
95,57297
422,57319
348,57400
349,57401
359,57452
389,57464
388,57504
419,57538
455,57560
387,57580
388,57581
381,57689
382,57690
383,57691
359,57699
387,57709
121,57712
84,57758
328,57761
84,57834
350,57886
410,57892
214,57896
296,57897
359,57968
472,57969
473,57970
474,57971
475,57972
476,57973
477,57974
327,57975
297,58014
354,58049
435,58096
381,58101
383,58156
84,58283
198,58328
388,58349
107,58374
296,58412
422,58471
422,58519
54,58581
328,58611
329,58612
330,58613
121,58634
348,58637
148,58672
359,58673
410,58712
455,58823
469,58847
357,58869
358,58870
359,58871
390,58878
391,58879
54,58970
84,58973
324,59009
348,59027
121,59121
324,59276
169,59309
422,59326
408,59336
148,59368
350,59389
382,59402
383,59403
387,59436
388,59437
169,59457
121,59582
468,59590
470,59610
357,59646
282,59659
423,59681
424,59682
349,59683
347,59702
348,59703
349,59787
