106,18
107,19
103,48
104,49
105,50
371,75
488,75
453,84
441,150
331,162
332,163
402,267
403,268
291,295
168,306
482,372
415,402
483,404
452,412
426,479
427,480
169,535
427,545
141,560
443,596
141,607
413,646
414,647
401,649
371,681
488,681
372,682
489,682
315,695
458,794
480,796
453,833
332,842
159,1081
160,1082
431,1191
417,1194
418,1195
419,1196
420,1197
453,1292
441,1307
435,1317
436,1318
437,1319
370,1345
371,1346
488,1346
372,1347
489,1347
371,1360
488,1360
451,1365
431,1428
111,1442
467,1476
100,1647
483,1715
430,1723
431,1724
104,1732
141,1781
436,1816
437,1817
143,1851
144,1852
491,1853
203,1952
106,2067
107,2068
332,2094
434,2171
435,2172
103,2230
104,2231
105,2232
204,2289
331,2417
316,2431
481,2474
147,2555
141,2573
142,2574
458,2618
436,2654
378,2692
204,2710
481,2772
155,2805
371,2812
488,2812
482,2828
452,2883
453,2884
143,2923
490,2990
483,3044
435,3060
452,3067
168,3094
169,3095
435,3192
332,3242
333,3243
481,3332
364,3353
330,3384
416,3385
417,3386
418,3387
204,3391
430,3397
431,3398
432,3399
377,3435
402,3479
403,3480
377,3540
107,3559
99,3602
203,3639
204,3640
426,3643
427,3644
482,3658
104,3757
105,3758
348,3814
315,3824
252,3837
481,3843
482,3844
483,3845
415,3866
144,3867
413,3883
202,3933
317,3933
400,4137
436,4218
402,4283
230,4296
415,4303
436,4312
437,4313
376,4343
377,4344
430,4438
431,4439
402,4442
370,4488
313,4511
431,4587
432,4588
112,4628
436,4671
413,4795
414,4796
330,4860
331,4861
332,4954
333,4955
399,4966
183,4989
361,5065
487,5081
377,5127
480,5149
401,5150
106,5194
148,5208
415,5224
358,5266
81,5393
107,5428
481,5498
482,5499
359,5636
393,5639
491,5664
103,5728
141,5735
142,5736
141,5747
321,5762
144,5825
491,5826
111,5871
293,5879
481,5933
111,5967
332,6059
413,6103
414,6104
401,6205
402,6206
418,6249
485,6256
486,6257
487,6258
313,6348
314,6349
315,6350
316,6351
482,6366
481,6410
432,6417
433,6418
434,6419
330,6515
434,6524
377,6545
377,6591
431,6594
373,6596
377,6651
80,6799
402,6897
480,6915
481,6916
491,6918
377,7019
81,7049
82,7050
377,7083
81,7106
82,7107
224,7258
141,7340
377,7361
103,7461
104,7462
103,7486
481,7520
331,7526
377,7542
377,7575
158,7624
141,7747
481,7752
204,7805
413,7858
480,8013
370,8025
481,8127
413,8206
414,8207
415,8208
331,8219
441,8244
442,8320
415,8376
144,8377
377,8514
415,8531
373,8553
377,8559
363,8607
377,8627
441,8763
377,8799
482,8844
377,8892
143,9013
331,9014
415,9030
427,9146
436,9206
103,9226
104,9227
141,9263
104,9322
105,9323
427,9365
452,9417
453,9418
377,9501
441,9596
377,9612
427,9638
159,9701
160,9702
171,9724
141,9734
377,9762
252,9825
377,9868
393,9936
401,9943
168,9989
480,10090
342,10158
202,10190
317,10190
374,10233
375,10234
168,10272
373,10300
80,10305
427,10367
313,10508
435,10584
441,10608
105,10698
106,10699
107,10700
452,10746
453,10747
441,10791
442,10792
481,10858
106,10896
107,10897
483,10975
377,11211
395,11220
106,11237
441,11405
105,11461
106,11496
107,11497
255,11616
315,11618
252,11758
169,11779
183,11784
452,11815
108,11824
374,11838
141,11869
168,11895
104,11922
105,11923
293,11943
413,11965
414,11966
415,11967
432,11977
481,12059
432,12073
377,12168
266,12195
481,12205
482,12206
331,12214
417,12242
418,12243
419,12252
415,12269
331,12270
332,12271
402,12326
410,12345
131,12383
326,12407
130,12421
378,12444
377,12470
104,12565
105,12566
417,12569
418,12570
373,12582
103,12721
405,12723
103,12898
104,12899
413,12922
371,12931
488,12931
372,12932
489,12932
142,12935
481,12937
267,12957
359,13019
437,13039
427,13050
415,13104
452,13154
467,13221
413,13279
267,13281
99,13307
103,13327
377,13332
431,13387
432,13388
125,13464
371,13557
488,13557
107,13559
108,13560
316,13617
252,13751
331,13845
158,13851
415,14027
439,14048
440,14049
441,14050
399,14065
144,14067
106,14117
107,14118
103,14135
104,14136
377,14158
441,14207
431,14348
377,14375
333,14425
334,14426
315,14480
316,14481
481,14544
452,14552
141,14590
360,14660
370,14746
130,14769
313,14791
377,14954
378,14955
399,15007
431,15061
415,15156
401,15186
141,15198
155,15288
156,15289
313,15330
452,15372
453,15373
119,15397
377,15404
431,15407
432,15429
453,15442
106,15467
315,15528
377,15548
371,15576
488,15576
192,15584
441,15647
452,15725
330,15755
144,15756
413,15773
414,15774
441,15845
442,15846
413,15855
313,15910
104,15966
105,15967
377,16160
314,16181
432,16200
402,16241
331,16276
169,16414
400,16428
452,16480
377,16487
377,16550
315,16622
364,16664
481,16699
482,16700
481,16716
415,16766
313,16768
480,16867
415,17058
370,17197
253,17219
313,17229
331,17273
142,17275
427,17279
183,17284
81,17305
313,17374
106,17400
427,17501
104,17509
479,17546
441,17579
483,17590
332,17605
413,17625
358,17710
134,17756
359,17824
377,17915
415,17938
481,18017
359,18034
253,18043
330,18073
331,18074
441,18122
441,18155
442,18156
431,18220
373,18222
401,18330
482,18513
413,18527
414,18528
431,18572
106,18785
107,18786
417,18853
418,18854
483,18887
102,18959
361,19065
481,19128
104,19231
105,19232
441,19238
482,19247
330,19334
483,19336
313,19426
371,19439
488,19439
372,19440
489,19440
377,19499
431,19502
452,19513
103,19558
104,19559
377,19637
480,19677
293,19711
413,19715
487,19751
377,19769
106,19789
183,19802
106,19841
107,19842
441,19931
481,20021
434,20050
435,20051
432,20187
487,20533
371,20534
488,20534
415,20618
331,20619
332,20620
370,20644
371,20645
488,20645
372,20646
489,20646
373,20647
371,20700
488,20700
372,20701
489,20701
481,20710
331,20725
373,20739
313,20740
413,20766
413,20880
414,20881
106,20894
417,20971
418,20972
413,21090
414,21091
103,21114
104,21115
413,21161
414,21162
415,21163
467,21230
377,21239
392,21373
169,21623
380,21678
427,21705
168,21709
377,21816
374,21849
487,21860
371,21861
488,21861
203,21896
377,21918
377,21930
417,21946
418,21947
413,21997
413,22006
434,22019
331,22021
253,22065
162,22242
370,22388
81,22430
441,22437
331,22457
348,22557
103,22562
377,22737
141,22898
400,22928
374,22932
375,22933
468,23031
377,23058
141,23089
415,23143
144,23144
143,23218
374,23220
105,23256
441,23313
376,23477
377,23478
377,23507
399,23511
400,23512
442,23545
169,23585
143,23800
416,23801
417,23802
418,23803
419,23804
420,23805
363,23816
252,23865
412,23883
413,23884
81,24110
413,24116
432,24160
410,24255
377,24276
293,24292
413,24317
414,24318
415,24319
377,24339
433,24395
331,24406
370,24418
371,24419
488,24419
372,24420
489,24420
380,24513
480,24520
169,24584
432,24613
80,24654
430,24686
431,24687
432,24688
435,24834
481,24950
467,24977
143,24988
426,25093
481,25103
431,25119
431,25140
433,25169
434,25170
435,25171
202,25331
317,25331
203,25332
204,25333
205,25334
432,25419
400,25612
481,25613
431,25762
101,25855
102,25856
103,25857
106,25901
483,25906
106,25942
452,25991
168,26037
169,26038
487,26090
371,26091
488,26091
372,26092
489,26092
373,26093
467,26209
359,26221
360,26222
361,26223
105,26266
106,26267
425,26314
485,26333
452,26356
80,26358
100,26375
143,26387
99,26616
103,26779
104,26780
105,26781
427,26852
331,26924
479,26938
313,27058
314,27059
100,27166
224,27402
452,27432
481,27453
403,27487
162,27549
440,27555
103,27783
431,27865
432,27866
482,27945
143,28064
427,28101
313,28171
314,28172
106,28174
107,28175
202,28206
317,28206
332,28277
370,28288
371,28289
488,28289
415,28299
432,28369
203,28455
144,28576
331,28589
402,28679
403,28680
415,28698
432,28788
321,28838
427,28857
332,28897
431,28944
402,29028
402,29137
480,29215
481,29216
441,29261
106,29271
437,29273
432,29367
432,29401
315,29407
359,29438
360,29439
392,29452
169,29514
168,29518
169,29519
340,29583
252,29613
431,29615
480,29740
479,29750
331,29752
141,29760
434,29792
377,29800
141,29821
377,29844
400,29857
370,29954
371,29955
488,29955
228,30026
377,30103
125,30134
126,30135
103,30160
481,30195
482,30196
452,30252
481,30350
426,30468
427,30469
483,30520
104,30531
105,30532
373,30534
435,30552
432,30595
402,30605
162,30620
370,30671
371,30672
488,30672
452,30725
480,30755
401,30756
402,30757
467,30818
204,30826
315,30839
483,30968
434,30980
402,30984
452,31051
436,31086
426,31110
399,31163
400,31164
399,31338
331,31340
392,31343
331,31359
332,31360
333,31361
480,31490
155,31513
204,31525
415,31587
331,31588
143,31696
427,31733
481,31788
417,31864
418,31865
332,31954
333,31955
415,31966
331,31967
332,31968
370,31982
252,31992
331,32063
415,32109
432,32271
434,32301
436,32321
108,32369
330,32538
144,32539
491,32540
458,32588
126,32590
100,32632
101,32633
418,32655
419,32697
420,32698
143,32709
144,32710
491,32711
316,32833
331,32836
316,32845
332,32911
434,32924
481,32926
431,32992
108,32996
315,33117
316,33118
401,33121
434,33123
413,33144
401,33203
402,33204
401,33232
434,33340
427,33362
481,33380
100,33423
479,33446
130,33460
131,33461
229,33475
431,33550
103,33578
452,33667
326,33698
102,33710
103,33711
104,33712
105,33713
435,33723
142,33789
481,33791
332,33902
371,33990
488,33990
372,33991
489,33991
332,33993
481,34070
482,34071
413,34086
414,34087
415,34088
402,34102
458,34121
331,34176
482,34193
480,34216
142,34291
401,34293
402,34294
102,34297
452,34298
371,34327
488,34327
123,34600
483,34648
130,34734
370,34772
431,34800
373,34802
374,34803
375,34804
80,34941
401,34972
434,34974
331,34976
105,35003
452,35013
224,35022
203,35057
483,35100
413,35114
414,35115
144,35214
480,35237
481,35238
162,35264
370,35330
371,35331
488,35331
372,35332
489,35332
432,35337
430,35419
431,35420
432,35421
331,35428
142,35430
143,35431
147,35519
108,35654
81,35684
431,35693
432,35742
103,35830
415,35836
370,35840
370,35849
371,35850
488,35850
409,35872
413,35963
103,36093
104,36094
105,36095
106,36096
143,36212
144,36213
481,36350
413,36407
414,36408
481,36428
141,36523
443,36560
169,36579
147,36737
434,36771
331,36773
370,36782
399,36803
252,36837
126,36858
399,36918
141,36965
432,37006
431,37044
330,37112
432,37116
433,37117
480,37128
481,37129
399,37251
400,37252
141,37321
377,37410
331,37433
377,37541
378,37542
358,37613
413,37819
371,37835
488,37835
372,37836
489,37836
377,37856
183,37865
371,37912
488,37912
372,37913
489,37913
413,37923
414,37924
148,37980
105,37994
432,38061
332,38127
481,38149
441,38200
487,38220
252,38275
481,38326
371,38330
488,38330
441,38348
438,38376
413,38414
414,38415
143,38433
253,38457
331,38511
330,38530
480,38584
481,38585
413,38604
414,38605
253,38687
139,38691
99,38788
416,38838
438,38868
370,38890
370,38934
377,38968
377,38974
332,39036
144,39066
415,39104
441,39137
431,39199
371,39277
488,39277
332,39288
378,39290
290,39306
291,39307
432,39346
81,39362
487,39378
371,39379
488,39379
370,39408
441,39452
431,39519
143,39597
487,39756
371,39757
488,39757
141,39824
142,39825
143,39826
331,39827
432,39905
373,39928
377,39993
332,40035
183,40158
482,40187
330,40197
479,40278
480,40279
481,40280
147,40296
141,40362
441,40381
332,40423
141,40437
430,40483
431,40484
394,40566
358,40615
453,40649
371,40656
488,40656
251,40663
399,40698
480,40737
427,40879
104,41004
251,41075
432,41110
315,41229
316,41230
141,41310
204,41339
326,41387
106,41401
415,41446
479,41496
123,41535
124,41536
147,41562
106,41635
107,41636
104,41690
105,41691
106,41692
437,41694
80,41701
481,41743
413,41823
414,41824
415,41825
204,41837
183,41880
481,41903
331,41926
371,41990
488,41990
413,42034
452,42092
453,42093
361,42161
143,42296
432,42301
331,42350
452,42427
453,42428
376,42510
377,42511
436,42563
377,42601
326,42623
433,42665
434,42666
106,42715
107,42716
106,42806
141,42818
452,42839
453,42840
105,42852
106,42853
364,42907
141,43041
204,43124
253,43205
373,43251
413,43297
203,43325
377,43329
144,43384
432,43409
371,43493
488,43493
431,43528
417,43532
418,43533
377,43616
378,43617
480,43625
481,43626
139,43756
413,43778
434,43876
435,43877
452,43912
330,43949
332,43999
413,44004
414,44005
126,44046
290,44067
291,44068
292,44069
293,44070
316,44086
401,44104
253,44119
416,44142
417,44143
418,44144
371,44181
488,44181
372,44182
489,44182
417,44184
418,44185
452,44305
453,44306
141,44346
147,44391
358,44419
359,44420
393,44423
452,44434
142,44458
130,44505
480,44526
432,44649
377,44718
487,44819
371,44820
488,44820
372,44821
489,44821
490,44822
441,44877
436,44925
326,44933
373,44985
481,45044
427,45055
315,45087
144,45099
481,45107
482,45108
371,45118
488,45118
372,45119
489,45119
373,45120
441,45132
292,45242
293,45243
370,45258
313,45295
326,45356
141,45378
103,45391
104,45392
105,45393
106,45394
487,45415
106,45476
107,45477
377,45494
481,45539
377,45628
487,45653
371,45654
488,45654
170,45715
126,45727
377,45742
81,45792
82,45793
371,45868
488,45868
432,45892
377,45937
480,45982
481,45983
452,45994
159,45997
481,46061
331,46135
400,46218
103,46248
104,46249
105,46250
123,46376
124,46377
103,46476
104,46477
105,46478
106,46479
371,46511
488,46511
331,46735
332,46736
103,46780
104,46781
453,46792
377,46844
487,46847
371,46848
488,46848
399,46901
171,46931
441,47126
487,47159
371,47160
488,47160
402,47163
147,47325
332,47392
479,47483
427,47568
426,47583
147,47627
401,47688
402,47689
432,47701
331,47794
141,47824
481,47843
103,47852
481,47919
441,47949
377,48011
106,48045
141,48099
481,48116
374,48122
371,48126
488,48126
107,48128
108,48129
401,48150
331,48158
413,48170
378,48264
413,48277
143,48304
331,48305
481,48314
371,48330
488,48330
409,48338
331,48388
204,48396
292,48436
383,48464
384,48465
370,48506
378,48549
370,48587
434,48611
435,48612
413,48619
436,48744
330,48765
331,48766
142,48768
373,48777
331,48784
141,48795
80,48801
224,48817
433,48834
434,48835
331,48837
384,48839
485,48889
486,48890
141,48935
377,48945
431,48948
103,49174
417,49221
418,49222
141,49247
147,49322
313,49350
314,49351
415,49415
416,49416
417,49417
418,49418
348,49440
254,49457
481,49552
313,49554
431,49574
467,49830
126,49836
452,49869
413,49907
414,49908
332,49940
490,49967
436,49992
147,50033
413,50067
414,50068
481,50080
430,50089
431,50090
165,50123
413,50134
414,50135
253,50161
416,50192
252,50239
431,50241
141,50269
252,50284
483,50374
393,50378
141,50438
139,50457
438,50523
417,50543
437,50575
400,50644
330,50774
427,50784
359,50801
360,50802
361,50803
481,50887
415,50896
144,50897
147,50903
358,50982
452,51110
183,51281
144,51476
480,51482
204,51575
426,51578
427,51579
432,51634
330,51641
204,51651
483,51740
377,51810
441,51838
358,51926
318,51983
318,51985
481,51988
415,52030
482,52165
467,52211
147,52253
373,52322
487,52366
331,52383
479,52410
485,52461
486,52462
487,52463
413,52552
415,52599
432,52603
141,52609
103,52615
413,52645
414,52646
399,52676
251,52684
370,52779
112,52840
415,52870
431,52896
432,52897
371,52910
488,52910
283,52951
487,53013
371,53014
488,53014
372,53015
489,53015
291,53047
107,53166
453,53262
492,53443
106,53516
313,53652
314,53653
253,53663
125,53687
348,53748
349,53749
370,53753
371,53754
488,53754
372,53755
489,53755
373,53756
479,53762
171,53805
104,53815
105,53816
487,53821
371,53822
488,53822
429,53828
103,53916
139,53979
141,54045
453,54157
399,54179
331,54217
332,54336
413,54407
332,54505
377,54536
147,54551
103,54559
104,54560
105,54561
106,54562
377,54588
165,54610
452,54627
313,54705
279,54735
431,54799
377,54806
492,54839
481,54861
452,54973
104,54976
105,54977
106,54978
130,55023
487,55034
481,55064
331,55070
106,55098
107,55099
332,55190
442,55240
330,55267
159,55304
377,55310
162,55377
346,55412
147,55451
481,55457
332,55459
482,55473
139,55553
140,55554
141,55609
370,55650
481,55730
332,55732
105,55736
435,55750
371,55772
488,55772
372,55773
489,55773
453,55789
401,55793
481,56056
482,56057
413,56076
332,56090
370,56123
371,56124
488,56124
331,56154
202,56193
317,56193
203,56194
370,56223
141,56249
364,56310
399,56314
419,56323
399,56343
377,56417
441,56584
332,56644
141,56673
141,56820
450,56857
141,56861
139,56868
140,56869
141,56870
427,56874
105,56963
147,56975
415,57011
413,57063
414,57064
415,57065
331,57066
331,57094
435,57101
376,57239
377,57240
331,57318
436,57401
413,57481
414,57482
481,57504
106,57539
480,57580
481,57581
315,57644
415,57689
480,57709
143,57774
431,57797
141,57806
104,57815
105,57816
400,57883
437,57886
413,57938
371,58011
488,58011
372,58012
489,58012
373,58013
430,58087
431,58088
415,58101
370,58107
490,58139
358,58273
290,58306
291,58307
292,58308
316,58346
481,58349
315,58359
425,58378
143,58411
158,58415
378,58430
139,58459
140,58460
371,58508
488,58508
371,58530
488,58530
431,58631
479,58636
224,58668
313,58696
371,58719
488,58719
435,58742
224,58797
487,58874
371,58875
488,58875
372,58876
489,58876
373,58877
380,58893
432,58903
377,58934
400,58945
108,58950
331,58989
403,59175
409,59206
143,59252
291,59330
437,59389
480,59436
481,59437
123,59465
124,59466
399,59526
105,59561
105,59599
433,59620
434,59621
141,59656
142,59681
436,59683
434,59785
435,59786
436,59787
