143,133
144,134
496,150
270,155
376,293
288,327
289,328
246,368
246,369
246,370
383,371
473,372
474,373
377,455
444,490
444,537
244,648
466,677
465,715
253,761
153,796
245,797
246,798
408,801
9,856
234,884
320,892
321,915
389,922
390,923
246,937
246,938
109,939
110,940
172,1002
256,1002
472,1028
370,1029
352,1044
246,1065
383,1066
252,1067
535,1128
536,1129
253,1142
472,1225
252,1226
166,1239
307,1283
244,1301
496,1307
10,1318
11,1319
383,1391
375,1441
124,1448
110,1459
111,1460
531,1558
143,1605
320,1806
10,1816
11,1817
389,1859
390,1860
532,2050
111,2069
26,2080
27,2081
26,2145
27,2146
445,2155
352,2159
27,2194
246,2200
383,2201
384,2202
472,2234
384,2235
352,2268
245,2269
383,2270
370,2271
246,2278
246,2279
383,2280
155,2281
151,2286
444,2287
519,2347
443,2368
8,2369
152,2369
9,2370
390,2387
406,2433
172,2438
256,2438
352,2473
154,2474
384,2475
246,2489
246,2490
246,2491
246,2492
246,2493
383,2510
155,2511
245,2523
106,2558
254,2574
255,2575
114,2576
113,2584
346,2590
10,2654
253,2680
154,2772
252,2773
39,2815
244,2825
245,2826
383,2827
473,2828
27,2844
383,2861
443,2914
532,2965
530,2971
265,2991
334,2998
444,3008
27,3064
445,3070
156,3119
156,3203
157,3204
156,3206
157,3207
253,3209
151,3321
444,3322
154,3332
252,3333
253,3334
164,3367
172,3404
256,3404
349,3434
246,3465
246,3466
246,3467
383,3468
155,3469
466,3519
156,3524
111,3560
111,3635
472,3657
473,3658
374,3667
72,3686
512,3712
519,3724
154,3843
473,3844
537,3848
245,3888
144,3906
25,3922
26,3923
27,3924
156,3944
157,3945
445,3970
267,3988
172,3995
256,3995
289,4002
174,4034
175,4035
537,4100
538,4101
539,4101
540,4101
245,4138
246,4139
383,4140
155,4141
472,4193
537,4204
10,4218
245,4281
483,4293
10,4312
11,4313
88,4342
89,4343
244,4349
243,4356
244,4357
352,4389
245,4390
383,4391
110,4483
245,4498
246,4499
109,4500
110,4501
385,4511
466,4580
407,4643
10,4671
414,4761
391,4764
233,4783
352,4849
245,4850
109,4851
253,4901
112,4905
388,4917
164,4921
165,4922
389,4944
245,4951
383,4952
252,4953
414,5113
153,5149
9,5158
507,5173
465,5176
268,5239
353,5369
112,5376
113,5377
407,5378
531,5413
532,5414
483,5424
111,5429
352,5448
100,5481
244,5497
154,5498
473,5499
474,5500
110,5551
114,5558
537,5601
151,5610
8,5611
152,5611
383,5662
264,5663
519,5699
166,5715
167,5716
254,5736
537,5868
28,5876
154,5933
384,5934
537,5964
443,5992
165,6038
423,6093
172,6106
256,6106
28,6130
165,6152
166,6153
166,6161
512,6166
537,6201
352,6204
472,6346
384,6347
385,6348
246,6364
383,6365
473,6366
466,6389
352,6409
154,6410
252,6411
253,6412
8,6468
152,6468
466,6542
172,6586
256,6586
252,6606
349,6650
449,6756
389,6783
370,6828
472,6873
252,6874
153,6915
154,6916
264,6917
507,6936
100,7029
406,7062
172,7175
256,7175
472,7237
252,7238
321,7316
413,7331
414,7332
391,7335
252,7407
413,7428
414,7429
220,7434
365,7446
531,7471
378,7503
154,7520
384,7521
8,7524
152,7524
321,7534
349,7541
383,7581
407,7588
472,7611
384,7612
233,7639
234,7640
390,7652
391,7653
157,7659
72,7664
253,7736
154,7752
252,7753
512,7783
172,7844
256,7844
253,7892
253,8006
153,8013
244,8126
154,8127
252,8128
8,8192
152,8192
474,8195
172,8201
256,8201
496,8244
532,8270
143,8274
144,8275
375,8303
376,8304
443,8324
519,8326
531,8341
9,8366
349,8513
110,8545
111,8546
349,8558
28,8587
253,8699
378,8751
496,8763
27,8820
352,8841
245,8842
383,8843
473,8844
321,8890
322,8891
166,8895
27,8934
107,8970
362,9042
449,9074
335,9100
443,9167
444,9168
252,9183
253,9184
10,9206
39,9274
158,9286
166,9318
519,9376
512,9406
280,9448
406,9466
496,9596
414,9601
388,9662
389,9663
389,9730
445,9787
407,9791
157,9846
414,9909
483,9913
145,9981
424,9981
288,9994
289,9995
472,10050
252,10051
153,10090
166,10116
72,10277
391,10281
487,10372
488,10373
151,10387
130,10395
166,10485
385,10508
384,10547
72,10559
235,10574
496,10608
512,10630
321,10645
130,10665
389,10738
496,10791
244,10857
154,10858
384,10859
165,10871
166,10872
111,10898
483,10900
391,10907
374,11083
531,11121
220,11249
531,11325
156,11366
157,11367
253,11369
245,11379
246,11380
383,11381
252,11382
496,11405
220,11427
79,11456
109,11529
278,11560
279,11561
144,11574
8,11849
152,11849
472,11900
128,12013
79,12020
445,12055
352,12058
154,12059
377,12155
166,12171
72,12182
445,12201
352,12204
154,12205
473,12206
389,12210
466,12225
466,12312
467,12313
245,12324
365,12376
442,12435
443,12436
322,12469
444,12485
253,12515
246,12550
472,12599
370,12600
166,12612
100,12624
165,12758
130,12768
352,12789
245,12790
246,12791
109,12792
489,12827
268,12843
472,12855
155,12856
156,12857
157,12858
450,12871
267,12880
269,12888
235,12911
253,12934
254,12935
154,12937
155,12938
389,12949
390,12950
391,12951
107,12976
108,12977
109,12978
267,13017
109,13037
11,13039
443,13129
444,13177
28,13189
365,13392
532,13397
512,13563
537,13608
538,13609
539,13609
540,13609
165,13624
166,13625
26,13634
253,13846
156,13894
157,13895
156,13897
157,13898
158,13899
442,13962
111,13972
487,13985
496,14050
174,14052
175,14053
253,14059
265,14068
166,14075
423,14079
111,14119
483,14121
289,14127
391,14145
349,14157
472,14196
264,14197
496,14207
352,14269
267,14406
268,14407
253,14443
345,14450
390,14455
146,14478
406,14483
172,14484
256,14484
244,14543
154,14544
384,14545
151,14625
253,14674
414,14678
352,14730
385,14791
390,14848
27,14877
253,14887
487,14909
512,14940
251,14963
389,14977
390,14978
220,14981
377,15031
378,15032
202,15042
107,15093
512,15108
531,15194
157,15257
474,15259
384,15329
385,15330
532,15333
159,15398
371,15398
372,15399
322,15403
8,15424
152,15424
165,15432
289,15448
390,15524
349,15547
253,15568
496,15647
497,15648
156,15702
157,15703
265,15757
26,15787
389,15793
390,15794
496,15845
156,15907
157,15908
385,15910
401,15938
172,15952
256,15952
257,15953
156,15970
157,15971
253,15988
109,16062
110,16063
528,16094
502,16097
537,16102
538,16103
539,16103
540,16103
269,16124
270,16125
425,16172
531,16205
474,16224
235,16263
166,16280
483,16383
474,16408
162,16410
245,16429
109,16430
346,16476
164,16533
162,16567
413,16593
414,16594
244,16657
154,16699
473,16700
154,16716
384,16717
385,16768
144,16793
245,16819
246,16820
109,16821
388,16829
8,16866
152,16866
153,16867
114,16962
384,16976
151,17007
8,17008
152,17008
365,17044
472,17096
476,17185
384,17228
385,17229
251,17253
155,17254
253,17274
254,17275
106,17287
385,17374
273,17424
274,17425
275,17426
151,17497
374,17519
113,17547
472,17572
384,17573
496,17579
472,17663
155,17664
498,17702
352,17723
538,17754
539,17754
540,17754
251,17786
532,17899
388,17973
474,17998
154,18017
252,18018
374,18039
253,18075
189,18082
203,18092
496,18122
496,18155
497,18182
445,18264
172,18268
256,18268
352,18310
245,18311
109,18312
110,18313
352,18329
483,18444
472,18512
473,18513
472,18574
390,18583
309,18606
472,18621
155,18622
444,18697
476,18840
321,18843
253,18937
319,18956
348,18995
321,19044
474,19069
166,19103
154,19128
370,19129
253,19171
346,19222
496,19238
473,19247
253,19279
79,19386
253,19410
8,19417
152,19417
385,19426
111,19474
519,19476
156,19536
157,19537
265,19539
130,19554
267,19592
268,19593
145,19611
424,19611
146,19612
110,19674
111,19675
112,19676
153,19677
253,19723
474,19732
384,19738
349,19768
443,19809
109,19819
268,19872
496,19931
253,19987
253,19999
154,20021
111,20053
484,20098
251,20107
264,20108
246,20123
365,20158
253,20164
472,20204
383,20245
384,20246
370,20260
159,20261
371,20261
372,20262
348,20280
377,20284
518,20286
414,20333
414,20417
288,20472
390,20505
390,20602
519,20611
443,20673
8,20674
152,20674
244,20709
154,20710
385,20740
253,20749
372,20829
20,20858
519,20865
233,20868
244,20882
9,20927
8,20947
152,20947
309,20975
27,20987
27,20994
157,21041
537,21077
244,21092
245,21093
320,21133
472,21182
166,21219
246,21348
7,21360
25,21365
26,21366
27,21367
102,21407
109,21419
72,21514
157,21530
487,21617
151,21686
8,21687
152,21687
79,21753
267,21770
268,21771
166,21780
203,21806
22,21813
253,21821
244,21845
245,21846
383,21847
384,21848
444,21893
349,21917
391,21939
151,21957
531,21964
532,21965
465,21970
253,22022
165,22049
166,22050
443,22094
444,22095
445,22096
472,22107
252,22108
253,22109
245,22128
390,22133
291,22219
519,22236
512,22336
220,22353
374,22399
496,22437
497,22438
467,22493
145,22502
424,22502
384,22515
466,22530
203,22553
112,22575
352,22627
203,22658
251,22700
252,22701
309,22749
109,22767
472,22775
384,22776
245,22929
383,22930
384,22931
245,22955
383,22956
252,22957
466,22972
467,22973
258,22981
532,22997
472,23084
252,23085
253,23086
265,23145
145,23184
424,23184
496,23313
389,23390
383,23414
384,23415
288,23473
89,23477
377,23519
378,23520
9,23562
444,23587
321,23620
25,23668
26,23669
27,23670
483,23763
273,23779
390,23784
166,23787
321,23797
423,23859
245,24000
383,24001
390,24008
391,24009
27,24073
443,24080
9,24195
9,24228
165,24262
166,24279
72,24287
28,24289
251,24297
155,24298
26,24323
27,24324
443,24333
145,24400
424,24400
153,24520
145,24559
424,24559
335,24565
162,24580
244,24607
472,24649
252,24650
352,24692
162,24751
390,24801
531,24867
352,24878
390,24920
532,24943
154,24950
384,24951
295,24962
465,24973
159,24990
371,24990
245,25005
246,25006
246,25007
25,25081
26,25082
27,25083
352,25102
154,25103
384,25104
377,25178
518,25180
519,25181
167,25199
27,25230
166,25244
164,25248
165,25249
483,25347
352,25356
245,25357
244,25404
531,25424
389,25430
8,25465
152,25465
265,25497
266,25498
267,25499
154,25613
155,25614
531,25649
443,25690
8,25691
152,25691
113,25692
172,25693
256,25693
389,25711
390,25712
222,25749
383,25782
321,25819
484,25873
146,25898
472,25975
27,26001
444,26014
8,26044
152,26044
9,26045
377,26065
378,26066
379,26067
253,26101
378,26114
100,26176
101,26177
253,26182
151,26256
8,26257
152,26257
113,26258
474,26389
466,26431
124,26438
289,26448
464,26453
414,26511
309,26524
518,26533
406,26551
443,26568
390,26614
532,26689
130,26704
232,26722
151,26817
444,26818
79,26841
172,26862
256,26862
124,26871
444,26908
253,26925
113,26939
114,26940
233,26972
352,27017
377,27040
203,27052
385,27058
9,27082
489,27116
164,27161
164,27190
383,27235
252,27236
220,27250
374,27392
154,27453
252,27454
109,27464
172,27486
256,27486
172,27512
256,27512
27,27616
274,27620
245,27662
17,27728
537,27741
538,27742
539,27742
540,27742
203,27918
472,27944
473,27945
165,28021
166,28022
172,28038
256,28038
253,28119
385,28171
111,28176
483,28178
166,28185
110,28218
309,28332
487,28350
251,28353
444,28531
406,28534
114,28535
444,28542
9,28547
265,28577
253,28590
172,28610
256,28610
246,28677
443,28684
444,28685
364,28758
172,28777
256,28777
352,28792
244,28853
245,28878
252,28896
244,29013
172,29038
256,29038
377,29051
291,29090
352,29119
245,29120
172,29153
256,29153
145,29201
424,29201
8,29214
152,29214
153,29215
154,29216
252,29217
383,29237
264,29238
496,29261
497,29262
11,29273
444,29521
143,29625
144,29626
210,29694
245,29698
8,29729
152,29729
113,29730
172,29731
256,29731
257,29732
153,29740
245,29774
246,29775
406,29793
172,29794
256,29794
278,29798
414,29816
316,29832
245,29858
172,29947
256,29947
166,30080
158,30117
423,30147
352,30177
154,30195
473,30196
375,30226
376,30227
246,30320
246,30321
154,30350
264,30351
172,30387
256,30387
383,30441
155,30442
7,30512
531,30635
289,30643
158,30654
537,30709
153,30755
172,30767
256,30767
444,30824
151,30848
130,30858
246,30911
246,30912
289,30916
72,30935
245,30982
172,31018
256,31018
442,31040
352,31044
245,31045
9,31085
10,31086
27,31125
245,31165
246,31166
383,31167
384,31168
320,31174
111,31194
9,31247
111,31269
352,31329
245,31330
246,31331
109,31332
351,31362
172,31364
256,31364
173,31365
111,31369
307,31381
482,31382
346,31441
347,31442
466,31464
467,31465
378,31481
153,31490
346,31516
414,31529
466,31553
295,31563
154,31788
252,31789
253,31790
9,31831
18,31848
19,31849
519,31858
472,31862
27,31874
244,31900
351,31956
537,31999
159,32111
371,32111
246,32116
383,32117
253,32147
143,32179
144,32180
8,32225
152,32225
474,32228
165,32274
166,32275
112,32278
9,32279
10,32321
157,32354
204,32364
165,32399
346,32427
251,32649
252,32650
253,32651
476,32684
113,32730
532,32744
537,32751
538,32752
539,32752
540,32752
474,32764
475,32765
204,32811
253,32816
528,32829
529,32830
309,32867
171,32881
172,32882
256,32882
173,32883
265,32887
165,32898
166,32899
251,32909
252,32910
154,32926
155,32927
265,32977
110,32995
512,32999
7,33056
219,33115
257,33205
346,33221
288,33293
8,33364
152,33364
352,33379
154,33380
518,33431
113,33447
114,33448
482,33453
512,33464
484,33468
144,33472
352,33504
144,33517
346,33630
8,33690
152,33690
414,33705
435,33738
309,33759
9,33764
512,33771
472,33786
252,33787
253,33788
254,33789
154,33791
252,33792
532,33801
295,33809
151,33839
472,33900
252,33901
165,33908
236,33914
28,33920
537,33971
197,34063
243,34068
244,34069
154,34070
473,34071
352,34099
245,34100
362,34139
253,34177
246,34191
383,34192
473,34193
474,34194
153,34216
377,34246
243,34253
244,34254
537,34283
352,34286
245,34287
383,34288
252,34289
253,34290
254,34291
466,34330
467,34331
245,34337
109,34338
110,34339
220,34346
28,34370
532,34425
472,34459
442,34506
443,34507
422,34519
321,34524
414,34608
113,34683
172,34684
256,34684
173,34685
474,34760
443,34795
444,34796
164,34842
165,34843
166,34844
203,34853
27,34865
444,34871
390,34902
443,34935
352,34971
163,34993
27,35010
18,35060
246,35083
503,35092
156,35097
157,35098
27,35131
414,35156
159,35172
371,35172
389,35234
153,35237
154,35238
22,35307
159,35334
371,35334
253,35429
254,35430
474,35433
532,35506
165,35549
166,35550
532,35558
487,35587
383,35591
155,35592
383,35618
252,35619
472,35695
321,35929
25,35998
26,35999
27,36000
273,36019
274,36020
275,36021
166,36071
391,36113
321,36127
139,36194
352,36198
245,36199
246,36200
246,36201
383,36202
370,36203
265,36214
144,36221
278,36286
106,36320
487,36342
154,36350
203,36400
154,36428
155,36429
532,36478
472,36619
384,36620
233,36676
234,36677
537,36699
26,36830
27,36831
253,36888
173,37008
390,37014
174,37057
175,37058
22,37077
153,37128
154,37129
384,37130
165,37146
295,37156
27,37160
407,37231
268,37236
531,37242
532,37243
245,37253
466,37256
467,37257
245,37355
265,37371
157,37535
349,37540
203,37585
246,37591
472,37684
384,37685
537,37715
538,37716
539,37716
540,37716
159,37838
371,37838
235,37849
391,37877
8,37905
152,37905
466,37908
253,37915
220,37940
483,37956
165,37985
166,37986
270,37991
72,37996
536,38065
537,38066
538,38067
539,38067
540,38067
467,38109
452,38111
374,38112
472,38125
252,38126
352,38148
154,38149
370,38150
246,38165
383,38166
252,38167
253,38168
309,38174
496,38200
378,38264
171,38273
265,38307
352,38325
154,38326
496,38348
518,38373
101,38379
102,38380
246,38392
246,38393
246,38394
109,38395
321,38430
253,38512
7,38522
8,38538
152,38538
156,38541
157,38542
153,38584
154,38585
155,38586
472,38621
155,38622
172,38658
256,38658
531,38725
483,38737
484,38738
485,38739
486,38740
487,38741
450,38758
451,38759
390,38777
391,38778
27,38794
466,38848
321,38966
322,38967
349,38973
497,38991
27,38996
9,39000
159,39106
371,39106
496,39137
164,39229
143,39231
172,39240
256,39240
391,39265
198,39310
253,39321
483,39431
496,39452
151,39485
444,39486
100,39505
101,39506
244,39544
345,39554
253,39615
143,39627
320,39671
162,39686
388,39735
389,39736
265,39787
254,39825
253,39828
26,39846
27,39847
531,39862
435,39882
8,39966
152,39966
391,40098
172,40110
256,40110
472,40186
473,40187
474,40188
153,40279
154,40280
264,40281
265,40282
389,40358
167,40364
496,40381
472,40421
252,40422
165,40434
512,40475
472,40486
202,40519
203,40520
443,40526
444,40527
370,40578
159,40579
371,40579
390,40637
251,40643
252,40644
165,40665
166,40666
124,40669
345,40719
346,40720
347,40721
153,40737
406,40778
172,40779
256,40779
390,40790
267,40837
25,40854
26,40855
202,40945
203,40946
164,40980
377,41032
19,41281
20,41282
352,41291
245,41292
383,41293
264,41294
472,41318
155,41319
267,41360
320,41465
113,41497
321,41529
9,41538
379,41548
110,41556
253,41572
487,41624
25,41657
416,41662
9,41665
450,41680
110,41685
11,41694
244,41742
154,41743
264,41744
154,41903
252,41904
253,41905
151,41915
253,41927
309,41976
389,41996
113,41999
407,42000
244,42069
390,42167
143,42236
265,42285
159,42298
371,42298
253,42351
139,42367
164,42406
143,42408
347,42433
444,42474
89,42510
9,42518
389,42526
9,42529
9,42562
10,42563
19,42576
20,42577
21,42578
110,42669
111,42670
362,42674
363,42675
172,42678
256,42678
111,42717
472,42727
252,42728
253,42760
472,42792
252,42793
8,42798
152,42798
165,42895
164,43011
443,43016
26,43034
444,43089
151,43184
17,43199
390,43221
322,43328
203,43400
100,43447
101,43448
472,43495
252,43496
253,43497
472,43530
9,43538
443,43623
8,43624
152,43624
153,43625
154,43626
155,43627
476,43689
158,43740
151,43793
377,43836
423,43903
444,43977
172,44007
256,44007
389,44024
390,44025
443,44044
110,44090
352,44103
483,44233
27,44302
163,44361
372,44393
307,44443
253,44457
254,44458
255,44459
172,44460
256,44460
257,44461
111,44524
112,44525
153,44526
512,44624
309,44742
265,44823
390,44840
391,44841
390,44864
496,44877
528,44900
10,44925
39,44926
145,44940
424,44940
519,44981
202,45028
203,45029
352,45043
154,45044
155,45045
154,45107
473,45108
496,45132
537,45142
452,45172
537,45174
166,45183
253,45249
265,45267
203,45290
385,45295
472,45320
252,45321
253,45322
472,45441
111,45478
154,45539
264,45540
407,45572
162,45597
251,45787
384,45788
391,45888
165,45895
203,45905
162,45920
163,45921
153,45982
154,45983
352,46060
154,46061
512,46079
423,46147
100,46222
389,46240
289,46373
484,46445
268,46471
465,46532
466,46533
467,46534
295,46560
444,46595
253,46689
528,46739
27,46743
388,46874
79,46936
201,46937
467,46953
362,47026
130,47051
166,47063
216,47068
166,47091
496,47126
472,47134
384,47135
111,47180
112,47181
222,47344
109,47349
110,47350
220,47354
395,47361
9,47403
537,47437
466,47486
467,47487
20,47501
21,47502
274,47541
275,47542
8,47570
152,47570
145,47615
424,47615
425,47616
320,47650
377,47658
518,47660
352,47687
18,47742
253,47795
172,47817
256,47817
352,47842
154,47843
252,47844
144,47857
100,47880
156,47885
157,47886
244,47918
154,47919
496,47949
414,47954
265,47980
334,48018
383,48051
252,48052
253,48053
9,48064
172,48092
256,48092
435,48110
154,48116
384,48117
27,48134
244,48149
450,48206
472,48210
252,48211
27,48288
144,48294
154,48314
252,48315
165,48346
466,48354
443,48511
245,48632
383,48633
9,48743
10,48744
253,48767
254,48768
443,48792
26,48809
27,48810
346,48916
347,48917
518,48971
537,48988
352,48991
289,49028
72,49070
352,49090
487,49128
531,49146
532,49147
467,49291
531,49315
165,49331
472,49348
384,49349
385,49350
435,49376
436,49377
253,49382
450,49408
451,49409
487,49450
252,49508
244,49551
154,49552
384,49553
385,49554
158,49559
159,49560
371,49560
109,49613
362,49639
268,49684
383,49725
377,49755
107,49770
166,49779
257,49802
450,49812
472,49816
172,49826
256,49826
307,49834
308,49835
477,49850
320,49852
476,49860
321,49863
172,49910
256,49910
383,49938
252,49939
10,49992
320,50005
321,50006
352,50025
253,50058
154,50080
435,50228
436,50229
362,50245
321,50248
18,50306
435,50552
320,50557
464,50562
11,50575
245,50645
383,50646
370,50647
274,50725
275,50726
273,50780
274,50781
59,50793
253,50840
243,50885
244,50886
154,50887
444,50927
443,50935
444,50936
144,51005
531,51078
9,51086
116,51149
391,51168
443,51231
151,51370
389,51390
153,51482
110,51484
111,51511
203,51526
442,51537
443,51538
8,51554
152,51554
474,51561
162,51563
163,51564
164,51565
165,51566
166,51567
389,51591
320,51685
27,51693
321,51700
334,51711
346,51719
374,51742
375,51743
376,51744
377,51745
378,51746
414,51770
464,51817
465,51818
466,51819
467,51820
496,51838
531,51854
388,51938
389,51939
391,51947
154,51988
252,51989
124,52045
531,52053
390,52094
483,52099
531,52111
450,52140
451,52141
449,52151
251,52164
473,52165
474,52166
475,52167
364,52237
273,52268
274,52269
531,52298
268,52312
273,52387
274,52388
113,52411
172,52412
256,52412
501,52442
472,52453
384,52454
197,52562
22,52592
165,52606
244,52647
466,52650
483,52694
166,52706
174,52711
175,52712
443,52744
159,52770
371,52770
174,52775
175,52776
27,52797
172,52813
256,52813
145,52881
424,52881
165,52887
144,53067
449,53084
450,53085
537,53102
538,53103
539,53103
540,53103
372,53119
253,53198
384,53231
321,53289
233,53299
145,53327
424,53327
489,53373
145,53451
424,53451
321,53482
391,53540
100,53586
244,53604
245,53605
246,53606
109,53607
110,53608
22,53646
385,53652
423,53707
113,53763
472,53824
384,53825
7,53885
144,53898
376,53939
377,53940
450,54063
377,54102
9,54105
111,54107
519,54109
449,54144
320,54238
268,54274
466,54312
483,54386
477,54416
320,54418
9,54459
145,54471
424,54471
472,54489
155,54490
22,54533
27,54624
166,54631
251,54659
252,54660
385,54705
414,54719
537,54855
538,54856
539,54856
540,54856
538,54857
539,54857
540,54857
352,54860
154,54861
252,54862
472,54906
252,54907
166,54911
489,54915
484,54925
244,54956
253,55019
352,55063
154,55064
531,55086
111,55100
445,55102
114,55112
389,55128
377,55149
477,55151
320,55153
321,55154
27,55248
466,55274
467,55275
468,55276
154,55457
252,55458
253,55466
473,55473
483,55524
484,55525
22,55533
203,55540
151,55606
483,55629
422,55643
156,55708
157,55709
154,55730
252,55731
352,55792
72,55811
26,55889
27,55890
165,55898
244,56055
154,56056
473,56057
474,56058
166,56097
321,56393
321,56482
79,56495
88,56500
8,56506
152,56506
496,56584
443,56601
383,56642
252,56643
443,56670
309,56702
253,56708
18,56727
246,56760
109,56761
528,56775
529,56776
113,56785
444,56804
476,56827
8,56876
152,56876
295,56917
309,56946
389,56985
156,57013
157,57014
407,57134
151,57163
377,57166
320,57220
89,57239
533,57269
246,57296
383,57297
155,57298
253,57319
408,57343
389,57397
9,57400
10,57401
407,57432
107,57462
384,57464
244,57503
154,57504
252,57505
164,57543
165,57544
390,57549
153,57580
154,57581
407,57615
146,57642
334,57666
153,57709
321,57716
474,57776
475,57777
377,57781
11,57886
295,57910
377,57915
531,58002
489,58022
472,58176
155,58177
166,58328
154,58349
252,58350
414,58436
472,58455
253,58471
389,58485
253,58519
9,58637
442,58678
165,58687
385,58696
221,58698
244,58710
245,58711
518,58849
519,58850
245,58946
246,58947
109,58948
110,58949
257,58961
498,58962
9,59027
143,59131
144,59132
390,59152
406,59173
172,59174
256,59174
362,59185
309,59262
163,59290
444,59308
253,59326
488,59345
113,59351
172,59352
256,59352
11,59389
153,59436
154,59437
156,59579
465,59581
309,59630
391,59665
254,59681
10,59683
8,59702
152,59702
9,59703
365,59761
10,59787
