142,12
360,84
11,244
341,244
309,294
244,347
183,349
159,367
105,371
192,410
512,411
184,436
362,458
182,519
184,541
192,571
103,648
315,648
316,649
317,650
44,683
511,706
387,796
104,797
360,833
361,834
362,835
230,869
231,870
232,871
159,936
160,939
161,940
389,940
11,941
341,941
432,962
288,1010
158,1027
142,1056
105,1066
510,1137
44,1193
56,1213
42,1242
157,1242
138,1245
347,1256
360,1292
314,1300
103,1301
315,1301
288,1362
235,1381
236,1382
105,1391
182,1416
347,1435
14,1438
161,1459
389,1459
158,1480
159,1481
109,1528
431,1558
43,1569
158,1579
159,1580
399,1583
182,1590
140,1607
141,1608
152,1676
317,1727
318,1728
303,1805
434,1851
159,1876
238,1899
72,1981
182,2149
347,2150
181,2153
364,2153
182,2154
11,2174
341,2174
158,2198
159,2199
105,2201
106,2202
512,2229
158,2233
106,2235
339,2241
340,2242
162,2243
163,2244
164,2245
104,2269
105,2270
159,2277
105,2280
347,2288
510,2301
183,2319
42,2349
157,2349
386,2369
76,2376
77,2377
42,2379
157,2379
106,2475
105,2510
104,2523
101,2634
102,2635
232,2697
388,2756
182,2790
314,2824
103,2825
315,2825
104,2826
105,2827
182,2847
183,2848
339,2853
105,2861
360,2884
361,2885
434,2923
43,2952
347,3009
43,3042
152,3048
182,3084
432,3107
158,3141
289,3194
43,3201
361,3237
337,3274
152,3299
397,3303
347,3323
346,3389
347,3390
258,3424
105,3468
158,3477
423,3733
43,3759
16,3786
158,3834
201,3836
104,3888
230,3918
231,3919
142,3920
510,3961
511,3962
182,3969
257,3981
302,4101
104,4138
105,4140
258,4225
225,4276
104,4281
314,4348
103,4349
315,4349
103,4357
315,4357
388,4358
158,4379
104,4390
105,4391
436,4422
56,4459
161,4483
389,4483
104,4498
160,4500
161,4501
389,4501
107,4511
432,4514
191,4560
192,4561
339,4651
60,4678
61,4679
62,4680
405,4687
492,4762
289,4799
165,4814
104,4850
160,4851
325,4852
104,4951
105,4952
257,4977
258,4978
318,5064
64,5067
387,5149
316,5150
42,5193
157,5193
201,5230
192,5354
190,5396
191,5397
192,5398
431,5413
76,5436
384,5476
385,5477
103,5497
315,5497
165,5528
161,5551
389,5551
11,5552
341,5552
432,5588
386,5611
512,5619
105,5662
432,5702
512,5727
227,5832
202,5834
257,5883
436,5910
106,5934
164,5949
165,5950
337,5995
338,5996
64,6075
316,6205
106,6347
107,6348
108,6349
158,6362
159,6363
105,6365
386,6468
250,6623
109,6664
13,6786
388,6813
387,6915
259,6950
182,7073
183,7074
112,7210
113,7211
158,7236
192,7282
345,7294
337,7305
56,7313
492,7333
56,7393
362,7395
492,7430
397,7442
431,7471
432,7472
106,7521
386,7524
105,7581
106,7612
511,7677
345,7744
99,7830
314,7842
63,7943
64,7944
510,7950
183,7982
184,7983
387,8013
384,8073
158,8109
317,8111
103,8126
315,8126
386,8192
512,8331
431,8341
432,8342
235,8380
161,8545
389,8545
192,8593
510,8809
104,8842
105,8843
510,8995
511,8996
93,9004
434,9013
381,9048
382,9049
404,9084
405,9085
404,9174
405,9175
406,9176
192,9224
512,9225
317,9239
42,9267
157,9267
43,9268
436,9287
43,9324
360,9418
361,9419
491,9450
63,9482
64,9483
263,9529
406,9578
512,9589
492,9602
87,9630
182,9786
492,9910
316,9943
109,9992
158,10049
387,10090
432,10099
347,10142
259,10242
56,10269
107,10508
167,10518
106,10547
347,10612
511,10667
162,10701
235,10722
512,10745
360,10747
432,10766
203,10784
43,10836
103,10857
315,10857
106,10859
288,10919
43,10953
388,10992
237,11018
158,11048
431,11121
510,11203
431,11325
432,11326
318,11355
104,11379
105,11381
432,11429
94,11522
362,11523
158,11527
159,11528
160,11529
325,11530
53,11620
43,11722
142,11772
43,11796
512,11814
386,11849
287,11857
158,11899
229,11979
405,12007
158,12026
409,12030
165,12067
229,12075
138,12147
432,12152
182,12200
361,12218
104,12324
258,12410
152,12420
250,12479
347,12486
43,12567
44,12568
56,12588
436,12601
13,12640
512,12720
9,12729
104,12790
160,12792
8,12818
112,12829
113,12830
397,12862
228,12883
512,12897
160,12978
432,12982
192,12988
160,13037
43,13083
510,13096
347,13178
158,13197
201,13199
381,13228
401,13282
64,13364
340,13381
322,13434
64,13443
236,13449
362,13484
346,13507
183,13508
158,13533
337,13591
297,13599
302,13609
337,13632
418,13659
347,13811
184,13831
337,13885
56,13906
43,13943
76,13970
102,14026
56,14071
339,14093
158,14181
158,14195
112,14241
113,14242
109,14304
56,14463
103,14543
315,14543
106,14545
512,14551
191,14636
492,14679
406,14737
435,14743
109,14766
107,14791
435,15157
436,15158
316,15186
317,15187
431,15194
432,15195
110,15286
106,15329
107,15330
360,15373
510,15376
511,15377
386,15424
360,15442
361,15443
158,15482
288,15578
152,15641
153,15642
154,15643
56,15733
191,15741
192,15742
325,15903
107,15910
232,15921
43,15968
158,16060
159,16061
160,16062
161,16063
389,16063
64,16070
302,16103
59,16105
60,16106
344,16128
406,16147
108,16181
318,16202
431,16205
64,16222
345,16229
158,16239
203,16327
436,16352
406,16363
104,16429
160,16430
432,16434
102,16637
59,16649
314,16656
103,16657
315,16657
432,16678
106,16717
101,16764
102,16765
107,16768
287,16807
104,16819
160,16821
386,16866
387,16867
388,16868
257,16874
65,16899
106,16976
386,17008
510,17154
184,17192
106,17228
107,17229
476,17260
56,17361
107,17374
288,17401
227,17489
182,17533
106,17573
345,17691
388,17724
158,17749
302,17754
158,17842
227,17849
158,18003
361,18022
289,18064
183,18100
182,18296
347,18297
104,18311
160,18312
161,18313
389,18313
316,18330
317,18331
365,18338
385,18343
43,18374
45,18412
311,18459
158,18511
289,18531
418,18551
183,18600
52,18669
488,18669
347,18698
192,18703
113,18731
435,18947
436,18948
363,18958
64,19067
95,19096
510,19113
158,19189
177,19385
397,19401
398,19402
386,19417
107,19426
76,19472
409,19478
288,19510
289,19511
56,19542
183,19548
511,19556
512,19557
259,19572
183,19631
161,19674
389,19674
387,19677
388,19678
383,19681
384,19682
106,19738
182,19781
381,19811
382,19812
383,19813
158,19817
159,19818
160,19819
152,19886
159,20122
201,20125
258,20177
158,20203
388,20210
105,20245
106,20246
142,20309
492,20334
337,20344
76,20351
162,20353
435,20407
234,20423
380,20432
405,20493
406,20494
416,20622
386,20674
44,20702
103,20709
315,20709
230,20731
231,20732
142,20733
107,20740
432,20743
421,20837
422,20838
314,20849
103,20882
315,20882
386,20947
93,21012
94,21013
103,21092
315,21092
104,21093
191,21105
130,21125
158,21144
158,21181
163,21222
361,21226
158,21346
159,21347
201,21350
202,21351
235,21376
159,21418
160,21419
492,21467
227,21619
386,21687
109,21712
167,21765
314,21844
103,21845
315,21845
104,21846
105,21847
106,21848
159,21863
476,21900
512,21911
44,21945
431,21964
43,21981
397,22017
398,22018
182,22062
104,22128
202,22229
42,22238
157,22238
109,22325
510,22348
511,22349
190,22433
191,22434
158,22467
232,22473
106,22515
64,22647
65,22648
432,22759
160,22767
325,22768
106,22776
64,22815
43,22836
345,22846
158,22865
104,22929
105,22930
106,22931
104,22955
105,22956
56,22963
347,22979
9,22983
10,22984
182,23007
337,23018
182,23103
56,23180
43,23205
434,23218
258,23247
259,23248
95,23254
236,23295
192,23302
109,23377
153,23398
154,23399
105,23414
106,23415
347,23588
183,23606
361,23618
191,23652
192,23653
388,23732
288,23767
289,23768
434,23800
104,24000
105,24001
346,24051
347,24052
95,24127
314,24310
439,24374
190,24389
191,24390
100,24455
365,24462
387,24520
338,24536
345,24550
346,24551
347,24552
347,24572
258,24588
397,24598
102,24606
103,24607
315,24607
158,24648
192,24658
164,24661
165,24662
138,24778
234,24782
235,24783
397,24811
431,24867
432,24887
106,24951
434,24988
435,24989
487,24992
104,25005
43,25014
43,25044
76,25056
106,25104
432,25175
416,25193
347,25225
104,25357
113,25393
314,25403
103,25404
315,25404
234,25411
235,25412
236,25413
318,25421
431,25424
42,25442
157,25442
158,25443
152,25451
142,25462
386,25465
512,25525
190,25540
152,25590
361,25596
431,25649
95,25686
386,25691
158,25735
183,25771
105,25782
337,25843
288,25943
289,25944
347,26015
386,26044
64,26225
386,26257
289,26354
434,26387
230,26399
231,26400
347,26471
405,26494
492,26512
182,26548
235,26596
113,26612
237,26624
201,26644
238,26671
363,26692
181,26693
364,26693
436,26739
42,26752
157,26752
158,26753
512,26778
347,26909
318,26941
345,27037
107,27058
108,27059
158,27061
109,27090
64,27106
361,27124
14,27168
512,27177
109,27219
158,27233
159,27234
105,27235
314,27333
338,27376
65,27378
435,27395
512,27431
160,27464
257,27470
258,27471
93,27508
229,27513
380,27515
64,27539
104,27662
365,27685
512,27694
328,27699
302,27742
337,27770
192,27824
192,27845
182,27847
434,28064
107,28171
108,28172
161,28218
389,28218
102,28298
362,28338
363,28339
43,28509
347,28543
317,28622
159,28676
345,28735
507,28756
158,28798
317,28800
103,28853
315,28853
388,28854
182,28865
347,28866
104,28878
138,28881
436,28947
510,28956
511,28957
257,28988
103,29013
315,29013
104,29120
236,29184
237,29185
386,29214
387,29215
105,29237
142,29246
429,29268
436,29283
64,29397
258,29493
347,29522
346,29537
104,29698
202,29712
386,29729
387,29740
388,29741
104,29774
397,29790
398,29791
436,29811
492,29817
104,29858
201,29860
436,29983
263,30038
152,30136
512,30159
388,30178
330,30247
512,30251
337,30311
158,30318
159,30319
158,30342
181,30390
364,30390
231,30404
105,30441
158,30492
43,30533
182,30549
11,30554
341,30554
178,30563
384,30567
385,30568
182,30584
141,30591
431,30635
432,30636
436,30655
109,30682
510,30712
511,30713
380,30740
387,30755
316,30756
95,30800
347,30825
53,30841
158,30909
159,30910
182,30948
314,30970
104,30982
229,31019
94,31026
104,31045
110,31077
104,31165
105,31167
106,31168
362,31180
396,31191
322,31266
339,31267
340,31268
104,31330
160,31332
340,31368
43,31392
172,31405
173,31406
476,31418
387,31490
388,31491
110,31511
492,31530
43,31546
317,31666
318,31667
434,31696
236,31729
344,31800
345,31801
233,31848
42,31860
157,31860
158,31861
60,31869
61,31870
62,31871
103,31900
315,31900
435,32110
159,32115
105,32117
182,32129
76,32158
77,32159
42,32161
157,32161
52,32187
488,32187
386,32225
152,32267
227,32299
238,32401
43,32479
152,32591
191,32610
434,32709
302,32752
258,32772
152,32848
9,32860
345,32865
227,32895
161,32995
389,32995
94,33104
316,33121
435,33125
436,33126
316,33203
316,33232
227,33338
158,33346
388,33359
386,33364
93,33376
388,33505
510,33575
511,33576
512,33577
289,33665
386,33690
258,33701
259,33702
492,33706
43,33714
64,33812
146,34067
103,34069
315,34069
104,34100
11,34132
341,34132
257,34154
158,34189
159,34190
105,34192
387,34216
158,34231
317,34233
103,34254
315,34254
388,34255
104,34287
105,34288
316,34293
340,34304
104,34337
160,34338
161,34339
389,34339
182,34445
263,34450
158,34458
251,34600
314,34650
109,34811
234,34848
235,34849
347,34872
295,34918
232,34964
316,34972
158,35004
512,35028
146,35053
233,35060
159,35082
399,35086
89,35107
90,35108
76,35139
492,35157
435,35171
158,35178
337,35207
387,35237
190,35268
152,35300
158,35320
510,35368
511,35369
512,35370
76,35406
190,35411
191,35412
434,35431
327,35553
105,35591
158,35616
159,35617
105,35618
75,35756
476,35810
435,35837
430,35872
511,35888
512,35889
43,35906
76,36144
61,36179
104,36199
105,36202
436,36204
434,36212
56,36280
362,36282
172,36323
432,36473
167,36536
102,36562
158,36618
106,36620
436,36645
158,36749
230,36786
231,36787
142,36788
11,36806
341,36806
152,36859
487,36863
258,36875
43,36886
387,37128
106,37130
44,37195
431,37242
104,37253
406,37271
400,37325
401,37326
140,37334
104,37355
76,37362
182,37429
459,37570
159,37590
436,37608
158,37683
106,37685
302,37716
314,37724
386,37905
382,37918
382,38014
302,38067
235,38084
236,38085
158,38124
436,38151
158,38163
159,38164
105,38166
435,38189
436,38190
230,38350
231,38351
421,38377
159,38391
160,38395
434,38433
435,38434
436,38435
113,38440
386,38538
387,38584
405,38627
406,38628
431,38725
236,38800
259,39056
182,39062
435,39105
487,39108
432,39147
43,39155
432,39211
110,39258
111,39259
492,39263
43,39319
231,39497
142,39498
56,39515
103,39544
315,39544
434,39597
43,39613
337,39618
164,39624
165,39625
345,39769
346,39770
183,39771
184,39772
434,39826
431,39862
43,39927
345,39932
436,39961
386,39966
362,40006
158,40206
387,40279
158,40420
337,40440
436,40450
59,40474
347,40528
43,40543
360,40649
169,40661
170,40662
491,40677
170,40713
510,40733
511,40734
387,40737
388,40738
182,40826
347,40827
153,40875
154,40876
361,40920
52,40925
488,40925
52,41055
488,41055
169,41073
170,41074
258,41086
109,41154
104,41292
105,41293
338,41329
182,41337
347,41338
340,41342
162,41343
11,41382
341,41382
311,41396
251,41535
161,41556
389,41556
152,41598
76,41626
230,41653
231,41654
142,41655
161,41685
389,41685
11,41686
341,41686
103,41742
315,41742
56,41759
510,41762
42,42028
157,42028
103,42069
315,42069
388,42070
360,42093
361,42094
182,42158
510,42186
511,42187
345,42212
258,42221
259,42222
434,42296
435,42297
259,42422
360,42428
361,42429
347,42475
345,42488
314,42636
52,42642
488,42642
388,42668
161,42669
389,42669
381,42709
382,42710
383,42711
386,42798
360,42840
11,42971
341,42971
347,43090
182,43152
510,43173
511,43174
43,43191
397,43322
398,43323
162,43335
340,43583
11,43584
341,43584
109,43608
386,43624
387,43625
202,43653
153,43746
338,43952
347,43978
476,43996
152,44047
388,44089
161,44090
389,44090
316,44104
201,44105
234,44136
44,44183
44,44237
510,44267
360,44306
182,44381
340,44412
11,44413
341,44413
387,44526
56,44634
318,44651
60,44690
61,44691
62,44692
63,44693
152,44754
153,44755
397,44849
398,44850
511,44886
192,44929
42,44983
157,44983
43,44984
202,45081
107,45295
236,45433
158,45440
237,45470
491,45547
492,45548
130,45662
101,45705
102,45706
106,45788
510,45809
511,45810
257,45909
258,45910
235,45945
236,45946
387,45982
165,46083
167,46139
158,46194
257,46203
258,46204
388,46219
43,46251
191,46318
289,46346
279,46367
251,46376
89,46407
90,46408
380,46424
326,46481
327,46482
112,46523
113,46524
361,46540
380,46549
64,46563
54,46598
9,46602
13,46615
381,46626
382,46627
383,46628
384,46629
385,46630
183,46755
510,46777
511,46778
512,46779
360,46792
361,46793
361,46796
76,46809
76,46878
162,46904
383,46928
384,46929
76,46992
382,47065
158,47133
106,47135
172,47164
66,47175
259,47213
64,47259
159,47348
160,47349
161,47350
389,47350
386,47570
397,47683
316,47688
233,47742
234,47743
510,47750
397,47778
182,47869
347,47870
43,47883
314,47917
103,47918
315,47918
258,48005
182,48023
105,48051
106,48117
338,48119
103,48149
315,48149
316,48150
201,48151
229,48239
434,48304
430,48338
201,48344
64,48477
64,48493
183,48570
60,48595
61,48596
104,48632
105,48633
347,48672
184,48708
176,48914
432,49011
44,49061
431,49146
384,49164
512,49173
142,49214
432,49257
64,49282
431,49315
432,49316
106,49349
107,49350
108,49351
43,49380
76,49452
237,49495
103,49551
315,49551
106,49553
107,49554
487,49562
345,49569
346,49570
158,49611
159,49612
160,49613
512,49692
43,49719
105,49725
325,49764
228,49801
229,49827
152,49837
153,49838
98,49879
512,49894
192,49899
159,49937
105,49938
43,49966
201,50093
202,50094
337,50113
11,50138
341,50138
76,50203
43,50232
361,50303
233,50306
63,50371
64,50372
64,50406
435,50433
436,50434
44,50542
57,50555
228,50623
229,50624
230,50625
231,50626
142,50627
42,50635
157,50635
43,50636
104,50645
105,50646
436,50648
269,50671
490,50672
228,50713
229,50714
230,50715
231,50716
232,50717
64,50805
476,50837
103,50886
315,50886
347,50928
183,50937
94,51019
43,51072
431,51078
512,51109
191,51126
462,51430
63,51456
387,51482
388,51483
161,51484
389,51484
56,51496
386,51554
338,51558
250,51618
182,51625
183,51626
44,51646
57,51683
492,51771
348,51805
431,51854
432,51855
230,51866
109,51957
431,52053
112,52091
113,52092
431,52111
432,52112
142,52243
431,52298
130,52336
172,52413
173,52414
435,52427
436,52428
106,52454
76,52515
459,52624
152,52633
103,52647
315,52647
170,52683
231,52732
487,52772
435,52871
66,52872
229,52899
288,52912
302,53103
106,53231
360,53262
322,53329
339,53330
340,53331
162,53332
72,53339
432,53368
347,53417
56,53479
97,53492
98,53493
140,53505
326,53518
327,53519
244,53533
183,53535
103,53604
315,53604
104,53605
160,53607
161,53608
389,53608
11,53609
341,53609
107,53652
108,53653
158,53655
159,53656
138,53765
106,53825
360,54157
510,54160
345,54384
162,54461
158,54488
326,54564
107,54705
492,54720
302,54856
302,54857
289,54873
42,54904
157,54904
158,54905
103,54956
315,54956
388,54957
288,54979
289,54980
227,54987
152,55022
56,55030
43,55047
431,55086
318,55113
439,55157
183,55368
184,55369
263,55504
406,55571
158,55737
360,55789
316,55793
439,55805
56,55870
56,55939
510,55971
361,56009
103,56055
315,56055
64,56088
397,56107
138,56109
64,56119
65,56120
173,56181
289,56211
177,56217
362,56262
95,56304
439,56396
386,56506
182,56512
347,56513
258,56521
337,56524
182,56530
109,56624
182,56629
158,56640
159,56641
105,56642
381,56685
382,56686
233,56727
234,56728
235,56729
236,56730
159,56759
160,56761
183,56805
386,56876
347,56921
183,56925
384,56943
385,56944
190,57039
345,57049
384,57198
105,57297
158,57331
113,57371
106,57464
103,57503
315,57503
387,57580
232,57626
387,57709
173,57742
434,57774
158,57817
230,57844
231,57845
388,57884
158,57890
159,57891
338,57899
405,57959
182,57976
183,57977
431,58002
258,58030
259,58031
72,58064
191,58083
192,58084
158,58175
230,58203
231,58204
142,58205
231,58213
15,58250
93,58311
94,58312
109,58364
432,58374
295,58380
296,58381
109,58397
434,58411
165,58427
492,58437
158,58454
235,58559
314,58578
56,58672
182,58684
107,58696
103,58710
315,58710
104,58711
201,58713
202,58714
345,58784
164,58890
104,58946
160,58948
161,58949
389,58949
430,59206
434,59252
142,59258
309,59329
56,59368
348,59424
387,59436
251,59465
347,59468
64,59577
386,59702
