254,71
220,83
386,130
151,255
201,295
333,403
242,412
309,449
240,517
313,528
103,558
158,559
176,599
232,605
297,648
81,796
121,856
131,972
117,1069
516,1134
123,1159
239,1176
297,1301
132,1363
133,1364
134,1365
135,1366
190,1409
490,1413
387,1426
415,1510
333,1594
334,1595
386,1599
516,1628
254,1659
165,1666
386,1668
387,1669
103,1779
158,1780
364,1823
365,1824
118,1828
306,1828
119,1829
368,1847
332,1851
364,1949
363,1970
233,1985
209,1993
233,2071
298,2160
132,2211
133,2212
401,2281
59,2286
89,2294
305,2343
118,2344
306,2344
119,2345
120,2369
121,2370
132,2372
62,2404
241,2407
151,2416
368,2421
400,2474
401,2511
373,2555
158,2572
239,2595
240,2596
265,2623
295,2634
296,2635
82,2756
400,2772
218,2775
409,2808
386,2820
387,2821
388,2822
297,2825
242,2883
332,2923
241,3066
242,3067
209,3113
239,3197
338,3244
58,3284
238,3314
239,3315
59,3321
351,3326
352,3327
168,3328
169,3329
400,3332
100,3336
101,3337
387,3370
152,3385
151,3413
158,3426
307,3443
401,3469
387,3541
239,3565
240,3566
367,3623
305,3704
118,3705
306,3705
89,3742
400,3843
517,3848
518,3849
111,3850
112,3851
113,3852
364,3990
386,4038
387,4039
388,4040
517,4100
151,4104
333,4105
401,4141
517,4204
518,4205
333,4304
334,4305
124,4325
305,4335
118,4336
306,4336
387,4345
388,4346
297,4349
297,4357
82,4358
386,4424
363,4521
232,4539
157,4601
240,4724
83,4852
363,4898
102,4922
338,4956
352,4962
118,5019
306,5019
307,5020
309,5049
364,5062
81,5149
121,5158
118,5202
306,5202
333,5225
386,5244
333,5272
163,5311
387,5454
297,5497
400,5498
311,5532
312,5533
517,5601
151,5604
59,5610
120,5611
411,5614
103,5628
171,5629
117,5681
118,5682
306,5682
307,5683
158,5734
157,5745
158,5746
232,5755
103,5760
104,5761
365,5833
517,5868
238,5897
239,5898
400,5933
103,5952
517,5964
232,5993
102,6038
387,6061
102,6152
409,6171
517,6201
238,6314
239,6315
209,6343
409,6398
400,6410
333,6449
334,6450
335,6451
336,6452
387,6454
315,6458
120,6468
241,6473
364,6522
298,6526
192,6559
124,6567
157,6570
190,6572
352,6579
387,6592
93,6642
103,6654
234,6656
235,6657
403,6657
350,6676
203,6735
135,6785
157,6793
82,6813
123,6821
124,6822
129,6826
366,6862
117,6876
409,6879
81,6915
400,6916
352,6965
197,6979
93,7006
145,7025
103,7125
170,7137
158,7138
89,7150
89,7168
169,7337
170,7338
158,7339
265,7351
103,7364
396,7476
309,7482
197,7499
198,7500
199,7501
400,7520
120,7524
103,7545
157,7605
368,7617
169,7655
170,7656
175,7695
176,7696
307,7699
409,7717
400,7752
157,7785
168,7873
386,7875
118,7958
306,7958
363,7976
170,7988
158,7989
81,8013
298,8014
386,8046
297,8126
400,8127
470,8131
420,8167
120,8192
333,8194
168,8356
386,8358
121,8366
93,8389
334,8395
377,8399
103,8451
210,8502
333,8532
103,8562
237,8565
238,8566
239,8567
240,8568
170,8579
427,8600
387,8628
409,8697
199,8749
307,8778
239,8791
117,8879
332,9013
171,9040
119,9046
157,9243
220,9252
158,9262
132,9335
118,9373
306,9373
119,9374
286,9377
85,9414
242,9417
103,9428
158,9429
245,9498
157,9567
73,9629
232,9640
118,9722
306,9722
103,9755
103,9765
103,9843
387,9921
232,9984
176,10064
157,10080
81,10090
298,10091
145,10235
79,10254
80,10255
158,10261
124,10290
119,10331
59,10387
232,10388
233,10389
157,10419
131,10442
352,10455
386,10473
233,10489
420,10627
351,10646
305,10647
386,10656
386,10731
313,10741
242,10746
363,10821
131,10824
334,10838
335,10839
219,10842
297,10857
400,10858
102,10871
333,10915
132,10920
82,10992
103,11059
151,11085
387,11212
104,11217
240,11259
335,11265
175,11300
158,11431
83,11530
84,11531
85,11532
158,11578
232,11590
159,11592
135,11608
233,11686
123,11732
242,11815
118,11847
306,11847
119,11848
120,11849
333,11851
334,11852
190,11872
470,11933
404,11935
239,11939
222,11981
244,11981
176,11990
101,11991
400,12059
313,12078
400,12205
218,12216
273,12286
90,12343
171,12354
311,12457
312,12458
420,12460
421,12461
422,12462
333,12574
308,12589
165,12592
170,12594
72,12625
73,12626
135,12639
119,12659
364,12680
365,12681
104,12694
197,12738
102,12758
103,12759
401,12856
364,12882
400,12937
401,12938
93,12999
94,13000
157,13023
158,13024
350,13114
368,13143
242,13154
157,13173
307,13202
151,13299
240,13406
241,13407
408,13434
409,13435
209,13513
123,13577
517,13608
102,13624
89,13738
387,13805
388,13806
157,13883
308,13964
217,13978
296,14026
85,14036
197,14105
198,14106
168,14168
374,14232
298,14270
178,14287
254,14372
233,14393
158,14423
176,14431
101,14432
297,14543
400,14544
242,14552
220,14554
158,14589
305,14596
363,14602
59,14625
92,14651
298,14731
158,14772
219,14825
240,14853
203,14884
386,14900
210,14929
179,14957
307,15136
167,15160
387,15170
388,15171
158,15197
123,15215
124,15216
239,15225
240,15226
368,15238
242,15372
350,15402
387,15405
402,15420
235,15421
403,15421
236,15422
120,15424
333,15426
102,15432
103,15433
219,15440
220,15441
299,15484
330,15508
103,15509
307,15541
368,15545
242,15725
157,15760
158,15761
254,15779
89,15791
367,15830
157,15886
171,15887
83,15903
219,15915
517,16102
170,16354
190,16356
351,16439
352,16440
168,16441
242,16480
387,16488
254,16547
209,16612
313,16634
314,16635
296,16637
297,16657
298,16658
85,16682
331,16697
400,16699
400,16716
295,16764
296,16765
240,16783
335,16790
120,16866
81,16867
82,16868
367,16891
265,16985
59,17007
120,17008
333,17010
124,17063
157,17090
118,17109
306,17109
307,17110
158,17144
159,17145
68,17248
401,17254
410,17262
122,17277
240,17343
119,17392
232,17393
219,17421
232,17442
365,17490
59,17497
232,17503
159,17505
218,17506
219,17507
333,17589
232,17640
401,17664
82,17724
123,17726
395,17813
365,17850
387,17901
333,17939
400,18017
218,18020
103,18068
171,18069
233,18117
386,18233
117,18305
118,18306
306,18306
307,18307
153,18412
232,18443
190,18445
334,18514
335,18515
367,18540
368,18541
401,18622
124,18722
168,18726
409,18761
158,18828
240,18847
241,18848
333,18886
352,18914
168,18915
169,18916
100,18918
386,18950
58,18970
352,18997
351,19045
352,19046
159,19052
218,19053
219,19054
400,19128
124,19134
123,19163
131,19191
333,19335
158,19412
117,19414
118,19415
306,19415
119,19416
120,19417
192,19486
387,19500
242,19513
409,19520
197,19567
101,19626
81,19677
82,19678
386,19697
387,19698
387,19770
124,19877
304,19909
305,19910
118,19911
306,19911
119,19912
232,19913
233,19914
400,20021
103,20033
364,20048
233,20055
192,20079
386,20102
215,20112
170,20116
232,20144
163,20175
82,20210
131,20211
132,20212
131,20221
159,20483
218,20484
219,20485
220,20486
351,20578
305,20579
120,20674
297,20709
400,20710
151,20724
118,20806
306,20806
307,20807
202,20819
491,20837
297,20882
298,20883
121,20927
120,20947
386,20954
241,20996
179,21020
352,21035
168,21036
169,21037
170,21038
334,21043
335,21044
367,21067
516,21076
517,21077
297,21092
333,21164
387,21240
335,21279
89,21381
170,21479
157,21527
135,21578
136,21579
360,21591
145,21593
232,21598
368,21603
232,21625
59,21686
120,21687
52,21835
297,21845
135,21912
59,21957
124,22038
101,22048
102,22049
409,22149
168,22186
169,22187
133,22191
387,22396
388,22397
516,22486
197,22555
420,22634
375,22763
83,22768
363,22803
364,22804
417,22859
418,22860
145,22934
103,23001
103,23061
158,23088
420,23122
118,23173
306,23173
119,23174
332,23218
163,23245
61,23305
62,23306
119,23342
232,23343
233,23344
309,23441
124,23466
303,23505
118,23524
306,23524
121,23562
240,23576
103,23613
158,23614
159,23615
218,23616
122,23665
352,23715
168,23716
169,23717
170,23718
82,23732
123,23734
124,23735
232,23741
332,23800
152,23801
157,23842
363,23862
364,23863
365,23864
132,23920
232,23936
169,24011
387,24065
69,24087
160,24087
366,24162
121,24195
240,24212
121,24228
102,24262
401,24298
103,24342
118,24349
306,24349
307,24350
113,24382
103,24410
81,24520
409,24537
170,24593
375,24596
296,24606
297,24607
218,24652
219,24653
103,24737
158,24738
159,24739
100,24889
202,24915
400,24950
332,24988
386,25074
400,25103
131,25132
415,25236
102,25249
103,25250
238,25272
239,25273
240,25283
100,25342
119,25345
232,25346
297,25404
157,25414
120,25465
427,25475
410,25490
135,25526
400,25613
401,25614
309,25632
120,25691
71,25696
387,25760
176,25796
161,25855
103,25871
335,25874
232,25885
239,25950
176,25962
175,25981
242,25991
351,26018
305,26019
232,26040
120,26044
121,26045
99,26050
157,26057
123,26124
119,26172
100,26184
79,26233
59,26256
120,26257
386,26275
386,26282
387,26283
388,26284
242,26356
331,26386
332,26387
333,26388
122,26436
168,26485
254,26505
305,26539
375,26664
376,26665
364,26732
365,26733
178,26735
131,26755
218,26790
59,26817
103,26846
119,26907
151,26923
222,26990
244,26990
218,27076
121,27082
100,27142
79,27181
117,27238
132,27313
133,27314
368,27342
232,27348
409,27377
151,27394
242,27432
400,27453
93,27562
73,27566
92,27578
135,27695
420,27705
421,27706
103,27709
516,27740
517,27741
364,27749
365,27750
366,27751
170,27768
387,27863
334,27946
335,27947
203,27955
235,27998
403,27998
102,28021
332,28064
157,28149
190,28179
387,28279
313,28295
314,28296
296,28298
386,28407
57,28483
121,28547
122,28548
151,28575
409,28581
171,28729
56,28822
103,28836
104,28837
297,28853
82,28854
129,28894
388,28907
100,28950
307,28953
157,28974
176,28980
297,29013
387,29074
197,29162
198,29163
199,29164
292,29193
120,29214
81,29215
400,29216
100,29328
364,29426
113,29436
203,29587
104,29596
334,29645
335,29646
159,29684
299,29700
265,29704
120,29729
81,29740
82,29741
79,29757
171,29766
387,29845
388,29846
366,29861
351,29950
352,29951
101,30076
82,30178
400,30195
314,30223
315,30224
242,30252
103,30256
313,30339
400,30350
401,30442
219,30529
232,30569
307,30627
104,30665
517,30709
518,30710
242,30725
81,30755
58,30847
59,30848
419,30859
124,30902
241,31050
242,31051
214,31056
121,31085
272,31137
73,31154
121,31247
122,31248
408,31266
119,31276
118,31299
306,31299
119,31300
232,31301
233,31302
131,31333
278,31342
168,31386
238,31457
239,31458
240,31459
199,31479
81,31490
82,31491
170,31645
151,31655
113,31661
332,31696
307,31713
232,31735
400,31788
100,31792
121,31831
241,31876
297,31900
315,31997
517,31999
386,32030
387,32031
218,32065
120,32225
333,32227
113,32236
102,32274
121,32279
233,32352
102,32399
334,32507
335,32508
254,32532
103,32550
170,32554
158,32555
387,32558
161,32633
303,32661
332,32709
517,32751
409,32797
117,32838
157,32890
365,32896
102,32898
400,32926
401,32927
100,32945
377,32957
387,32990
100,33002
107,33006
415,33108
170,33133
174,33194
387,33257
82,33359
120,33364
400,33380
172,33455
157,33466
335,33469
111,33492
82,33505
352,33513
168,33514
352,33520
168,33521
237,33624
100,33656
242,33667
220,33669
120,33690
135,33708
232,33741
232,33754
60,33758
121,33764
157,33773
158,33774
103,33779
104,33780
400,33791
253,33795
59,33839
102,33908
103,33909
103,33944
517,33971
101,33975
240,33979
352,34039
297,34069
400,34070
197,34148
311,34158
113,34161
81,34216
298,34217
297,34254
82,34255
313,34261
517,34283
242,34298
387,34427
313,34481
60,34508
420,34521
104,34527
307,34573
386,34724
191,34761
145,34805
102,34843
158,34893
122,34916
123,34917
197,34930
198,34931
232,34936
159,34938
218,34939
219,34940
241,35012
242,35013
398,35094
145,35200
170,35205
81,35237
400,35238
411,35240
131,35322
239,35381
107,35388
151,35427
332,35431
333,35432
352,35456
237,35463
238,35464
239,35465
240,35466
150,35493
373,35519
102,35549
401,35592
241,35597
171,35664
360,35699
387,35709
151,35775
333,35776
179,35789
157,35820
158,35821
233,35866
420,36124
158,36153
159,36154
170,36206
104,36207
332,36212
352,36288
420,36294
400,36350
400,36428
401,36429
78,36509
158,36525
117,36527
118,36528
306,36528
296,36562
232,36581
170,36647
198,36667
516,36698
517,36699
240,36722
373,36737
170,36740
272,36757
313,36906
488,36932
157,36963
158,36964
170,37061
133,37083
415,37100
333,37113
81,37128
400,37129
364,37143
365,37144
102,37146
239,37276
240,37277
336,37384
151,37418
197,37423
113,37513
118,37549
306,37549
307,37550
176,37582
299,37593
386,37610
368,37652
517,37715
103,37804
158,37805
176,37821
123,37844
254,37853
387,37857
120,37905
232,37955
102,37985
517,38066
151,38070
333,38093
334,38094
400,38149
170,38153
158,38154
159,38155
218,38156
60,38173
158,38212
199,38235
239,38250
145,38297
400,38326
491,38377
131,38396
132,38397
332,38433
232,38523
120,38538
215,38555
170,38559
158,38560
80,38583
81,38584
400,38585
401,38586
402,38587
235,38588
403,38588
404,38589
401,38622
176,38699
387,38764
152,38838
420,38862
364,38923
365,38924
307,38927
368,38971
121,39000
396,39017
363,39141
103,39219
104,39220
387,39298
201,39307
145,39387
350,39419
334,39436
334,39479
59,39485
145,39501
396,39523
415,39529
416,39530
350,39533
297,39544
332,39597
103,39650
386,39682
387,39683
418,39703
336,39752
332,39826
409,39867
199,39879
103,39920
118,39964
306,39964
119,39965
120,39966
124,40060
386,40101
402,40141
235,40142
403,40142
307,40250
81,40279
400,40280
373,40296
176,40432
101,40433
102,40434
103,40435
158,40436
197,40506
145,40553
158,40555
117,40557
218,40646
219,40647
220,40648
102,40665
124,40723
81,40737
82,40738
386,40749
387,40750
388,40751
363,40783
232,40866
103,40884
92,40998
366,41076
475,41165
117,41185
118,41186
306,41186
307,41187
401,41319
409,41330
73,41349
167,41376
192,41399
420,41408
119,41501
121,41538
373,41562
118,41641
306,41641
121,41665
132,41667
133,41668
117,41673
118,41674
306,41674
219,41700
335,41708
233,41716
297,41742
400,41743
309,41813
157,41868
158,41869
387,41872
400,41903
59,41915
232,41916
100,41929
104,41940
124,41947
405,41986
174,42067
297,42069
82,42070
242,42092
333,42110
93,42179
117,42216
118,42217
306,42217
313,42229
332,42296
366,42303
367,42304
368,42305
157,42316
158,42317
159,42318
266,42386
73,42387
242,42427
121,42518
122,42519
123,42520
121,42529
132,42531
133,42532
121,42562
124,42570
82,42668
307,42686
313,42751
117,42795
118,42796
306,42796
119,42797
120,42798
119,42815
232,42816
242,42839
158,42848
159,42849
386,42862
387,42863
388,42864
117,42883
118,42884
306,42884
307,42885
102,42895
311,42941
104,42954
239,43003
232,43017
151,43073
333,43074
334,43075
335,43076
119,43088
79,43106
516,43170
333,43178
59,43184
232,43254
387,43356
388,43357
104,43499
107,43518
386,43525
387,43526
121,43538
120,43624
81,43625
400,43626
401,43627
170,43638
171,43639
364,43651
365,43652
470,43669
177,43787
178,43788
59,43793
159,43803
203,43820
421,43838
173,43871
174,43872
242,43912
409,43953
410,43954
409,43959
89,44022
60,44045
201,44068
311,44075
82,44089
366,44106
152,44142
118,44149
306,44149
367,44276
368,44277
352,44289
241,44304
242,44305
158,44345
100,44348
373,44391
350,44396
242,44434
81,44526
298,44527
158,44617
118,44659
306,44659
119,44660
232,44661
387,44719
388,44720
239,44889
73,44892
386,44898
240,44958
104,45000
400,45044
401,45045
364,45061
400,45107
60,45126
517,45142
518,45143
517,45174
518,45175
239,45331
377,45347
158,45377
157,45434
405,45491
331,45537
400,45539
386,45564
387,45565
232,45585
117,45588
118,45589
306,45589
157,45618
387,45644
294,45704
295,45705
296,45706
238,45716
239,45717
118,45746
306,45746
119,45747
50,45776
409,45878
102,45895
157,45947
81,45982
400,45983
411,45985
242,45994
400,46061
151,46134
82,46219
131,46220
132,46221
72,46223
117,46254
99,46429
241,46475
420,46545
62,46578
118,46593
306,46593
119,46594
135,46614
119,46624
232,46631
159,46633
218,46634
219,46635
220,46636
157,46657
170,46661
363,46686
151,46734
303,46834
245,46841
103,47023
171,47024
313,47130
157,47253
171,47254
410,47260
367,47273
104,47309
373,47325
121,47403
517,47437
518,47438
209,47458
418,47514
309,47536
120,47570
373,47627
272,47677
418,47709
151,47793
232,47822
400,47843
297,47918
400,47919
79,47965
121,48064
122,48065
123,48066
219,48086
400,48116
409,48120
297,48149
176,48172
218,48213
238,48221
239,48222
422,48273
332,48304
400,48314
495,48336
503,48336
102,48346
117,48390
234,48407
235,48408
403,48408
170,48462
158,48463
410,48478
199,48654
415,48690
151,48699
176,48735
121,48743
232,48793
396,48879
386,48903
387,48904
387,48946
315,48986
517,48988
298,48992
118,49005
306,49005
190,49014
103,49076
420,49117
252,49142
253,49143
240,49153
118,49188
306,49188
239,49242
240,49243
100,49318
373,49322
102,49331
100,49333
386,49340
103,49343
214,49364
152,49416
240,49427
411,49432
313,49476
117,49510
297,49551
400,49552
176,49660
177,49661
178,49662
240,49675
241,49676
83,49764
239,49783
240,49784
364,49800
420,49849
240,49867
241,49868
242,49869
305,49922
387,49942
373,50033
307,50073
400,50080
100,50159
170,50186
152,50192
364,50220
365,50221
79,50266
100,50271
334,50408
335,50409
170,50436
158,50437
168,50451
169,50452
170,50453
171,50454
132,50463
336,50505
197,50547
198,50548
199,50549
364,50622
100,50651
101,50652
364,50712
387,50741
420,50788
421,50789
422,50790
232,50819
159,50821
297,50886
400,50887
373,50903
240,50908
241,50909
387,50917
192,51070
121,51086
387,51102
388,51103
242,51110
151,51133
516,51194
334,51206
335,51207
252,51219
232,51232
167,51236
168,51237
118,51310
306,51310
307,51311
308,51312
151,51321
59,51370
386,51440
80,51481
81,51482
82,51483
240,51522
232,51539
118,51552
306,51552
119,51553
120,51554
409,51559
102,51566
490,51622
333,51642
168,51750
171,51857
386,51923
233,51942
400,51988
307,52012
333,52031
334,52069
157,52081
232,52085
119,52097
232,52098
179,52145
157,52174
373,52253
240,52264
241,52265
416,52399
170,52430
167,52434
168,52435
324,52439
119,52508
333,52600
102,52606
103,52607
158,52608
297,52647
199,52667
119,52687
79,52692
170,52715
171,52716
79,52749
419,52791
420,52792
333,52802
386,52830
387,52831
102,52887
103,52888
210,52905
132,52913
104,52950
124,52970
129,52974
157,53001
199,53045
200,53046
201,53047
202,53048
335,53064
240,53080
241,53081
517,53102
265,53109
266,53110
73,53111
352,53144
168,53145
420,53152
390,53188
362,53194
363,53195
386,53216
387,53217
129,53229
420,53245
421,53246
220,53261
351,53290
352,53291
408,53329
297,53604
103,53614
387,53628
388,53629
389,53630
107,53637
176,53661
117,53735
118,53736
306,53736
197,53746
335,53779
240,53783
237,53804
103,53842
124,53964
157,54043
158,54044
232,54053
159,54055
376,54089
121,54105
363,54147
151,54216
336,54438
121,54459
401,54490
333,54512
373,54551
159,54580
241,54626
242,54627
375,54754
386,54833
103,54836
104,54837
517,54855
400,54861
335,54926
336,54927
297,54956
82,54957
123,54959
124,54960
240,54971
241,54972
242,54973
365,54988
113,55015
400,55064
373,55451
374,55452
400,55457
334,55474
335,55526
59,55606
232,55607
324,55639
364,55687
151,55706
117,55712
118,55713
306,55713
307,55714
400,55730
386,55760
118,55764
306,55764
307,55765
165,55797
102,55898
308,55940
309,55941
516,55968
197,56043
297,56055
400,56056
191,56059
176,56078
233,56198
308,56282
309,56283
387,56418
119,56431
232,56432
103,56471
104,56472
145,56501
120,56506
240,56539
313,56637
232,56671
118,56699
306,56699
119,56700
60,56701
119,56789
421,56828
171,56853
120,56876
60,56945
373,56975
374,56976
218,57096
84,57103
85,57104
59,57163
386,57182
364,57208
401,57298
121,57400
132,57485
297,57503
400,57504
427,57529
102,57544
81,57580
400,57581
132,57587
133,57588
360,57608
119,57648
81,57709
336,57733
387,57735
192,57738
363,57753
422,57765
332,57774
333,57775
387,57795
232,57804
100,57808
82,57884
151,57896
232,57948
233,57949
234,57950
235,57951
403,57951
368,57971
315,58094
387,58113
388,58114
375,58129
376,58130
409,58154
401,58177
60,58208
163,58220
385,58269
386,58270
201,58307
400,58349
332,58411
311,58444
324,58464
158,58473
89,58483
123,58511
121,58637
122,58638
123,58639
124,58640
238,58680
239,58681
240,58682
101,58686
102,58687
103,58688
190,58690
131,58703
297,58710
170,58865
158,58866
117,58868
118,58869
306,58869
307,58870
239,58882
333,58928
218,58991
80,59026
121,59027
233,59049
332,59252
60,59261
201,59330
81,59436
400,59437
79,59455
409,59547
363,59568
420,59610
333,59623
118,59646
306,59646
240,59663
169,59667
170,59668
119,59701
120,59702
121,59703
239,59766
240,59767
