457,75
140,130
182,208
424,220
425,221
134,243
392,280
459,382
338,428
71,511
465,574
430,605
314,621
460,650
457,681
443,716
132,725
70,765
300,834
414,942
51,975
476,1067
338,1124
404,1145
405,1146
476,1226
401,1299
133,1317
457,1346
457,1360
189,1477
70,1572
140,1599
356,1607
442,1635
465,1654
140,1668
172,1673
459,1726
460,1727
461,1728
462,1729
172,1735
120,1742
121,1743
122,1744
433,1766
434,1767
442,1772
104,1783
105,1784
440,1850
70,1887
346,1938
347,1939
70,2073
399,2097
403,2128
133,2172
134,2173
433,2204
229,2281
472,2281
429,2286
132,2432
229,2511
472,2511
70,2513
132,2521
464,2736
465,2737
476,2773
172,2801
123,2806
124,2807
125,2808
457,2812
140,2820
300,2885
440,2922
172,3053
133,3060
424,3091
132,3116
473,3119
172,3176
133,3192
473,3203
473,3206
431,3226
451,3236
300,3237
301,3238
432,3274
433,3275
434,3276
315,3283
429,3321
476,3333
478,3348
229,3469
472,3469
459,3478
442,3518
473,3524
134,3634
425,3679
424,3709
425,3710
426,3711
464,3723
459,3835
132,3841
132,3911
473,3944
435,4020
140,4038
298,4042
465,4075
70,4128
229,4141
472,4141
207,4154
140,4424
459,4441
126,4510
430,4539
426,4677
132,4754
431,4802
199,4852
476,4953
431,5044
461,5064
70,5070
132,5102
69,5144
70,5145
459,5229
140,5244
70,5442
414,5513
71,5563
429,5610
430,5755
435,5798
70,5919
430,5993
431,5994
432,5995
104,6040
105,6041
190,6071
191,6072
426,6165
125,6171
126,6172
127,6173
433,6214
434,6215
399,6253
400,6254
414,6286
442,6388
125,6398
172,6407
476,6411
442,6421
476,6606
73,6627
297,6674
78,6733
80,6733
438,6757
439,6758
73,6788
476,6874
125,6879
102,6905
103,6924
292,6976
102,6988
132,7061
476,7238
477,7239
120,7284
431,7304
432,7305
182,7323
476,7407
424,7480
70,7548
125,7717
70,7740
476,7753
477,7754
172,7802
400,7847
314,7861
140,7875
425,7928
126,7945
70,7998
465,8002
140,8046
424,8059
403,8083
459,8110
460,8111
476,8128
322,8146
70,8211
477,8264
478,8265
338,8300
140,8358
134,8367
406,8391
396,8437
71,8518
433,8555
125,8697
424,8992
314,9082
314,9172
476,9183
291,9210
172,9230
460,9239
414,9321
426,9405
465,9412
342,9413
300,9419
399,9421
464,9474
430,9640
478,9647
51,9687
399,9931
400,9932
132,9941
430,9984
425,10037
426,10038
476,10051
477,10052
132,10214
96,10220
143,10283
429,10387
430,10388
70,10391
71,10392
103,10446
140,10473
70,10491
462,10514
399,10555
133,10584
134,10585
426,10629
140,10656
140,10731
415,10844
70,10935
70,10956
95,11011
96,11012
431,11043
191,11103
192,11119
462,11303
71,11308
424,11320
425,11321
70,11330
450,11346
461,11355
462,11356
473,11366
476,11382
322,11401
199,11530
200,11531
70,11554
71,11555
430,11590
435,11636
433,11791
434,11792
70,11799
134,11823
126,11837
392,11994
205,12030
297,12092
300,12218
440,12228
448,12286
449,12287
401,12315
207,12668
322,12717
229,12856
472,12856
473,12857
457,12931
229,12938
472,12938
464,13007
415,13070
438,13135
439,13136
70,13151
78,13161
80,13161
451,13180
459,13198
464,13224
70,13237
125,13435
126,13436
459,13534
457,13557
426,13562
432,13591
433,13592
434,13593
132,13618
432,13632
172,13684
426,13718
298,13808
132,13843
432,13885
433,13886
434,13887
473,13894
473,13897
342,14035
225,14146
459,14182
405,14185
208,14202
399,14466
132,14482
70,14492
290,14571
429,14625
462,14661
104,14676
105,14677
206,14703
207,14704
126,14790
94,14806
140,14900
425,14938
426,14939
426,15107
460,15187
70,15369
452,15374
230,15420
300,15443
301,15444
462,15531
457,15576
70,15644
473,15702
168,15736
199,15903
473,15907
473,15970
208,16130
71,16133
461,16202
71,16236
459,16240
71,16309
301,16530
436,16540
172,16615
182,16631
183,16632
137,16643
401,16655
342,16681
72,16684
73,16685
207,16704
132,16714
465,16896
429,17007
369,17182
189,17204
292,17206
229,17254
472,17254
70,17387
430,17393
430,17442
431,17443
429,17497
430,17503
433,17575
434,17576
430,17640
229,17664
472,17664
70,17666
459,17750
449,17855
476,18018
300,18022
452,18025
70,18119
140,18233
460,18331
70,18377
206,18390
430,18443
84,18485
404,18601
405,18602
229,18622
472,18622
415,18630
143,18727
333,18728
124,18760
125,18761
355,18798
148,18875
69,18901
70,18902
465,18933
132,18945
140,18950
314,18968
315,18969
119,19014
366,19016
398,19043
301,19284
126,19383
457,19439
288,19444
205,19478
206,19479
207,19480
125,19520
473,19536
463,19546
404,19549
405,19550
71,19641
140,19697
70,19727
430,19913
449,19927
399,19950
133,20051
134,20052
140,20102
430,20144
70,20168
432,20344
457,20534
464,20610
323,20627
457,20645
191,20681
192,20682
457,20700
403,20768
148,20831
464,20864
426,20900
292,20920
140,20954
465,20991
399,21015
400,21016
399,21134
400,21135
426,21155
300,21226
477,21313
478,21314
71,21429
430,21598
430,21625
431,21626
429,21686
442,21689
401,21843
457,21861
458,21862
464,21876
126,21902
429,21957
476,22108
125,22149
477,22151
478,22152
345,22196
426,22335
462,22427
291,22478
464,22572
191,22644
70,22693
71,22694
476,22701
199,22768
72,22811
126,22816
127,22817
94,22855
476,22957
399,22966
70,23004
432,23018
433,23019
434,23020
435,23021
70,23064
476,23085
426,23124
103,23151
366,23157
437,23214
438,23215
439,23216
440,23217
72,23264
464,23334
430,23343
70,23346
70,23400
442,23437
315,23474
300,23618
51,23673
70,23721
430,23741
440,23799
370,23825
430,23936
464,23949
103,23958
465,24082
71,24189
464,24222
190,24251
191,24252
192,24253
229,24298
472,24298
457,24419
216,24455
464,24468
125,24537
126,24546
182,24569
287,24619
476,24650
126,24719
133,24834
134,24835
70,24939
71,24940
70,25047
140,25074
133,25171
426,25208
148,25221
463,25223
430,25346
78,25373
80,25373
461,25421
94,25536
298,25594
299,25595
300,25596
399,25598
229,25614
472,25614
206,25683
459,25764
206,25831
432,25843
433,25844
434,25845
430,25885
431,25886
462,25984
430,26040
431,26041
70,26060
457,26091
433,26095
434,26096
132,26110
189,26210
429,26256
140,26275
140,26282
342,26313
442,26430
440,26434
267,26442
143,26486
102,26507
103,26508
104,26509
105,26510
438,26537
292,26629
71,26686
72,26757
73,26758
426,26798
429,26817
461,26941
462,26942
71,26969
459,27062
300,27124
476,27236
401,27332
430,27348
132,27358
125,27377
476,27454
148,27536
149,27537
450,27594
451,27595
432,27770
415,27784
288,27800
442,28047
425,28050
102,28058
346,28071
345,28188
348,28233
70,28234
457,28289
140,28407
168,28499
126,28504
465,28558
172,28573
125,28581
126,28582
460,28622
451,28652
399,28672
459,28799
460,28800
443,28808
476,28896
462,29002
459,29027
476,29217
478,29257
462,29440
102,29657
76,29663
102,29677
172,29708
104,29814
105,29815
398,29849
399,29850
457,29955
104,29986
78,29992
80,29992
451,30016
78,30110
80,30110
72,30126
192,30128
192,30163
431,30310
432,30311
459,30343
424,30400
229,30442
472,30442
133,30552
134,30553
75,30561
430,30569
459,30604
457,30672
429,30848
94,30891
183,31063
51,31073
464,31104
447,31137
119,31183
430,31301
442,31463
460,31666
461,31667
446,31671
440,31695
430,31735
476,31789
424,31809
70,31827
426,31868
140,32030
70,32077
424,32258
314,32309
70,32377
465,32471
132,32581
442,32583
476,32650
208,32657
103,32738
125,32797
132,32834
476,32910
229,32927
472,32927
70,32929
469,32974
426,32998
132,33119
315,33294
400,33310
366,33324
442,33342
443,33343
459,33347
183,33427
396,33489
424,33572
104,33703
105,33704
172,33719
133,33723
134,33724
430,33741
430,33754
431,33755
426,33770
476,33787
476,33792
429,33839
476,33901
457,33990
134,34131
459,34232
460,34233
476,34289
457,34327
132,34335
315,34376
431,34381
182,34478
183,34479
298,34563
126,34688
399,34714
140,34724
368,34768
430,34936
473,35097
442,35117
459,35179
432,35207
433,35208
434,35209
172,35297
95,35324
457,35331
206,35416
207,35417
168,35449
229,35592
472,35592
476,35619
134,35653
51,35801
415,35831
457,35850
102,35857
322,36040
298,36102
299,36103
440,36129
451,36160
123,36170
400,36175
229,36429
472,36429
70,36444
433,36549
434,36550
430,36581
440,36611
323,36685
447,36757
134,36805
414,36807
102,37079
127,37131
356,37334
357,37335
402,37351
94,37401
172,37475
140,37610
457,37835
442,37907
457,37912
442,37926
71,37944
430,37955
431,38022
400,38102
401,38103
476,38126
172,38146
476,38167
457,38330
96,38400
440,38432
333,38437
430,38523
473,38541
229,38586
472,38586
230,38587
442,38607
229,38622
472,38622
400,38661
148,38782
442,38847
440,38851
441,38852
442,38853
225,39266
457,39277
78,39309
80,39309
79,39310
81,39310
78,39311
80,39311
71,39341
457,39379
449,39458
429,39485
298,39495
432,39618
433,39619
434,39620
424,39635
462,39657
140,39682
400,39701
477,39723
457,39757
424,39800
125,39867
424,40076
70,40095
140,40101
230,40141
426,40252
451,40316
70,40339
71,40340
476,40422
432,40440
476,40644
457,40656
75,40718
424,40730
140,40749
430,40866
431,40867
300,40920
399,40922
399,40951
400,40952
362,40975
121,41048
122,41049
132,41231
229,41319
472,41319
125,41330
148,41438
322,41520
398,41528
134,41849
168,41873
476,41904
429,41915
430,41916
449,41934
431,41984
457,41990
127,42019
451,42038
452,42039
300,42094
315,42248
438,42293
439,42294
440,42295
144,42327
346,42340
300,42429
207,42465
168,42689
431,42719
476,42728
476,42793
70,42802
71,42803
430,42816
140,42862
102,42909
103,42910
134,42970
430,43017
172,43071
451,43092
429,43184
70,43194
71,43195
208,43232
430,43254
121,43427
70,43456
457,43493
458,43494
476,43496
140,43525
229,43627
472,43627
70,43629
172,43720
297,43773
429,43793
133,43877
125,43953
125,43959
126,43960
132,44087
457,44181
208,44187
71,44190
451,44264
452,44265
71,44479
134,44523
431,44596
464,44604
461,44651
462,44652
430,44661
426,44689
440,44809
441,44810
457,44820
140,44898
478,44956
127,44986
229,45045
472,45045
457,45118
355,45145
426,45166
345,45186
476,45321
438,45374
439,45375
126,45510
140,45564
430,45585
457,45654
458,45655
126,45735
457,45868
125,45878
51,46071
426,46078
127,46099
426,46234
438,46282
439,46283
424,46354
425,46355
126,46385
462,46432
457,46511
300,46540
430,46631
51,46706
300,46793
300,46796
457,46848
134,46903
366,46912
399,47029
457,47160
458,47161
459,47162
103,47195
104,47214
120,47242
71,47341
292,47469
442,47485
126,47561
399,47651
447,47677
430,47822
476,47844
473,47885
400,47915
401,47916
462,47960
476,48052
125,48120
126,48121
457,48126
301,48131
399,48193
476,48211
451,48240
78,48252
80,48252
477,48306
476,48315
457,48330
206,48448
207,48449
399,48564
133,48612
134,48613
132,48630
355,48669
430,48793
140,48903
182,48931
126,49085
209,49156
140,49340
476,49508
322,49628
426,49758
199,49764
437,49811
476,49939
168,49943
459,50092
432,50113
433,50114
434,50115
134,50137
451,50302
300,50303
426,50391
464,50587
70,50639
430,50819
414,50844
70,50855
290,51076
70,51165
102,51214
430,51232
104,51243
478,51299
51,51338
429,51370
140,51440
449,51445
399,51531
430,51539
125,51559
440,51606
441,51607
442,51608
404,51627
75,51783
182,51876
140,51923
451,51929
70,51944
402,51980
476,51989
430,52085
430,52098
431,52190
298,52730
301,52794
140,52830
127,52846
456,52909
457,52910
190,52940
457,53014
478,53078
140,53216
356,53505
404,53536
405,53537
143,53542
457,53754
457,53822
458,53823
430,54053
134,54106
452,54158
134,54181
71,54326
134,54460
121,54463
229,54490
472,54490
70,54492
97,54638
476,54660
424,54730
346,54794
71,54820
140,54833
476,54862
476,54907
392,55026
461,55113
404,55348
405,55349
346,55380
347,55381
315,55429
476,55458
478,55556
429,55606
430,55607
473,55708
476,55731
132,55749
133,55750
140,55760
457,55772
399,55873
451,56008
300,56009
457,56124
209,56214
397,56391
398,56392
430,56432
315,56492
432,56524
478,56537
476,56643
430,56671
450,56901
473,57013
133,57101
200,57103
429,57163
140,57182
229,57298
472,57298
459,57332
345,57403
476,57505
70,57692
430,57804
70,57831
430,57948
457,58011
125,58154
70,58157
229,58177
472,58177
71,58248
140,58270
298,58289
451,58324
132,58347
476,58350
477,58351
342,58377
369,58391
457,58508
404,58522
405,58523
457,58530
172,58586
465,58612
399,58621
126,58695
457,58719
133,58742
134,58743
103,58766
134,58777
457,58875
298,58985
134,59028
290,59040
172,59169
440,59251
287,59266
288,59267
70,59404
125,59547
119,59556
473,59579
96,59634
451,59708
133,59786
