115,14
313,50
314,51
308,81
309,84
172,104
251,129
367,240
418,244
179,266
384,303
266,366
413,366
414,367
415,368
415,369
415,370
143,371
266,381
413,381
260,558
261,559
445,704
443,737
484,742
141,796
142,797
178,797
415,798
179,799
309,833
310,834
226,836
227,837
414,936
415,937
415,938
416,939
417,940
418,941
266,970
413,970
534,998
267,1028
210,1029
236,1036
415,1065
143,1066
534,1127
535,1128
265,1191
266,1224
413,1224
267,1225
207,1229
308,1291
309,1292
458,1342
296,1381
143,1391
265,1428
417,1459
414,1481
93,1525
414,1580
179,1581
114,1621
443,1630
233,1676
146,1679
265,1724
266,1725
413,1725
259,1778
260,1779
261,1780
94,1828
177,1839
244,1861
266,1875
413,1875
414,1876
169,2051
146,2141
242,2147
223,2156
418,2174
419,2175
414,2199
415,2200
143,2201
201,2219
313,2232
267,2234
142,2269
178,2269
143,2270
210,2271
414,2277
415,2278
415,2279
143,2280
308,2324
94,2344
239,2402
335,2404
415,2489
415,2490
415,2491
415,2492
415,2493
132,2501
143,2510
142,2523
178,2523
242,2527
243,2528
261,2572
308,2611
307,2658
142,2826
178,2826
143,2827
242,2845
143,2861
309,2884
310,2885
358,2920
266,2960
413,2960
193,3007
233,3048
242,3065
201,3169
119,3170
310,3237
201,3286
233,3299
265,3398
261,3426
524,3443
415,3465
415,3466
415,3467
143,3468
242,3514
243,3567
205,3602
267,3657
94,3705
256,3712
308,3754
313,3758
449,3786
528,3849
242,3856
142,3888
178,3888
377,3903
242,3925
443,4013
377,4027
378,4028
251,4037
527,4101
142,4138
178,4138
415,4139
143,4140
266,4192
413,4192
267,4193
528,4205
223,4214
195,4251
142,4281
178,4281
179,4282
358,4333
359,4334
94,4336
142,4390
178,4390
143,4391
348,4394
251,4423
265,4439
266,4440
413,4440
417,4483
142,4498
178,4498
415,4499
416,4500
417,4501
265,4587
139,4625
345,4660
295,4789
507,4804
142,4850
178,4850
416,4851
325,4880
242,4909
142,4951
178,4951
143,4952
484,5005
242,5008
243,5009
94,5019
524,5020
384,5047
141,5149
412,5189
94,5202
266,5228
413,5228
242,5322
325,5333
348,5352
412,5361
177,5368
420,5393
169,5415
195,5431
202,5534
169,5540
147,5544
417,5551
418,5552
259,5627
260,5628
278,5634
278,5658
279,5659
143,5662
144,5663
268,5663
94,5682
524,5683
261,5734
261,5746
331,5753
332,5754
262,5757
259,5759
260,5760
93,5847
177,5932
242,5946
260,5952
411,5983
412,5984
308,6051
201,6092
442,6118
259,6160
256,6166
257,6167
93,6168
266,6345
413,6345
267,6346
414,6363
415,6364
143,6365
443,6437
169,6453
242,6472
107,6477
176,6477
108,6478
242,6529
265,6594
90,6627
260,6654
344,6665
345,6666
241,6705
90,6788
156,6789
210,6828
211,6829
267,6873
179,6896
141,6915
144,6917
268,6917
457,6921
420,7049
421,7050
119,7098
420,7106
421,7107
260,7125
261,7138
393,7192
394,7193
267,7237
261,7339
260,7364
377,7398
240,7446
241,7447
204,7504
193,7523
260,7545
170,7576
143,7581
266,7610
413,7610
267,7611
269,7628
407,7628
524,7699
256,7783
445,7794
274,7840
377,7881
236,7947
94,7958
201,7960
119,7961
261,7989
262,7990
141,8013
348,8037
250,8044
251,8045
361,8131
146,8134
169,8142
201,8165
202,8166
201,8173
175,8176
107,8177
176,8177
108,8178
263,8221
169,8271
241,8298
146,8352
269,8378
407,8378
296,8380
260,8451
417,8545
260,8562
266,8674
413,8674
257,8693
93,8694
524,8778
142,8842
178,8842
143,8843
242,8935
91,9010
308,9250
261,9262
412,9294
313,9323
201,9367
119,9368
93,9372
94,9373
256,9406
84,9414
309,9418
310,9419
260,9428
261,9429
307,9530
393,9716
93,9721
94,9722
259,9754
260,9755
260,9765
260,9843
91,9852
92,9853
93,9854
170,9874
377,9892
169,9920
331,10010
267,10050
242,10087
141,10090
261,10261
242,10279
243,10280
241,10320
323,10332
324,10333
331,10427
266,10440
413,10440
147,10470
259,10484
279,10505
331,10551
256,10630
280,10693
313,10698
303,10702
304,10703
332,10709
323,10710
324,10711
296,10722
118,10740
309,10747
266,10755
413,10755
534,10978
177,10991
260,11059
279,11108
380,11124
308,11358
142,11379
178,11379
415,11380
143,11381
263,11400
261,11431
170,11434
314,11442
313,11461
377,11469
414,11528
416,11529
84,11532
261,11578
170,11598
94,11847
267,11900
313,11923
361,11933
362,11934
278,12044
308,12052
155,12132
140,12157
241,12197
242,12198
310,12218
202,12254
203,12255
142,12324
178,12324
179,12325
241,12333
239,12375
240,12376
241,12377
242,12378
233,12420
202,12459
207,12512
244,12532
415,12550
313,12566
266,12598
413,12598
267,12599
210,12600
457,12618
445,12689
263,12716
260,12759
128,12776
142,12790
178,12790
415,12791
416,12792
267,12855
484,12887
343,12900
416,12978
261,13024
278,13033
279,13034
416,13037
266,13120
413,13120
323,13130
324,13131
193,13176
524,13202
279,13262
205,13307
227,13338
343,13343
264,13386
265,13387
240,13392
241,13393
236,13438
256,13563
131,13601
132,13602
527,13609
239,13611
377,13695
243,13712
384,13716
443,13936
84,14036
419,14045
343,14137
267,14196
144,14197
268,14197
344,14305
265,14348
261,14423
444,14427
344,14506
345,14507
261,14589
359,14595
445,14688
344,14767
345,14768
261,14772
170,14775
377,14808
170,14901
256,14940
204,15033
265,15061
256,15108
524,15136
266,15164
413,15164
261,15197
377,15252
443,15265
172,15322
309,15373
265,15407
199,15422
193,15423
260,15433
309,15442
310,15443
260,15509
524,15541
233,15641
308,15659
244,15744
106,15753
107,15754
176,15754
261,15761
266,15901
413,15901
314,15932
313,15967
263,16015
348,16031
203,16049
414,16061
416,16062
417,16063
263,16073
527,16103
254,16104
255,16105
172,16153
106,16174
107,16175
176,16175
445,16265
259,16279
411,16404
412,16405
142,16429
178,16429
416,16430
250,16467
447,16635
255,16649
84,16682
90,16685
242,16737
142,16819
178,16819
415,16820
416,16821
331,16864
332,16865
141,16867
201,16993
169,17024
240,17044
241,17045
242,17046
267,17096
155,17105
91,17106
92,17107
93,17108
94,17109
524,17110
274,17115
261,17144
420,17305
202,17333
140,17335
243,17344
266,17355
413,17355
266,17571
413,17571
267,17572
308,17585
267,17663
527,17754
254,17755
344,17810
169,17900
155,17921
91,17922
92,17923
93,17924
177,18016
310,18022
272,18030
260,18068
492,18093
265,18220
94,18306
524,18307
142,18311
178,18311
416,18312
417,18313
118,18380
412,18461
267,18512
265,18572
266,18573
413,18573
267,18574
139,18598
241,18607
266,18620
413,18620
267,18621
170,18772
280,18775
119,18789
261,18828
193,18931
251,18949
225,18957
239,18966
201,18972
115,19012
116,19013
311,19096
210,19129
411,19167
412,19168
313,19232
308,19291
203,19304
93,19371
140,19391
279,19407
261,19412
262,19413
94,19415
265,19502
348,19523
343,19560
377,19584
445,19609
443,19624
266,19672
413,19672
417,19674
141,19677
250,19695
251,19696
241,19718
414,19818
416,19819
233,19886
384,19893
94,19911
260,20033
170,20103
144,20108
268,20108
266,20121
413,20121
414,20122
415,20123
179,20124
239,20157
240,20158
241,20159
267,20204
143,20245
210,20260
280,20328
281,20329
146,20339
185,20419
177,20592
507,20649
272,20696
94,20806
524,20807
170,20844
242,20988
242,20995
443,21079
142,21093
178,21093
343,21116
267,21182
310,21226
140,21244
414,21347
415,21348
179,21349
242,21368
243,21369
296,21376
414,21418
416,21419
377,21494
193,21597
262,21600
344,21713
384,21737
190,21773
103,21774
191,21774
234,21774
192,21775
235,21775
236,21776
93,21804
67,21835
142,21846
178,21846
143,21847
414,21863
169,21966
241,22009
242,22010
462,22024
185,22035
266,22106
413,22106
267,22107
106,22125
107,22126
176,22126
177,22127
142,22128
178,22128
242,22328
256,22336
343,22358
242,22361
201,22369
412,22415
420,22430
106,22448
107,22449
176,22449
239,22488
278,22525
279,22526
172,22611
202,22633
416,22767
266,22774
413,22774
267,22775
193,22778
291,22843
241,22890
242,22891
142,22929
178,22929
143,22930
142,22955
178,22955
143,22956
266,22969
413,22969
169,22998
260,23001
272,23032
384,23049
260,23061
331,23072
266,23083
413,23083
267,23084
261,23088
445,23105
201,23120
202,23121
94,23173
311,23254
312,23255
313,23256
334,23305
335,23306
344,23396
345,23397
143,23414
155,23424
91,23425
204,23521
94,23524
95,23525
260,23613
261,23614
310,23618
324,23627
328,23697
177,23731
262,23743
118,23858
314,23979
142,24000
178,24000
143,24001
420,24110
311,24127
412,24155
260,24342
92,24347
93,24348
94,24349
524,24350
445,24398
259,24409
260,24410
200,24413
241,24516
242,24517
141,24520
266,24526
413,24526
445,24557
267,24649
265,24687
236,24721
260,24737
261,24738
529,24773
296,24783
169,24944
95,24956
120,24962
119,24983
106,25002
107,25003
176,25003
177,25004
142,25005
178,25005
415,25006
415,25007
251,25073
170,25075
265,25119
265,25140
260,25250
243,25284
244,25285
381,25287
106,25290
107,25291
176,25291
177,25292
127,25339
142,25357
178,25357
296,25412
233,25451
346,25452
131,25564
132,25565
233,25590
310,25596
382,25607
311,25686
89,25697
265,25762
266,25763
413,25763
143,25782
260,25871
278,25914
279,25915
507,25919
266,25974
413,25974
267,25975
331,26023
193,26043
204,26115
313,26266
250,26273
251,26274
378,26483
118,26530
202,26531
295,26595
296,26596
205,26616
278,26640
279,26641
90,26758
313,26781
259,26845
260,26846
323,26854
324,26855
107,26860
176,26860
201,26878
422,27023
155,27028
156,27029
202,27079
140,27081
310,27124
414,27234
143,27235
344,27277
332,27347
280,27371
281,27372
103,27374
191,27374
234,27374
416,27464
393,27524
394,27525
450,27537
314,27627
457,27638
142,27662
178,27662
382,27682
383,27683
260,27709
527,27742
443,27744
172,27822
265,27865
266,27892
413,27892
267,27944
507,28000
266,28079
413,28079
417,28218
447,28296
236,28520
266,28675
413,28675
414,28676
415,28677
179,28678
64,28795
260,28836
383,28863
202,28870
177,28877
142,28878
178,28878
179,28879
265,28944
524,28953
95,28983
266,29026
413,29026
142,29120
178,29120
103,29131
191,29131
234,29131
104,29132
141,29215
143,29237
144,29238
268,29238
155,29324
91,29325
134,29480
265,29615
177,29697
142,29698
178,29698
141,29740
142,29774
178,29774
415,29775
179,29776
142,29858
178,29858
179,29859
280,29965
281,29966
291,29989
307,30039
259,30079
211,30118
233,30136
201,30146
447,30223
260,30256
462,30278
241,30279
242,30280
236,30286
414,30319
415,30320
415,30321
144,30351
268,30351
143,30441
308,30449
313,30532
200,30536
116,30547
418,30554
131,30560
266,30603
413,30603
524,30627
528,30710
141,30755
202,30774
202,30777
140,30779
311,30800
331,30822
332,30823
323,30849
202,30862
414,30910
415,30911
415,30912
412,30933
242,30937
142,30982
178,30982
179,30983
142,31045
178,31045
242,31049
106,31113
107,31114
176,31114
142,31165
178,31165
415,31166
143,31167
384,31171
385,31172
93,31298
94,31299
142,31330
178,31330
415,31331
416,31332
262,31384
266,31468
413,31468
204,31482
141,31490
266,31550
413,31550
120,31563
460,31624
179,31665
524,31713
195,31803
267,31862
242,31875
443,32001
251,32029
323,32041
534,32106
266,32114
413,32114
414,32115
415,32116
143,32117
193,32224
193,32241
233,32267
422,32324
529,32393
358,32444
236,32449
260,32550
261,32555
233,32591
169,32629
377,32668
323,32677
324,32678
169,32745
527,32752
254,32753
202,32768
195,32790
507,32810
169,32827
233,32848
103,32849
191,32849
234,32849
169,32989
265,32992
266,32993
413,32993
417,32995
256,32999
202,33074
93,33209
106,33229
107,33230
176,33230
177,33231
201,33250
202,33251
344,33269
211,33288
133,33296
134,33297
203,33386
202,33429
345,33459
256,33464
132,33538
265,33550
383,33649
313,33713
201,33735
501,33738
262,33743
193,33757
194,33758
333,33758
241,33760
242,33761
256,33771
261,33774
260,33779
266,33785
413,33785
267,33786
169,33802
128,33806
120,33809
323,33852
106,33870
107,33871
176,33871
266,33899
413,33899
267,33900
260,33909
260,33944
443,33973
170,33995
223,34095
142,34100
178,34100
179,34101
106,34107
118,34113
202,34114
202,34117
418,34132
414,34190
415,34191
143,34192
141,34216
142,34287
178,34287
143,34288
142,34337
178,34337
416,34338
417,34339
241,34369
169,34426
267,34459
344,34484
194,34508
333,34508
202,34520
524,34573
193,34690
250,34722
251,34723
457,34740
265,34800
296,34849
93,34851
331,34869
332,34870
261,34893
313,35003
351,35009
242,35011
266,35069
413,35069
266,35081
413,35081
414,35082
415,35083
179,35084
242,35132
243,35133
202,35163
141,35237
207,35248
119,35254
233,35300
265,35420
383,35511
384,35512
169,35559
143,35591
242,35596
414,35617
143,35618
193,35625
393,35635
394,35636
308,35643
420,35684
265,35693
266,35694
413,35694
267,35695
169,35708
261,35821
466,35833
193,35861
445,35898
242,36001
263,36039
146,36047
313,36095
242,36111
243,36112
261,36153
142,36199
178,36199
415,36200
415,36201
143,36202
210,36203
466,36311
177,36349
202,36414
119,36417
64,36470
169,36479
261,36525
262,36526
94,36528
169,36533
267,36619
201,36731
250,36738
201,36791
418,36806
233,36859
201,36905
261,36964
377,36971
507,37037
265,37044
108,37090
141,37128
202,37152
119,37155
120,37156
445,37218
169,37244
142,37253
178,37253
170,37263
201,37332
202,37333
142,37355
178,37355
169,37385
377,37403
507,37421
242,37427
118,37468
119,37469
93,37548
94,37549
524,37550
466,37579
266,37589
413,37589
414,37590
415,37591
103,37595
191,37595
234,37595
251,37609
170,37611
267,37684
106,37703
527,37716
260,37804
261,37805
266,37841
413,37841
332,37954
266,37959
413,37959
188,37989
313,37994
242,37998
527,38067
279,38079
269,38082
407,38082
296,38084
462,38087
241,38088
242,38089
444,38114
267,38125
210,38150
261,38154
414,38164
415,38165
143,38166
193,38172
194,38173
333,38173
261,38212
534,38228
202,38371
414,38391
415,38392
415,38393
415,38394
416,38395
358,38486
261,38560
141,38584
445,38597
267,38621
345,38768
103,38769
191,38769
234,38769
204,38787
205,38788
323,38808
241,38815
242,38816
524,38927
242,38997
265,39199
266,39200
413,39200
260,39219
420,39362
147,39405
324,39427
265,39519
127,39594
377,39645
260,39650
251,39681
344,39712
169,39753
242,39848
304,39851
145,39869
146,39870
501,39882
412,39904
260,39920
262,39935
169,39945
94,39964
250,40027
266,40185
413,40185
267,40186
524,40250
141,40279
144,40281
268,40281
202,40351
267,40421
260,40435
261,40436
255,40474
256,40475
265,40484
266,40485
413,40485
267,40486
241,40539
261,40555
262,40556
210,40578
344,40585
345,40586
308,40630
309,40649
131,40717
141,40737
331,40765
244,40791
250,40846
260,40884
310,40920
343,41005
262,41096
94,41186
524,41187
262,41244
142,41292
178,41292
143,41293
144,41294
268,41294
266,41317
413,41317
267,41318
418,41382
202,41407
242,41416
193,41453
323,41502
324,41503
140,41537
203,41547
417,41556
250,41563
233,41598
94,41641
201,41643
262,41672
94,41674
201,41676
266,41683
413,41683
417,41685
418,41686
313,41691
189,41704
190,41705
144,41744
268,41744
266,41789
413,41789
445,41799
261,41869
146,41942
227,41954
207,41958
241,41977
242,41978
309,42093
310,42094
262,42215
94,42217
95,42218
201,42228
204,42259
261,42317
169,42334
193,42355
309,42428
310,42429
266,42437
413,42437
417,42669
524,42686
331,42706
332,42707
266,42726
413,42726
267,42727
201,42750
443,42780
266,42791
413,42791
267,42792
94,42796
309,42840
261,42848
313,42852
94,42884
524,42885
418,42971
419,42972
331,43057
131,43062
132,43063
169,43113
193,43253
201,43272
170,43330
242,43380
267,43495
265,43528
266,43529
413,43529
267,43530
418,43584
141,43625
250,43636
361,43669
246,43789
323,43794
118,43902
194,44045
333,44045
233,44047
92,44060
417,44090
94,44149
95,44150
202,44215
351,44301
242,44303
309,44306
261,44345
393,44366
418,44413
128,44425
279,44454
141,44526
470,44567
261,44617
256,44624
257,44625
93,44626
93,44658
94,44659
146,44664
241,44743
233,44754
250,44896
251,44897
243,44959
278,45059
279,45060
147,45072
145,45100
146,45101
331,45124
332,45125
194,45126
333,45126
528,45143
528,45175
170,45200
201,45234
202,45235
147,45255
266,45319
413,45319
267,45320
261,45377
221,45385
313,45393
267,45441
118,45523
144,45540
268,45540
145,45541
146,45542
193,45584
262,45587
94,45589
95,45590
227,45615
105,45621
106,45622
278,45665
279,45666
266,45697
413,45697
358,45740
94,45746
393,45769
420,45792
421,45793
422,45794
457,45826
242,45832
170,45848
296,45945
141,45982
259,46026
256,46079
201,46146
313,46250
227,46263
140,46378
507,46387
242,46474
313,46478
406,46505
269,46506
407,46506
310,46540
202,46544
120,46560
335,46578
326,46588
94,46593
130,46608
242,46666
242,46744
236,46750
331,46773
307,46790
308,46791
309,46792
310,46793
310,46796
106,46946
107,46947
176,46947
108,46948
393,46961
260,47023
308,47059
278,47098
267,47134
236,47137
242,47207
128,47233
377,47306
250,47326
414,47348
416,47349
417,47350
528,47438
244,47445
384,47534
445,47590
393,47737
127,47898
462,47901
241,47902
201,47996
143,48051
501,48110
242,48135
266,48209
413,48209
267,48210
331,48219
443,48232
201,48248
103,48324
191,48324
234,48324
104,48325
140,48386
261,48463
121,48484
142,48632
178,48632
143,48633
172,48640
169,48680
127,48749
265,48948
202,48969
65,48985
94,49005
95,49006
242,49072
243,49073
260,49076
236,49087
202,49116
169,49148
243,49154
362,49157
94,49188
95,49189
241,49208
470,49226
383,49239
201,49304
147,49337
260,49343
266,49347
413,49347
267,49348
501,49376
384,49513
462,49524
241,49525
242,49526
331,49536
265,49574
280,49593
414,49612
416,49613
262,49670
143,49725
266,49762
413,49762
462,49807
241,49808
266,49815
413,49815
267,49816
233,49837
358,49920
359,49921
414,49937
143,49938
269,49968
407,49968
393,49972
524,50073
265,50090
266,50091
413,50091
418,50138
250,50184
501,50228
265,50241
266,50261
413,50261
310,50303
242,50429
261,50437
443,50485
169,50506
501,50552
237,50555
525,50555
241,50604
106,50630
107,50631
176,50631
142,50645
178,50645
143,50646
210,50647
278,50710
279,50711
201,50786
202,50787
193,50818
331,50859
250,50904
170,50980
279,51061
193,51136
443,51178
202,51186
239,51196
130,51220
94,51310
524,51311
169,51375
266,51384
413,51384
169,51410
155,51426
250,51438
251,51439
170,51441
141,51482
417,51484
243,51523
94,51552
358,51604
237,51683
525,51683
241,51735
204,51747
131,51782
251,51922
170,51924
263,51991
524,52012
193,52084
250,52254
93,52289
507,52324
121,52359
266,52405
413,52405
267,52453
323,52509
162,52511
534,52537
260,52607
261,52608
233,52633
280,52719
242,52798
211,52807
260,52888
265,52896
155,52941
169,53010
527,53103
202,53151
108,53173
109,53174
308,53259
309,53262
201,53267
492,53320
188,53372
314,53407
140,53466
142,53605
178,53605
415,53606
416,53607
417,53608
418,53609
260,53614
377,53621
414,53656
377,53696
201,53706
94,53736
313,53816
267,53824
377,53837
260,53842
384,53849
130,53921
377,54029
261,54044
331,54051
332,54052
140,54104
308,54156
309,54157
358,54185
236,54319
279,54333
457,54360
169,54439
140,54458
267,54489
250,54552
313,54561
170,54589
443,54612
242,54625
140,54702
242,54748
263,54797
264,54798
265,54799
266,54800
413,54800
260,54836
527,54856
527,54857
263,54864
267,54906
259,54910
188,54914
169,54928
170,54929
313,54977
103,54994
191,54994
234,54994
192,54995
235,54995
193,54996
323,54997
232,55021
233,55022
314,55216
262,55226
393,55405
170,55461
393,55603
94,55713
524,55714
312,55735
313,55736
251,55759
94,55764
524,55765
309,55789
201,55829
119,55830
201,55925
310,56009
242,56150
362,56215
462,56277
311,56304
260,56471
193,56505
242,56510
243,56540
242,56547
243,56548
95,56572
358,56596
323,56602
242,56627
414,56641
143,56642
94,56699
194,56701
333,56701
241,56703
296,56729
266,56758
413,56758
414,56759
415,56760
416,56761
140,56784
120,56917
194,56945
333,56945
313,56963
262,57052
84,57104
107,57132
176,57132
251,57181
415,57296
143,57297
325,57392
326,57393
457,57420
106,57429
107,57430
176,57430
236,57466
242,57577
141,57580
116,57599
117,57600
434,57600
147,57629
323,57649
141,57709
169,57734
265,57797
313,57816
414,57891
179,57892
120,57910
377,58049
162,58053
265,58088
266,58089
413,58089
64,58092
65,58093
267,58176
194,58208
333,58208
170,58271
370,58330
267,58455
261,58473
324,58488
332,58498
296,58559
265,58631
260,58688
142,58711
178,58711
179,58712
202,58847
261,58866
262,58867
94,58869
524,58870
331,58911
142,58946
178,58946
415,58947
416,58948
417,58949
314,59119
266,59210
413,59210
380,59230
194,59261
333,59261
266,59297
413,59297
242,59348
141,59436
462,59490
241,59491
242,59492
313,59561
313,59599
241,59631
94,59646
95,59647
243,59664
240,59761
241,59762
242,59763
