180,163
81,191
283,211
528,251
294,255
405,264
192,267
537,293
115,355
128,365
275,367
276,368
277,368
278,368
276,369
277,369
278,369
276,370
277,370
278,370
538,455
156,490
114,530
156,537
431,572
546,573
387,600
388,601
389,602
390,603
539,638
200,646
190,648
370,648
191,649
371,649
548,656
539,701
430,706
179,760
450,761
337,797
276,798
277,798
278,798
180,842
97,855
75,856
399,923
466,925
275,936
276,937
277,937
278,937
276,938
277,938
278,938
279,939
280,940
407,972
431,978
546,979
484,999
274,1027
336,1044
405,1063
276,1065
277,1065
278,1065
449,1067
178,1140
179,1141
450,1142
129,1192
449,1226
500,1227
157,1256
190,1301
370,1301
77,1363
164,1381
165,1382
410,1413
387,1418
388,1419
157,1435
536,1441
280,1459
274,1480
275,1481
343,1487
500,1518
274,1579
275,1580
95,1651
96,1652
546,1653
477,1656
199,1749
131,1765
95,1768
96,1769
97,1770
155,1829
547,1831
226,1838
245,1838
227,1839
452,1851
399,1860
275,1876
178,2004
543,2027
544,2028
478,2085
179,2093
180,2094
485,2127
157,2150
336,2159
99,2170
274,2198
275,2199
276,2200
277,2200
278,2200
131,2203
77,2211
274,2233
466,2239
336,2268
337,2269
459,2272
275,2277
276,2278
277,2278
278,2278
276,2279
277,2279
278,2279
156,2287
157,2288
215,2343
155,2345
74,2369
75,2370
76,2371
77,2372
311,2386
399,2387
294,2416
384,2460
385,2461
336,2473
228,2474
276,2489
277,2489
278,2489
276,2490
277,2490
278,2490
276,2491
277,2491
278,2491
276,2492
277,2492
278,2492
276,2493
277,2493
278,2493
405,2508
337,2523
543,2546
451,2574
96,2582
97,2583
98,2584
546,2598
343,2612
247,2621
450,2680
542,2727
542,2764
228,2772
449,2773
500,2774
178,2796
133,2808
190,2825
370,2825
337,2826
405,2859
547,2916
452,2923
543,2948
128,2955
129,2956
128,2959
178,2985
128,2988
129,2989
156,3008
157,3009
387,3086
295,3118
457,3129
274,3141
311,3145
312,3146
545,3146
546,3147
188,3185
76,3193
450,3209
96,3224
313,3225
179,3241
180,3242
95,3277
96,3278
97,3279
156,3322
157,3323
521,3327
228,3332
449,3333
450,3334
313,3345
157,3390
95,3394
294,3413
405,3463
276,3465
277,3465
278,3465
276,3466
277,3466
278,3466
276,3467
277,3467
278,3467
274,3477
192,3479
97,3516
128,3557
547,3562
535,3667
115,3685
215,3704
426,3708
327,3739
178,3795
274,3834
228,3843
183,3850
200,3883
337,3888
295,3943
430,3962
96,3968
95,4072
96,4073
546,4074
418,4086
419,4087
294,4104
128,4121
337,4138
276,4139
277,4139
278,4139
548,4181
115,4256
337,4281
192,4283
328,4324
215,4335
190,4349
370,4349
188,4355
189,4356
190,4357
370,4357
274,4379
396,4382
442,4386
293,4388
336,4389
337,4390
247,4412
343,4436
192,4442
417,4470
280,4483
337,4498
276,4499
277,4499
278,4499
279,4500
280,4501
178,4509
237,4541
425,4563
426,4564
427,4565
428,4566
511,4628
110,4742
247,4756
400,4764
200,4795
76,4798
96,4800
313,4801
336,4849
337,4850
279,4851
500,4862
450,4901
158,4932
159,4933
337,4951
449,4953
180,4954
521,4962
456,4966
457,4967
295,4968
313,5043
311,5055
96,5147
97,5148
191,5150
371,5150
97,5157
75,5158
128,5227
95,5301
97,5324
226,5367
245,5367
227,5368
98,5377
257,5384
128,5426
335,5447
336,5448
204,5486
190,5497
370,5497
228,5498
431,5503
280,5551
294,5604
295,5605
74,5611
320,5638
405,5660
451,5736
498,5908
226,5931
245,5931
227,5932
228,5933
131,5935
199,5961
132,5996
343,6052
179,6058
180,6059
396,6069
199,6102
200,6103
179,6157
548,6163
133,6171
336,6204
191,6205
371,6205
192,6206
498,6211
131,6213
178,6336
179,6337
500,6338
274,6362
275,6363
276,6364
277,6364
278,6364
133,6398
336,6409
228,6410
449,6411
450,6412
128,6416
431,6446
97,6447
390,6466
74,6468
521,6579
129,6595
107,6596
130,6596
449,6606
95,6709
96,6710
546,6711
449,6874
133,6879
192,6897
311,6912
312,6913
545,6913
97,6914
228,6916
311,6953
521,6965
99,7063
312,7072
545,7072
204,7148
205,7149
544,7212
274,7236
449,7238
400,7335
431,7347
449,7407
500,7408
345,7433
228,7520
74,7524
500,7527
118,7557
119,7558
405,7579
392,7615
327,7631
311,7651
399,7652
400,7653
128,7662
442,7669
293,7671
430,7677
133,7717
179,7718
500,7719
178,7734
179,7735
450,7736
228,7752
449,7753
178,7776
486,7793
95,7825
200,7858
201,7859
178,7890
179,7891
450,7892
96,8000
546,8001
179,8005
450,8006
178,8034
274,8109
190,8126
370,8126
228,8127
449,8128
480,8167
74,8192
200,8206
295,8209
95,8215
96,8216
97,8217
536,8303
537,8304
75,8366
164,8380
254,8382
178,8393
241,8403
280,8545
237,8549
107,8553
130,8553
131,8554
97,8570
247,8572
128,8673
133,8697
179,8698
450,8699
547,8704
129,8730
547,8788
336,8841
337,8842
179,8877
216,8880
477,8898
546,8928
546,8937
547,8938
426,8991
430,8996
452,9013
500,9015
155,9046
390,9067
433,9149
156,9168
449,9183
450,9184
405,9237
77,9335
155,9374
95,9415
547,9475
312,9664
545,9664
546,9665
311,9698
312,9731
545,9731
313,9732
120,9773
312,9776
545,9776
546,9777
500,9848
216,9855
217,9856
313,9912
128,9915
191,9943
371,9943
95,9953
390,9973
331,10019
274,10049
449,10051
484,10062
485,10063
97,10089
157,10142
178,10146
108,10233
431,10249
546,10250
115,10276
400,10281
107,10300
130,10300
160,10307
184,10314
178,10323
155,10331
407,10442
214,10454
521,10455
112,10540
157,10612
158,10613
480,10627
215,10647
430,10667
164,10722
405,10822
406,10823
407,10824
408,10825
409,10826
190,10857
370,10857
228,10858
129,10878
400,10907
128,10917
77,10920
178,10932
484,10979
226,10990
245,10990
227,10991
478,11025
313,11042
274,11048
535,11083
294,11085
178,11271
450,11369
337,11379
276,11380
277,11380
278,11380
449,11382
129,11397
345,11426
274,11527
275,11528
279,11529
96,11549
97,11550
295,11552
319,11620
313,11685
115,11738
131,11790
96,11801
546,11802
547,11803
548,11804
281,11824
282,11825
283,11826
108,11838
109,11839
110,11840
155,11848
74,11849
274,11899
498,11917
200,11965
274,12026
336,12058
228,12059
273,12098
115,12099
538,12155
539,12156
202,12196
336,12204
228,12205
312,12211
545,12211
97,12212
500,12215
180,12271
337,12324
192,12326
202,12332
95,12403
425,12405
426,12406
254,12455
480,12460
156,12485
157,12486
386,12504
387,12505
179,12514
450,12515
427,12538
276,12550
277,12550
278,12550
107,12582
130,12582
131,12583
128,12597
155,12659
129,12713
462,12763
336,12789
337,12790
276,12791
277,12791
278,12791
279,12792
425,12815
200,12922
201,12923
450,12934
451,12935
228,12937
399,12950
400,12951
279,12978
431,12989
546,12990
547,12991
405,13035
279,13037
114,13082
261,13095
128,13119
392,13141
295,13149
156,13177
157,13178
274,13197
547,13225
409,13254
200,13279
201,13280
294,13299
133,13435
165,13449
540,13464
274,13533
281,13560
384,13583
385,13584
95,13594
295,13620
204,13636
390,13675
478,13734
157,13811
178,13838
450,13846
95,13888
216,13949
233,13953
95,14040
96,14041
546,14042
547,14043
411,14048
129,14057
450,14059
456,14065
457,14066
128,14123
204,14140
400,14145
274,14181
274,14195
336,14269
392,14328
129,14349
485,14430
178,14441
179,14442
450,14443
311,14454
399,14455
190,14543
370,14543
228,14544
343,14555
215,14596
547,14627
548,14628
178,14672
179,14673
450,14674
486,14687
336,14730
96,14740
97,14741
458,14743
428,14786
390,14816
399,14848
97,14855
178,14864
81,14883
179,14886
450,14887
548,14890
405,14962
399,14978
345,14980
456,15007
457,15008
538,15031
458,15157
191,15186
371,15186
254,15233
430,15377
129,15408
500,15410
74,15424
128,15428
273,15481
274,15482
311,15523
399,15524
345,15526
450,15568
408,15579
409,15580
129,15621
343,15726
199,15772
200,15773
131,15785
204,15789
205,15790
399,15794
200,15855
201,15856
390,15877
111,15923
129,15986
450,15988
273,16059
274,16060
275,16061
279,16062
280,16063
179,16071
311,16082
321,16107
142,16118
115,16183
274,16239
192,16241
81,16323
498,16350
179,16398
129,16406
337,16429
279,16430
521,16440
386,16514
96,16525
546,16526
547,16527
548,16528
85,16586
247,16639
190,16657
370,16657
228,16699
228,16716
313,16739
384,16797
337,16819
276,16820
277,16820
278,16820
279,16821
74,16866
96,16894
546,16895
134,16899
418,16915
74,17008
209,17021
546,17048
547,17049
295,17059
115,17074
178,17174
293,17187
99,17189
175,17257
178,17261
450,17274
451,17275
178,17351
128,17354
543,17380
544,17381
312,17382
545,17382
97,17383
295,17385
155,17392
535,17519
98,17547
207,17568
131,17574
180,17605
184,17612
200,17625
510,17627
425,17669
336,17723
111,17728
274,17749
372,17751
405,17785
390,17816
274,17842
216,17925
274,18003
226,18015
245,18015
227,18016
228,18017
449,18018
500,18019
535,18039
76,18063
226,18072
245,18072
450,18075
129,18221
107,18222
130,18222
157,18297
293,18309
336,18310
337,18311
279,18312
280,18313
336,18329
191,18330
371,18330
96,18337
432,18338
429,18381
178,18410
115,18438
116,18439
142,18441
274,18511
199,18526
200,18527
76,18530
311,18582
399,18583
156,18697
157,18698
158,18699
159,18700
328,18721
133,18761
262,18798
95,18814
521,18914
179,18936
450,18937
458,18947
521,18997
95,19029
96,19030
546,19031
547,19032
521,19046
228,19128
82,19151
129,19169
450,19171
343,19176
274,19189
407,19191
207,19250
179,19278
450,19279
548,19282
343,19292
178,19328
450,19410
155,19416
74,19417
133,19520
430,19556
178,19577
115,19615
178,19661
280,19674
200,19715
201,19716
202,19717
178,19721
179,19722
450,19723
178,19730
131,19739
387,19749
311,19779
312,19780
545,19780
274,19817
275,19818
279,19819
215,19910
155,19912
311,19960
178,19985
179,19986
450,19987
178,19997
179,19998
450,19999
228,20021
405,20106
275,20122
276,20123
277,20123
278,20123
199,20153
178,20162
179,20163
450,20164
274,20203
407,20211
77,20212
407,20221
131,20247
128,20273
538,20284
539,20285
498,20292
313,20336
140,20346
141,20347
97,20405
458,20407
329,20422
330,20423
129,20459
343,20487
466,20499
543,20503
544,20504
399,20505
178,20513
311,20546
542,20564
215,20579
226,20591
245,20591
227,20592
311,20601
399,20602
180,20620
247,20632
107,20647
130,20647
529,20662
74,20674
295,20676
190,20709
370,20709
228,20710
294,20724
500,20726
107,20739
130,20739
179,20748
450,20749
200,20766
128,20779
129,20780
200,20880
190,20882
370,20882
75,20927
74,20947
203,20976
546,20990
521,21035
384,21063
385,21064
386,21065
200,21090
190,21092
370,21092
337,21093
311,21112
198,21128
199,21129
274,21144
200,21161
274,21181
453,21246
274,21346
275,21347
276,21348
277,21348
278,21348
321,21374
164,21376
129,21395
459,21413
275,21418
279,21419
334,21501
95,21540
79,21632
74,21687
178,21795
179,21796
450,21821
190,21845
370,21845
337,21846
108,21849
275,21863
156,21893
178,21901
95,21937
400,21939
200,21997
198,22004
199,22005
200,22006
201,22007
202,22008
450,22022
203,22025
115,22030
390,22073
156,22095
99,22100
449,22108
450,22109
227,22127
337,22128
311,22132
399,22133
133,22149
179,22150
546,22193
273,22210
115,22211
96,22234
546,22235
396,22241
430,22349
345,22352
429,22370
535,22399
129,22416
363,22442
500,22458
274,22467
405,22527
547,22573
396,22596
405,22621
372,22623
336,22627
428,22632
480,22634
134,22648
506,22682
405,22699
449,22701
498,22714
364,22727
203,22750
279,22767
128,22773
76,22809
498,22828
274,22865
412,22880
546,22893
547,22894
337,22929
108,22932
337,22955
449,22957
157,22979
96,23006
449,23085
450,23086
480,23122
311,23154
155,23174
433,23176
452,23218
108,23220
311,23251
115,23257
165,23295
158,23298
159,23299
431,23303
547,23335
547,23338
465,23340
155,23342
425,23392
405,23412
456,23511
166,23517
538,23519
129,23539
500,23541
96,23555
546,23556
75,23562
156,23587
157,23588
431,23654
546,23655
521,23715
226,23730
245,23730
227,23731
390,23739
128,23765
311,23783
399,23784
452,23800
96,23873
200,23884
77,23920
547,23950
216,23973
337,24000
311,24007
399,24008
400,24009
159,24037
157,24052
179,24085
500,24086
501,24087
311,24107
200,24116
201,24117
129,24156
128,24159
75,24195
75,24228
388,24244
405,24296
494,24313
200,24317
131,24321
457,24405
432,24462
433,24474
97,24519
131,24535
132,24536
133,24537
178,24545
157,24552
157,24572
190,24607
370,24607
373,24615
274,24648
449,24650
500,24651
336,24692
478,24753
483,24773
484,24774
330,24782
164,24783
311,24800
399,24801
336,24878
166,24908
311,24919
399,24920
228,24950
452,24988
458,24989
227,25004
337,25005
276,25006
277,25006
278,25006
276,25007
277,25007
278,25007
543,25052
336,25102
228,25103
131,25105
407,25132
286,25149
446,25151
538,25178
539,25179
311,25205
157,25225
227,25292
178,25326
194,25334
155,25345
336,25356
337,25357
190,25404
370,25404
330,25411
164,25412
165,25413
312,25431
545,25431
97,25432
226,25438
245,25438
274,25443
74,25465
95,25530
228,25613
74,25691
98,25692
399,25712
313,25720
274,25735
405,25780
81,25848
166,25928
96,25945
546,25946
547,25947
485,25961
343,25992
344,25993
156,26014
157,26015
215,26019
216,26020
74,26044
75,26045
96,26062
538,26065
107,26093
130,26093
131,26094
178,26099
179,26100
450,26101
247,26112
97,26147
313,26161
155,26172
450,26182
128,26228
74,26257
98,26258
95,26379
452,26387
157,26471
203,26525
214,26538
215,26539
216,26540
217,26541
96,26547
164,26596
111,26601
544,26613
399,26614
405,26642
313,26694
498,26737
274,26753
407,26755
178,26787
179,26788
500,26789
156,26818
155,26907
156,26908
157,26909
294,26923
450,26925
98,26939
336,27017
538,27040
274,27061
372,27063
373,27064
75,27082
498,27131
459,27133
546,27151
547,27152
129,27196
114,27232
274,27233
275,27234
449,27236
76,27312
77,27313
425,27316
129,27353
247,27360
132,27376
133,27377
134,27378
459,27379
535,27392
294,27394
458,27395
425,27441
228,27453
449,27454
279,27464
293,27510
396,27548
478,27557
433,27574
337,27662
432,27685
480,27705
478,27773
111,27807
431,27846
426,27972
427,27973
112,27978
178,27988
226,28036
245,28036
452,28064
128,28078
446,28110
179,28118
450,28119
498,28169
280,28218
180,28277
428,28294
546,28320
547,28321
203,28333
405,28357
128,28368
298,28414
99,28453
313,28487
390,28529
156,28531
390,28540
156,28542
157,28543
75,28547
237,28565
294,28575
133,28581
450,28590
275,28676
276,28677
277,28677
278,28677
192,28679
156,28685
387,28687
82,28703
95,28705
336,28792
114,28797
274,28798
190,28853
370,28853
157,28866
226,28876
245,28876
227,28877
337,28878
449,28896
180,28897
129,28945
430,28957
293,28960
190,29013
370,29013
192,29028
428,29044
538,29051
336,29119
337,29120
115,29128
192,29137
95,29168
408,29179
165,29184
74,29214
228,29216
449,29217
115,29250
128,29400
247,29431
311,29466
156,29521
157,29522
128,29642
129,29643
242,29693
243,29694
244,29695
226,29696
245,29696
227,29697
337,29698
74,29729
98,29730
500,29753
337,29774
276,29775
277,29775
278,29775
313,29819
207,29826
337,29858
521,29951
242,29996
404,29998
405,29999
76,30124
540,30134
142,30144
293,30176
336,30177
228,30195
114,30216
536,30226
537,30227
343,30253
97,30282
274,30318
275,30319
276,30320
277,30320
278,30320
276,30321
277,30321
278,30321
114,30341
274,30342
372,30344
228,30350
226,30385
245,30385
96,30434
546,30435
343,30450
274,30492
311,30496
178,30518
107,30534
130,30534
247,30588
192,30605
433,30618
430,30713
343,30726
313,30734
97,30754
191,30756
371,30756
192,30757
428,30773
95,30812
156,30824
157,30825
319,30841
345,30855
247,30875
114,30908
274,30909
275,30910
276,30911
277,30911
278,30911
276,30912
277,30912
278,30912
97,30939
431,30947
293,30977
99,30979
337,30982
192,30984
293,31043
336,31044
337,31045
75,31085
547,31105
246,31115
456,31163
337,31165
276,31166
277,31166
278,31166
331,31189
388,31203
75,31247
548,31258
547,31271
548,31272
282,31273
155,31276
311,31280
312,31281
545,31281
313,31282
155,31300
293,31328
336,31329
337,31330
276,31331
277,31331
278,31331
279,31332
407,31333
456,31338
457,31339
96,31356
97,31357
180,31360
193,31365
178,31419
97,31461
128,31549
500,31589
539,31600
294,31655
405,31663
179,31688
500,31689
452,31696
543,31705
165,31729
228,31788
449,31789
450,31790
178,31824
96,31829
97,31830
75,31831
327,31851
431,31856
546,31857
274,31861
190,31900
370,31900
180,31954
494,31959
180,31968
203,32037
97,32061
500,32064
295,32075
484,32107
458,32110
275,32115
276,32116
277,32116
278,32116
204,32124
431,32128
450,32147
74,32225
95,32254
425,32256
426,32257
128,32270
75,32279
76,32280
546,32348
547,32349
281,32369
295,32375
425,32380
426,32381
483,32393
484,32394
293,32451
140,32466
141,32467
142,32468
477,32473
203,32517
128,32594
405,32648
449,32650
450,32651
73,32676
452,32709
98,32730
133,32797
179,32798
450,32816
203,32868
193,32883
405,32908
449,32910
180,32911
293,32921
99,32923
228,32926
280,32995
281,32996
191,33121
371,33121
458,33125
200,33144
191,33203
371,33203
192,33204
227,33231
191,33232
371,33232
484,33305
485,33306
273,33345
274,33346
74,33364
293,33378
336,33379
228,33380
98,33447
210,33476
388,33483
183,33492
336,33504
521,33513
521,33520
539,33545
286,33570
430,33576
498,33621
311,33675
74,33690
286,33696
97,33763
75,33764
449,33787
450,33788
451,33789
228,33791
449,33792
95,33884
449,33901
180,33902
226,33933
245,33933
180,33993
521,34039
189,34068
190,34069
370,34069
228,34070
199,34085
200,34086
336,34099
337,34100
192,34102
450,34177
274,34189
275,34190
276,34191
277,34191
278,34191
365,34208
97,34215
274,34231
538,34246
188,34252
189,34253
190,34254
370,34254
336,34286
337,34287
449,34289
450,34290
451,34291
191,34293
371,34293
192,34294
446,34302
547,34315
548,34316
337,34337
279,34338
280,34339
81,34372
313,34380
203,34390
312,34444
545,34444
274,34458
229,34460
396,34475
480,34521
204,34634
115,34640
96,34681
97,34682
98,34683
193,34685
433,34692
97,34702
295,34704
115,34731
204,34767
425,34781
156,34796
129,34801
107,34802
130,34802
108,34803
329,34847
330,34848
164,34849
254,34856
156,34871
157,34872
543,34900
544,34901
399,34902
293,34970
336,34971
191,34972
371,34972
500,34977
274,35004
204,35019
205,35020
115,35034
275,35082
276,35083
277,35083
278,35083
295,35096
200,35114
546,35159
547,35160
458,35171
114,35177
274,35178
95,35210
96,35211
97,35212
312,35235
545,35235
97,35236
228,35238
428,35253
274,35320
407,35322
408,35323
261,35367
430,35369
97,35395
294,35427
450,35429
451,35430
452,35431
431,35436
97,35437
521,35456
247,35495
210,35544
274,35616
275,35617
449,35619
500,35620
281,35654
229,35696
178,35738
128,35741
294,35775
128,35778
178,35811
458,35837
547,35863
478,35886
430,35888
486,35897
200,35963
198,35981
76,35987
97,36003
431,36043
313,36044
311,36091
400,36113
480,36124
293,36197
336,36198
337,36199
276,36200
277,36200
278,36200
276,36201
277,36201
278,36201
452,36212
521,36288
480,36294
241,36317
226,36348
245,36348
227,36349
228,36350
141,36392
142,36393
200,36407
247,36410
228,36428
247,36469
131,36548
274,36618
131,36621
546,36724
547,36725
274,36749
99,36770
456,36803
450,36888
456,36918
76,36920
442,36945
193,37008
311,37013
399,37014
478,37020
114,37069
115,37070
313,37085
226,37089
245,37089
128,37115
228,37129
428,37151
129,37194
548,37207
456,37251
337,37253
178,37300
337,37355
294,37418
390,37561
485,37581
275,37590
276,37591
277,37591
278,37591
498,37606
274,37683
199,37712
200,37819
548,37870
400,37877
74,37905
450,37915
200,37923
345,37939
128,37958
115,37995
96,38020
313,38021
115,38028
294,38070
164,38084
165,38085
97,38091
535,38112
345,38121
274,38124
449,38126
180,38127
336,38148
228,38149
274,38163
275,38164
276,38165
277,38165
278,38165
449,38167
450,38168
203,38175
458,38189
484,38229
95,38254
336,38325
228,38326
543,38345
275,38391
276,38392
277,38392
278,38392
276,38393
277,38393
278,38393
276,38394
277,38394
278,38394
279,38395
407,38396
77,38397
200,38414
99,38423
452,38433
458,38434
544,38441
450,38512
74,38538
295,38540
328,38551
228,38585
199,38603
200,38604
95,38670
313,38736
311,38776
399,38777
400,38778
165,38800
97,38818
480,38862
97,38999
75,39000
180,39036
458,39105
129,39247
400,39265
198,39275
180,39288
450,39321
128,39433
129,39434
156,39486
533,39530
190,39544
370,39544
452,39597
450,39615
95,39621
313,39678
129,39721
451,39825
452,39826
450,39828
133,39867
126,39889
127,39890
128,39891
129,39892
365,39912
107,39928
130,39928
155,39965
74,39966
295,39968
129,40033
180,40035
427,40067
428,40068
400,40098
295,40140
254,40155
386,40164
295,40198
274,40206
131,40224
228,40280
312,40359
545,40359
313,40360
345,40417
274,40420
449,40422
180,40423
484,40430
485,40431
343,40481
156,40527
157,40528
158,40529
311,40636
399,40637
449,40644
500,40645
456,40698
430,40734
431,40735
97,40736
405,40784
311,40789
399,40790
96,40825
157,40827
428,40893
321,40956
95,41028
96,41029
538,41032
128,41109
387,41196
345,41227
311,41259
336,41291
337,41292
131,41328
132,41329
133,41330
157,41338
404,41379
426,41386
114,41400
480,41408
484,41430
485,41431
98,41497
155,41501
534,41526
111,41534
75,41538
406,41555
280,41556
178,41570
179,41571
450,41572
128,41601
129,41602
500,41604
97,41664
75,41665
76,41666
77,41667
313,41670
280,41685
313,41715
190,41742
370,41742
228,41743
128,41788
199,41822
200,41823
95,41840
228,41903
449,41904
450,41905
97,41924
450,41927
128,41962
546,41980
547,41981
312,41997
545,41997
97,41998
98,41999
200,42034
114,42054
115,42055
190,42069
370,42069
128,42112
462,42123
96,42157
543,42165
544,42166
399,42167
430,42187
452,42296
458,42297
450,42351
114,42360
115,42361
116,42362
311,42425
510,42450
156,42474
157,42475
96,42516
97,42517
75,42518
312,42527
545,42527
97,42528
75,42529
76,42530
77,42531
75,42562
311,42580
425,42582
114,42663
280,42669
449,42728
500,42729
178,42758
179,42759
450,42760
286,42786
449,42793
155,42797
74,42798
295,42800
155,42815
179,42881
95,42923
294,43073
155,43088
156,43089
157,43090
547,43108
547,43144
548,43145
430,43174
431,43175
97,43176
311,43220
399,43221
178,43226
107,43251
130,43251
95,43261
390,43270
200,43297
543,43347
97,43382
418,43398
178,43459
254,43487
449,43496
450,43497
75,43538
76,43539
247,43548
248,43549
503,43557
74,43624
228,43626
427,43727
212,43733
459,43741
313,43752
128,43759
129,43760
200,43778
538,43836
283,43839
178,43858
129,43868
99,43875
343,43913
293,43920
116,43936
117,43937
118,43938
119,43939
120,43940
312,43943
545,43943
313,43944
226,43948
245,43948
131,43951
132,43952
133,43953
133,43959
156,43977
157,43978
178,43997
179,43998
180,43999
200,44004
204,44020
205,44021
399,44025
254,44073
280,44090
293,44102
336,44103
191,44104
371,44104
328,44134
329,44135
330,44136
380,44177
408,44197
409,44198
425,44211
426,44212
427,44213
428,44214
128,44235
129,44236
95,44254
520,44288
521,44289
389,44312
128,44320
387,44349
431,44380
247,44408
320,44422
343,44435
450,44457
451,44458
380,44576
396,44583
313,44595
547,44605
548,44606
178,44645
128,44648
155,44660
129,44676
203,44733
311,44739
312,44740
545,44740
311,44839
399,44840
400,44841
543,44862
544,44863
399,44864
430,44886
283,44904
425,44931
426,44932
82,44973
95,44978
96,44979
546,44980
107,44985
130,44985
178,45012
166,45032
336,45043
228,45044
228,45107
107,45120
130,45120
262,45145
95,45154
96,45155
313,45156
425,45192
114,45228
115,45229
116,45230
142,45232
450,45249
449,45321
450,45322
241,45420
165,45433
274,45440
142,45463
143,45464
547,45480
365,45529
228,45539
226,45570
245,45570
203,45625
405,45667
96,45725
178,45734
155,45747
389,45762
390,45763
405,45786
430,45810
133,45878
400,45888
343,45916
164,45945
165,45946
228,45983
311,46000
312,46001
545,46001
313,46002
336,46060
228,46061
498,46104
131,46106
96,46120
546,46121
547,46122
294,46134
274,46194
407,46220
77,46221
178,46384
283,46397
115,46458
116,46459
311,46484
544,46525
480,46545
155,46594
156,46595
155,46624
254,46644
450,46689
294,46734
180,46736
97,46746
430,46778
456,46901
95,47014
343,47060
114,47132
274,47133
192,47163
498,47173
404,47177
275,47348
279,47349
280,47350
465,47352
345,47353
178,47390
179,47391
180,47392
95,47400
96,47401
97,47402
75,47403
74,47570
311,47574
283,47577
486,47589
431,47655
538,47658
539,47659
547,47661
336,47687
191,47688
371,47688
192,47689
542,47718
330,47743
294,47793
450,47795
128,47799
336,47842
228,47843
449,47844
82,47865
95,47867
96,47868
157,47870
190,47918
370,47918
228,47919
500,47933
178,47978
96,48016
449,48052
450,48053
75,48064
228,48116
131,48118
132,48119
133,48120
108,48122
281,48129
97,48137
198,48144
190,48149
370,48149
191,48150
371,48150
494,48152
200,48170
449,48211
500,48212
344,48215
200,48277
452,48304
228,48314
449,48315
204,48442
426,48525
427,48526
99,48610
200,48619
337,48632
261,48668
262,48669
157,48672
158,48673
294,48699
96,48741
97,48742
75,48743
384,48763
450,48767
451,48768
107,48777
130,48777
111,48920
336,48991
203,49055
293,49089
336,49090
480,49117
241,49139
198,49192
199,49193
313,49245
128,49346
95,49367
96,49368
313,49369
450,49382
97,49429
426,49473
427,49474
428,49475
184,49484
185,49485
449,49508
190,49551
370,49551
228,49552
129,49575
404,49592
274,49611
275,49612
279,49613
110,49738
538,49755
313,49786
247,49793
293,49824
480,49849
481,49850
288,49873
289,49874
199,49906
200,49907
215,49922
275,49937
449,49939
180,49940
311,49981
336,50025
450,50058
200,50067
228,50080
95,50116
425,50118
200,50134
247,50177
129,50242
126,50351
127,50352
97,50431
458,50433
77,50463
80,50465
126,50538
127,50539
128,50540
129,50541
202,50603
337,50645
96,50728
546,50729
547,50730
480,50788
178,50838
179,50839
450,50840
129,50852
384,50871
385,50872
188,50884
189,50885
190,50886
370,50886
228,50887
73,50926
156,50927
157,50928
158,50929
156,50936
506,50951
114,51071
75,51086
294,51133
547,51138
129,51162
400,51168
198,51190
207,51262
254,51278
294,51321
283,51462
457,51475
280,51484
155,51553
74,51554
131,51557
132,51558
133,51559
410,51622
128,51644
129,51645
95,51654
82,51667
175,51706
96,51722
546,51723
178,51738
535,51742
536,51743
537,51744
538,51745
295,51880
543,51899
312,51940
545,51940
313,51941
400,51947
142,51969
228,51988
449,51989
188,52073
544,52093
399,52094
155,52097
390,52155
405,52163
313,52189
343,52194
328,52271
178,52317
128,52320
129,52321
107,52322
130,52322
254,52337
500,52384
533,52399
98,52411
311,52418
458,52427
155,52508
484,52525
485,52526
484,52538
200,52552
510,52554
261,52577
128,52602
311,52613
465,52640
200,52645
190,52647
370,52647
456,52676
155,52687
188,52754
498,52768
480,52792
97,52800
128,52804
129,52805
511,52840
425,52857
484,52868
458,52871
404,52874
477,52878
478,52879
77,52913
311,52978
96,53074
313,53075
247,53107
520,53143
521,53144
480,53152
226,53172
245,53172
450,53198
480,53245
521,53291
115,53394
157,53417
288,53428
478,53449
539,53465
178,53472
510,53500
311,53521
400,53540
95,53553
190,53604
370,53604
337,53605
276,53606
277,53606
278,53606
279,53607
280,53608
343,53611
274,53655
275,53656
97,53682
247,53684
539,53686
540,53687
427,53722
178,53732
179,53733
107,53756
130,53756
426,53760
98,53763
546,53790
142,53859
433,53862
95,53914
537,53939
538,53940
283,53999
538,54102
539,54103
75,54105
456,54179
131,54203
199,54211
294,54216
500,54218
498,54316
180,54336
200,54407
201,54408
481,54416
539,54457
75,54459
274,54488
179,54504
180,54505
95,54522
506,54570
313,54578
343,54628
428,54650
405,54658
449,54660
404,54671
313,54722
426,54729
336,54860
228,54861
449,54862
76,54872
179,54885
274,54905
449,54907
190,54956
370,54956
450,55019
336,55063
228,55064
273,55097
226,55110
245,55110
293,55131
538,55149
481,55151
180,55190
178,55232
228,55457
449,55458
180,55459
450,55466
97,55548
313,55628
128,55631
294,55706
295,55707
228,55730
449,55731
180,55732
274,55737
76,55751
408,55752
409,55753
293,55791
336,55792
191,55793
371,55793
115,55810
358,55866
311,56023
190,56055
370,56055
228,56056
142,56067
200,56076
387,56079
388,56080
389,56081
390,56082
179,56089
180,56090
134,56120
97,56152
95,56169
76,56210
548,56260
203,56278
95,56298
96,56299
546,56300
547,56301
548,56302
456,56314
456,56343
457,56344
95,56352
155,56431
389,56498
74,56506
157,56513
247,56633
114,56639
274,56640
275,56641
449,56643
180,56644
155,56700
178,56706
179,56707
450,56708
330,56728
164,56729
165,56730
275,56759
276,56760
277,56760
278,56760
279,56761
98,56785
155,56789
156,56804
283,56829
212,56834
286,56843
313,56859
74,56876
295,56878
157,56921
203,56947
295,57012
200,57063
95,57076
96,57077
546,57078
312,57091
545,57091
97,57092
500,57095
404,57125
538,57166
373,57210
126,57228
127,57229
276,57296
277,57296
278,57296
450,57319
274,57331
129,57348
544,57372
312,57398
545,57398
97,57399
75,57400
200,57481
76,57484
77,57485
190,57503
370,57503
228,57504
449,57505
166,57511
311,57548
399,57549
97,57579
228,57581
77,57587
155,57648
295,57690
283,57700
95,57759
96,57760
546,57761
547,57762
548,57763
282,57764
452,57774
538,57781
129,57798
274,57817
405,57864
274,57890
275,57891
372,57893
294,57896
131,57898
132,57899
538,57915
199,57937
200,57938
107,58013
130,58013
97,58040
453,58102
133,58154
274,58175
542,58190
247,58305
228,58349
449,58350
452,58411
274,58454
163,58465
450,58471
312,58486
545,58486
450,58519
164,58559
311,58595
311,58609
312,58610
545,58610
546,58611
75,58637
283,58674
178,58694
407,58703
190,58710
370,58710
337,58711
311,58723
465,58745
73,58760
107,58877
130,58877
337,58946
276,58947
277,58947
278,58947
279,58948
280,58949
281,58950
282,58951
273,58958
405,58967
95,58974
425,58976
500,58990
75,59027
313,59048
399,59152
217,59155
452,59252
203,59263
390,59272
156,59308
178,59324
179,59325
450,59326
97,59350
98,59351
295,59402
228,59437
157,59468
158,59482
115,59520
456,59526
133,59547
500,59571
480,59610
539,59653
400,59665
298,59675
451,59681
155,59701
74,59702
75,59703
283,59710
335,59737
405,59782
