267,130
292,161
84,188
99,261
100,262
184,268
185,269
201,302
140,425
255,429
297,440
111,479
349,558
468,627
456,648
392,704
350,763
351,764
401,765
457,797
132,855
291,855
476,903
202,908
458,939
49,972
83,975
84,976
183,1002
233,1009
468,1110
140,1121
231,1190
232,1191
398,1192
393,1246
506,1258
327,1298
328,1299
456,1301
110,1356
93,1386
112,1386
113,1387
100,1393
101,1394
232,1428
81,1437
468,1449
402,1501
399,1570
400,1571
401,1572
342,1575
202,1589
267,1599
342,1650
267,1668
443,1672
232,1724
316,1742
92,1755
247,1755
93,1756
112,1756
113,1757
206,1766
132,1770
291,1770
349,1779
323,1808
347,1825
401,1887
402,1888
403,1889
472,1915
351,1986
324,1990
325,1991
326,1992
344,2003
351,2072
401,2073
393,2086
324,2089
476,2110
78,2133
134,2170
137,2170
135,2171
138,2171
206,2204
84,2227
457,2269
479,2409
136,2433
183,2438
123,2495
400,2512
401,2513
402,2514
457,2523
402,2581
132,2583
291,2583
133,2584
182,2584
443,2800
267,2820
456,2825
457,2826
231,2867
402,2881
403,2882
292,2889
99,2890
398,2956
398,2989
322,3011
343,3023
443,3052
139,3078
131,3083
233,3103
293,3118
98,3129
99,3130
100,3131
79,3133
475,3137
443,3175
50,3194
399,3202
402,3223
203,3225
204,3226
468,3264
113,3267
205,3274
206,3275
132,3279
291,3279
411,3330
203,3345
232,3398
183,3404
322,3406
323,3407
184,3480
132,3516
291,3516
233,3558
402,3610
402,3625
111,3643
53,3647
399,3760
231,3838
330,3885
457,3888
99,3913
100,3914
79,3916
293,3943
402,3967
140,3974
183,3995
341,4018
342,4019
267,4038
340,4069
341,4070
342,4071
343,4081
233,4122
400,4127
401,4128
457,4138
212,4149
148,4150
327,4198
290,4249
457,4281
506,4291
455,4302
456,4349
456,4357
457,4390
197,4419
198,4420
267,4424
232,4439
457,4498
458,4500
231,4586
232,4587
340,4594
341,4595
342,4596
176,4659
468,4735
468,4738
164,4760
165,4761
174,4766
397,4767
50,4799
203,4801
204,4802
197,4829
457,4850
458,4851
140,4907
348,4922
457,4951
98,4967
293,4968
185,5026
131,5042
203,5043
204,5044
201,5046
315,5056
400,5069
401,5070
164,5112
165,5113
401,5145
402,5146
132,5148
291,5148
132,5157
291,5157
233,5190
234,5195
235,5196
455,5223
267,5244
79,5267
506,5269
292,5271
402,5282
342,5300
132,5324
291,5324
99,5350
133,5377
182,5377
506,5422
233,5427
400,5441
401,5442
456,5497
388,5598
293,5605
292,5612
349,5628
349,5760
476,5793
477,5794
350,5917
351,5918
401,5919
478,5926
479,5927
349,5952
204,5994
205,5995
443,6030
348,6038
308,6046
183,6106
348,6152
388,6198
206,6214
402,6241
120,6397
443,6406
135,6419
138,6419
132,6447
291,6447
292,6448
140,6470
135,6524
138,6524
84,6553
389,6583
183,6586
232,6594
398,6595
254,6640
349,6654
350,6655
342,6708
150,6776
132,6914
291,6914
170,6943
171,6944
315,6954
307,6980
171,7021
466,7024
136,7062
134,7063
137,7063
171,7085
349,7125
350,7126
183,7175
212,7215
148,7216
316,7284
428,7291
204,7304
205,7305
508,7326
165,7332
349,7364
165,7429
402,7459
403,7460
292,7525
110,7539
349,7545
350,7546
351,7547
401,7548
79,7597
322,7599
397,7609
508,7645
350,7657
344,7733
350,7738
351,7739
401,7740
391,7793
392,7794
443,7801
183,7844
267,7875
53,7949
180,7980
400,7997
401,7998
402,7999
86,8040
267,8046
456,8126
171,8144
343,8185
292,8193
183,8201
293,8209
400,8210
401,8211
342,8214
132,8217
291,8217
292,8218
140,8252
84,8329
267,8358
349,8451
347,8467
110,8511
206,8555
349,8562
132,8570
291,8570
398,8730
457,8842
53,8994
99,9031
342,9058
84,9091
350,9244
100,9270
403,9416
349,9428
136,9466
468,9512
350,9568
110,9574
164,9600
165,9601
83,9687
84,9688
203,9732
349,9755
349,9765
350,9766
349,9843
350,9844
165,9909
131,9911
203,9912
84,9949
342,9952
393,9980
150,10005
306,10020
132,10089
291,10089
476,10139
508,10251
92,10366
247,10366
351,10390
401,10391
255,10394
342,10399
350,10420
49,10442
267,10473
351,10490
401,10491
402,10492
343,10606
506,10610
267,10656
255,10664
21,10715
267,10731
76,10814
77,10815
78,10816
79,10817
49,10824
455,10856
456,10857
348,10871
398,10878
233,10918
400,10934
401,10935
342,10938
399,10954
400,10955
401,10956
393,11026
203,11042
204,11043
459,11050
349,11059
53,11202
164,11207
323,11296
350,11328
351,11329
401,11330
505,11346
457,11379
398,11397
458,11529
343,11533
402,11548
132,11550
291,11550
292,11551
293,11552
400,11553
401,11554
323,11569
338,11599
342,11635
476,11641
203,11685
233,11730
113,11774
114,11775
206,11791
399,11797
400,11798
401,11799
402,11800
185,11811
478,11832
292,11850
171,11931
201,11936
255,11985
79,12086
34,12108
132,12212
291,12212
292,12213
328,12315
457,12324
403,12544
292,12573
199,12674
347,12682
392,12689
393,12690
502,12697
398,12713
348,12758
349,12759
255,12767
457,12790
458,12792
402,12813
458,12978
494,12997
262,13004
458,13037
459,13038
293,13149
400,13150
401,13151
402,13152
403,13153
401,13237
402,13238
99,13300
56,13362
57,13363
232,13387
205,13591
206,13592
213,13601
293,13620
348,13624
205,13632
476,13644
389,13653
443,13683
393,13735
308,13743
231,13752
228,13759
205,13885
206,13886
403,13889
114,13986
99,14028
343,14037
342,14039
397,14056
398,14057
98,14066
215,14092
502,14130
402,14133
403,14134
110,14155
185,14225
101,14238
102,14239
109,14244
110,14245
393,14257
164,14293
171,14300
177,14306
185,14313
402,14331
212,14334
231,14347
232,14348
398,14349
241,14356
403,14363
110,14383
109,14437
342,14438
343,14439
344,14440
350,14445
363,14451
364,14452
136,14483
183,14484
197,14488
198,14489
400,14491
401,14492
402,14493
403,14494
456,14543
114,14658
114,14666
115,14667
165,14678
391,14687
392,14688
393,14689
402,14739
132,14741
291,14741
292,14742
468,14755
132,14855
291,14855
140,14857
342,14861
343,14862
344,14863
342,14880
267,14900
338,14902
363,14949
364,14950
98,15008
171,15037
231,15060
232,15061
173,15161
174,15162
397,15163
175,15203
350,15255
74,15350
401,15369
402,15370
403,15371
53,15375
232,15407
398,15408
292,15425
347,15431
348,15432
349,15433
327,15505
349,15509
350,15510
157,15584
398,15621
401,15644
476,15657
477,15658
231,15664
402,15723
403,15724
197,15782
198,15783
199,15784
402,15832
185,15847
183,15952
399,15969
398,15986
458,16062
402,16149
56,16220
57,16221
150,16250
392,16265
393,16266
84,16284
159,16298
160,16299
198,16314
464,16342
398,16406
457,16429
458,16430
403,16479
402,16524
165,16594
494,16596
443,16614
328,16655
456,16657
230,16710
231,16711
203,16739
79,16743
80,16744
457,16819
458,16821
255,16832
228,16840
402,16893
326,16966
292,17009
198,17033
199,17034
293,17059
400,17060
53,17153
74,17157
344,17173
326,17180
134,17189
137,17189
117,17219
198,17312
292,17336
132,17383
291,17383
292,17384
293,17385
400,17386
401,17387
402,17388
326,17416
51,17428
204,17443
276,17461
386,17469
387,17470
347,17491
202,17532
181,17546
133,17547
182,17547
206,17575
343,17577
292,17588
400,17665
401,17666
402,17667
78,17823
472,17896
171,17958
117,18043
50,18064
349,18068
351,18118
401,18119
185,18157
186,18158
100,18207
101,18208
231,18219
232,18220
398,18221
267,18233
302,18258
183,18268
322,18299
457,18311
458,18312
402,18336
475,18352
399,18375
400,18376
401,18377
402,18378
344,18409
50,18531
403,18532
230,18570
231,18571
232,18572
131,18604
64,18647
402,18655
402,18712
51,18713
197,18866
292,18885
401,18902
267,18950
173,18998
468,19019
229,19106
398,19169
209,19175
49,19191
171,19198
100,19204
35,19312
292,19392
292,19418
232,19502
233,19503
234,19504
233,19509
50,19511
403,19512
494,19552
255,19553
392,19609
393,19610
389,19650
267,19697
350,19725
351,19726
401,19727
344,19729
458,19819
327,19858
23,19864
21,19958
349,20033
350,20034
135,20050
138,20050
351,20056
196,20086
79,20092
267,20102
397,20120
56,20137
350,20166
351,20167
401,20168
402,20169
49,20211
49,20221
233,20274
165,20333
131,20335
203,20336
205,20344
132,20405
291,20405
292,20406
165,20417
110,20420
507,20432
508,20433
398,20459
402,20496
347,20528
228,20574
292,20675
293,20676
456,20709
398,20780
140,20851
456,20882
234,20895
506,20912
84,20936
267,20954
476,20961
478,21005
350,21039
322,21060
323,21061
456,21092
457,21093
472,21141
292,21245
198,21332
199,21333
248,21364
398,21395
458,21419
459,21420
342,21518
343,21519
350,21528
342,21539
204,21626
350,21661
92,21704
247,21704
350,21823
496,21835
328,21843
456,21845
457,21846
110,21915
342,21936
399,21982
135,22019
138,22019
110,22036
348,22049
117,22065
134,22100
137,22100
457,22128
347,22144
164,22157
290,22192
159,22230
160,22231
114,22273
140,22296
468,22318
468,22321
53,22347
160,22409
398,22416
323,22474
178,22491
393,22501
200,22516
201,22517
342,22536
351,22692
401,22693
171,22739
458,22767
399,22837
457,22929
78,22941
79,22942
457,22955
349,23001
350,23002
351,23003
401,23004
402,23005
205,23018
206,23019
349,23061
350,23062
351,23063
401,23064
402,23065
392,23105
393,23106
455,23142
315,23155
53,23182
399,23206
351,23345
401,23346
401,23400
402,23401
110,23464
398,23539
185,23546
349,23613
180,23625
248,23667
83,23673
84,23674
350,23719
351,23720
401,23721
233,23766
50,23768
403,23769
402,23872
389,23894
457,24000
228,24034
292,24045
99,24046
475,24146
398,24156
74,24168
242,24181
243,24182
475,24219
476,24220
348,24262
397,24285
349,24342
392,24398
393,24399
98,24405
349,24410
110,24444
202,24461
132,24519
291,24519
198,24533
199,24534
506,24554
392,24557
393,24558
185,24574
456,24607
140,24674
232,24687
349,24737
393,24779
364,24798
400,24938
401,24939
55,24962
56,24963
442,24992
92,24999
247,24999
93,25000
112,25000
457,25005
170,25019
399,25045
400,25046
401,25047
228,25058
267,25074
111,25093
232,25119
49,25132
231,25139
232,25140
135,25170
138,25170
307,25211
229,25247
348,25249
349,25250
457,25357
199,25364
456,25404
397,25418
132,25432
291,25432
79,25501
342,25529
51,25531
213,25564
342,25642
343,25643
133,25692
182,25692
183,25693
131,25719
203,25720
459,25737
347,25754
232,25762
150,25826
205,25843
206,25844
349,25871
468,25881
204,25886
50,25944
402,25989
403,25990
204,26041
350,26058
351,26059
401,26060
402,26061
468,26077
206,26095
343,26097
344,26098
132,26147
291,26147
140,26149
110,26153
203,26161
159,26186
233,26229
234,26230
133,26258
182,26258
267,26275
267,26282
50,26354
403,26355
342,26378
468,26439
170,26477
171,26478
165,26511
136,26551
203,26694
255,26703
84,26716
49,26755
349,26846
183,26862
468,26872
468,26899
180,26937
181,26938
133,26939
182,26939
323,27067
324,27068
228,27084
56,27104
57,27105
159,27144
202,27150
228,27159
229,27160
84,27175
229,27189
398,27196
399,27197
363,27271
364,27272
177,27278
328,27332
397,27352
398,27353
458,27464
455,27484
183,27486
184,27487
185,27488
74,27492
183,27512
506,27514
507,27515
84,27585
505,27594
457,27662
202,27684
349,27709
350,27710
205,27770
393,27774
381,27850
232,27865
323,28005
348,28021
183,28038
411,28063
302,28096
91,28099
92,28100
247,28100
508,28104
502,28134
401,28234
322,28264
278,28285
45,28309
131,28319
100,28355
123,28360
266,28406
267,28407
134,28453
137,28453
33,28483
202,28486
203,28487
200,28505
399,28510
136,28534
506,28545
506,28562
231,28570
443,28572
215,28580
200,28583
183,28610
184,28680
276,28704
51,28706
147,28749
183,28777
322,28779
123,28794
32,28822
349,28836
456,28853
202,28864
457,28878
393,28882
472,28924
84,28938
230,28942
231,28943
232,28944
398,28945
53,28955
456,29013
183,29038
457,29120
183,29153
51,29169
51,29228
198,29281
185,29410
315,29467
506,29550
292,29552
99,29553
100,29554
231,29614
232,29615
233,29616
398,29643
180,29681
457,29698
133,29730
182,29730
183,29731
180,29749
181,29750
292,29751
457,29774
135,29792
138,29792
136,29793
183,29794
165,29816
131,29818
203,29819
457,29858
183,29947
79,30014
241,30185
242,30186
243,30187
367,30247
349,30256
132,30282
291,30282
292,30283
204,30310
205,30311
183,30387
468,30407
402,30433
110,30467
111,30468
315,30497
476,30504
290,30548
213,30560
202,30583
199,30610
403,30724
131,30733
203,30734
507,30740
132,30754
291,30754
183,30767
342,30805
343,30806
342,30808
343,30809
342,30811
51,30813
132,30939
291,30939
134,30979
137,30979
135,30980
138,30980
457,30982
183,31018
457,31045
210,31052
211,31053
342,31070
83,31073
111,31110
93,31111
112,31111
457,31165
200,31169
201,31170
306,31190
176,31218
177,31219
203,31282
351,31303
175,31311
457,31330
458,31332
49,31333
98,31339
402,31355
132,31357
291,31357
292,31358
183,31364
100,31394
79,31396
132,31461
291,31461
164,31528
165,31529
55,31563
455,31586
99,31656
99,31697
100,31698
400,31826
401,31827
402,31828
132,31830
291,31830
235,31833
456,31900
229,31923
113,31950
322,32004
323,32005
146,32010
180,32025
267,32030
132,32061
291,32061
292,32062
293,32075
400,32076
401,32077
397,32113
145,32216
198,32221
199,32222
292,32226
109,32252
342,32253
347,32273
348,32274
135,32301
138,32301
402,32327
403,32328
292,32374
293,32375
400,32376
401,32377
402,32378
347,32398
348,32399
347,32454
109,32459
110,32460
349,32550
402,32604
133,32730
182,32730
350,32774
506,32788
120,32796
201,32822
183,32882
347,32897
348,32898
51,32919
134,32923
137,32923
135,32924
138,32924
400,32928
401,32929
402,32930
443,32981
232,32992
110,33062
79,33091
135,33123
138,33123
502,33155
402,33158
51,33159
79,33166
199,33171
455,33195
308,33216
177,33270
315,33322
135,33340
138,33340
180,33445
181,33446
133,33447
182,33447
231,33549
232,33550
233,33551
234,33552
53,33574
84,33581
50,33665
403,33666
315,33676
165,33705
443,33718
204,33755
132,33763
291,33763
349,33779
55,33809
56,33810
57,33811
342,33883
403,33885
348,33908
349,33909
140,33918
349,33944
456,34069
457,34100
209,34133
292,34136
99,34137
132,34215
291,34215
456,34254
457,34287
457,34337
458,34338
202,34379
203,34380
204,34381
64,34448
65,34449
177,34485
178,34486
165,34608
178,34643
132,34682
291,34682
133,34683
182,34683
183,34684
132,34702
291,34702
292,34703
293,34704
267,34724
231,34799
232,34800
398,34801
342,34838
343,34839
348,34843
464,34859
402,34884
364,34946
135,34974
138,34974
123,35006
140,35017
330,35055
322,35059
293,35096
164,35155
165,35156
131,35158
205,35207
206,35208
132,35212
291,35212
292,35213
132,35236
291,35236
476,35283
443,35296
49,35322
397,35336
145,35366
132,35395
291,35395
232,35420
132,35437
291,35437
348,35549
354,35553
231,35692
232,35693
506,35721
83,35801
84,35802
391,35897
392,35898
393,35899
399,35907
468,35931
248,35997
132,36003
291,36003
403,36023
203,36044
228,36146
457,36199
342,36269
343,36270
255,36310
100,36352
101,36353
350,36442
351,36443
401,36444
171,36481
211,36515
171,36535
206,36549
140,36613
305,36665
306,36666
140,36690
134,36770
137,36770
135,36771
138,36771
100,36822
442,36863
342,36923
21,37011
393,37021
231,37043
232,37044
290,37084
203,37085
347,37145
348,37146
55,37156
56,37157
502,37176
398,37194
392,37218
393,37219
171,37246
172,37247
457,37253
402,37273
100,37302
101,37303
329,37351
330,37352
457,37355
363,37393
307,37424
443,37474
350,37533
400,37537
267,37610
84,37622
343,37794
349,37804
397,37840
393,37949
348,37985
79,38004
410,38011
203,38021
204,38022
132,38091
291,38091
292,38092
328,38103
178,38107
476,38118
343,38239
342,38253
475,38313
72,38378
458,38395
49,38396
134,38423
137,38423
117,38457
99,38531
292,38539
293,38540
392,38597
402,38630
183,38658
403,38671
117,38687
203,38736
176,38767
132,38818
291,38818
412,38852
171,38976
171,38986
132,38999
291,38999
326,39046
442,39108
231,39198
232,39199
349,39219
183,39240
322,39242
398,39247
347,39348
144,39394
494,39416
201,39424
202,39425
180,39429
398,39434
322,39460
232,39519
233,39520
456,39544
363,39555
364,39556
100,39604
101,39605
205,39618
206,39619
349,39650
202,39677
203,39678
267,39682
398,39721
79,39731
506,39821
398,39892
349,39920
173,39937
171,39947
292,39967
293,39968
198,40018
398,40033
350,40093
351,40094
401,40095
402,40096
267,40101
183,40110
302,40123
402,40128
293,40140
293,40198
198,40222
199,40223
79,40241
176,40256
177,40257
181,40278
401,40339
203,40360
348,40434
349,40435
205,40440
146,40458
209,40480
232,40484
347,40664
348,40665
468,40670
213,40717
53,40732
132,40736
291,40736
267,40749
171,40769
136,40778
183,40779
327,40797
402,40824
79,40839
204,40867
349,40884
342,41027
233,41145
139,41232
457,41292
477,41300
478,41301
202,41336
326,41353
327,41354
209,41383
234,41402
198,41450
199,41451
181,41496
133,41497
182,41497
468,41531
398,41602
198,41613
290,41663
132,41664
291,41664
290,41669
203,41670
209,41687
202,41714
203,41715
456,41742
502,41747
53,41761
392,41799
132,41924
291,41924
292,41925
131,41974
204,41984
132,41998
291,41998
133,41999
182,41999
292,42017
455,42068
456,42069
292,42109
164,42146
34,42249
397,42300
292,42349
506,42477
402,42515
132,42517
291,42517
132,42528
291,42528
79,42589
135,42666
138,42666
183,42678
204,42719
292,42799
293,42800
400,42801
401,42802
267,42862
348,42895
342,42922
403,42924
307,43050
147,43061
213,43062
443,43070
131,43151
132,43176
291,43176
292,43177
508,43186
399,43192
400,43193
401,43194
117,43205
132,43382
291,43382
292,43383
400,43455
401,43456
344,43458
267,43525
232,43528
79,43554
80,43555
209,43585
400,43628
401,43629
402,43630
502,43673
402,43676
51,43677
231,43717
443,43719
203,43752
398,43760
398,43868
455,43873
134,43875
137,43875
135,43876
138,43876
302,43894
403,43911
402,43917
51,43918
203,43944
200,43961
201,43962
343,43990
183,44007
327,44030
173,44062
174,44063
397,44064
51,44100
117,44119
398,44236
51,44255
53,44266
173,44290
159,44363
403,44433
183,44460
402,44563
403,44564
84,44587
202,44594
203,44595
204,44596
398,44676
58,44694
297,44767
412,44810
307,44869
343,44875
267,44898
231,44952
276,44974
343,44975
342,44977
494,45139
343,45151
342,45153
203,45156
123,45213
81,45274
322,45338
200,45490
267,45564
197,45580
198,45581
199,45582
171,45744
174,45890
397,45891
347,45894
348,45895
171,45939
506,45980
403,45993
203,46002
83,46071
198,46097
199,46098
402,46119
49,46220
403,46247
506,46309
50,46346
403,46347
140,46380
506,46423
507,46424
508,46425
354,46482
197,46503
198,46504
315,46526
507,46549
508,46550
55,46560
56,46561
57,46562
402,46612
403,46613
350,46662
493,46704
83,46706
145,46723
146,46724
132,46746
291,46746
292,46747
53,46776
178,46951
402,47019
349,47023
292,47182
402,47240
316,47242
402,47275
403,47276
458,47349
342,47387
343,47388
344,47389
342,47399
132,47402
291,47402
326,47457
181,47483
111,47583
391,47589
392,47590
393,47591
468,47594
113,47617
402,47727
183,47817
403,47851
276,47866
399,47884
328,47916
456,47918
164,47953
165,47954
478,47962
402,48015
131,48022
183,48092
132,48137
291,48137
292,48138
99,48139
456,48149
443,48228
347,48345
348,48346
292,48387
57,48492
255,48501
134,48610
137,48610
135,48611
138,48611
457,48632
145,48667
159,48737
160,48738
132,48742
291,48742
322,48760
323,48761
292,48783
209,48799
135,48835
138,48835
465,48854
266,48902
267,48903
232,48948
131,48981
349,49076
363,49105
364,49106
114,49129
322,49132
84,49171
203,49245
57,49281
159,49320
347,49330
348,49331
267,49340
349,49343
276,49366
203,49369
159,49389
160,49390
79,49400
132,49429
291,49429
292,49430
118,49457
456,49551
442,49562
231,49573
232,49574
398,49575
458,49613
292,49619
389,49658
390,49659
203,49786
51,49822
183,49826
183,49910
52,49959
468,50008
123,50027
322,50041
232,50090
205,50113
206,50114
209,50139
117,50161
231,50240
232,50241
398,50242
350,50251
351,50252
389,50280
231,50285
231,50349
132,50431
291,50431
292,50432
110,50516
398,50541
342,50607
399,50637
400,50638
401,50639
457,50645
92,50783
247,50783
398,50852
399,50853
400,50854
401,50855
197,50879
198,50880
456,50886
340,50959
341,50960
342,50961
79,50983
228,51088
398,51162
399,51163
400,51164
401,51165
402,51166
148,51221
343,51271
342,51273
99,51322
100,51323
101,51324
110,51329
83,51338
402,51414
403,51415
267,51440
98,51475
292,51555
348,51566
111,51578
315,51592
412,51607
398,51645
465,51657
350,51703
290,51709
172,51749
164,51769
165,51770
147,51781
213,51782
326,51789
292,51879
293,51880
468,51886
267,51923
79,51927
203,51941
351,51943
401,51944
402,51945
465,51963
329,51980
330,51981
160,52042
468,52046
323,52048
330,52075
101,52088
102,52089
229,52116
53,52131
202,52188
203,52189
204,52190
340,52279
398,52321
92,52390
247,52390
180,52409
181,52410
133,52411
182,52411
183,52412
364,52416
455,52598
347,52605
348,52606
349,52607
465,52641
456,52647
508,52689
508,52746
330,52756
442,52772
132,52800
291,52800
292,52801
398,52805
183,52813
79,52819
267,52830
228,52877
393,52880
348,52887
349,52888
231,52895
232,52896
350,52932
351,52933
210,53006
402,53073
203,53075
388,53099
233,53165
114,53181
80,53183
267,53216
397,53253
171,53314
276,53342
468,53389
324,53413
35,53433
393,53450
508,53455
354,53519
315,53522
342,53552
455,53603
456,53604
457,53605
458,53607
209,53610
349,53614
350,53615
197,53649
198,53650
199,53651
117,53663
132,53682
291,53682
181,53762
133,53763
182,53763
349,53842
403,53915
150,53929
476,53931
477,53932
475,53957
476,53958
477,53959
140,54017
229,54034
228,54131
402,54140
403,54141
53,54159
402,54266
74,54432
109,54483
342,54484
400,54491
401,54492
402,54493
342,54521
203,54578
178,54620
292,54703
164,54718
165,54719
131,54721
203,54722
402,54761
232,54799
402,54810
267,54833
349,54836
50,54873
197,54900
389,54954
456,54956
50,54980
399,55048
344,55231
185,55241
164,55306
506,55366
290,55547
132,55548
291,55548
292,55549
99,55550
402,55573
51,55574
203,55628
233,55632
302,55674
388,55701
293,55707
171,55717
267,55760
171,55762
342,55815
468,55825
348,55898
456,56055
393,56110
389,56145
140,56148
132,56152
291,56152
292,56153
475,56165
506,56196
50,56211
342,56297
98,56344
99,56345
51,56353
402,56374
171,56404
101,56435
468,56459
323,56461
349,56471
140,56508
205,56524
231,56533
342,56566
343,56567
343,56582
468,56608
74,56614
468,56620
78,56714
468,56722
468,56725
468,56740
468,56743
458,56761
133,56785
182,56785
290,56858
203,56859
292,56877
293,56878
505,56901
211,56903
55,56917
506,56923
79,56960
293,57012
400,57016
472,57027
475,57072
132,57092
291,57092
292,57093
343,57105
267,57182
147,57271
402,57280
330,57315
398,57348
132,57399
291,57399
229,57407
93,57427
112,57427
308,57438
494,57442
456,57503
228,57541
229,57542
348,57544
132,57579
291,57579
389,57687
293,57690
400,57691
401,57692
402,57693
342,57758
232,57797
398,57798
23,57813
401,57831
342,57834
459,57885
368,57888
55,57910
198,57930
330,57940
202,57975
255,57989
132,58040
291,58040
292,58041
99,58042
146,58079
232,58088
123,58091
308,58131
171,58150
400,58156
401,58157
330,58187
495,58250
267,58270
342,58283
158,58334
165,58436
140,58580
315,58596
231,58630
232,58631
180,58635
181,58636
348,58687
349,58688
49,58703
456,58710
457,58711
315,58724
91,58736
150,58754
144,58773
410,58864
200,58878
201,58879
457,58946
458,58948
342,58973
292,58988
339,58995
203,59048
177,59080
178,59081
179,59082
180,59083
114,59090
136,59173
183,59174
184,59175
185,59176
132,59350
291,59350
133,59351
182,59351
183,59352
53,59370
293,59402
400,59403
401,59404
215,59546
428,59586
135,59621
138,59621
506,59628
228,59705
178,59755
135,59785
138,59785
