197,82
49,244
164,254
232,254
184,255
169,266
235,266
167,368
168,368
167,369
168,369
167,370
168,370
477,371
158,399
173,425
482,449
514,471
432,625
356,682
166,797
234,797
167,798
168,798
169,799
235,799
339,837
521,855
522,856
158,864
167,937
168,937
167,938
168,938
48,940
49,941
436,1000
437,1001
479,1035
480,1036
165,1044
233,1044
120,1061
167,1065
168,1065
477,1066
173,1121
239,1316
523,1318
388,1331
356,1347
477,1391
48,1459
327,1571
76,1576
169,1581
235,1581
170,1582
236,1582
239,1592
222,1593
265,1701
266,1702
521,1770
164,1800
232,1800
523,1816
194,1828
237,1951
474,2003
164,2158
232,2158
165,2159
233,2159
437,2169
171,2171
49,2174
50,2175
167,2200
168,2200
477,2201
478,2202
478,2235
479,2236
479,2251
164,2267
232,2267
165,2268
233,2268
166,2269
234,2269
477,2270
167,2278
168,2278
167,2279
168,2279
477,2280
197,2325
194,2344
522,2370
472,2371
117,2413
164,2415
232,2415
184,2416
165,2473
233,2473
478,2475
479,2476
167,2489
168,2489
167,2490
168,2490
167,2491
168,2491
167,2492
168,2492
167,2493
168,2493
340,2505
477,2510
327,2512
166,2523
234,2523
521,2583
117,2649
163,2651
164,2652
232,2652
523,2654
326,2740
368,2791
414,2808
166,2826
234,2826
477,2827
477,2861
479,3006
239,3059
239,3077
172,3078
513,3088
222,3117
185,3118
239,3179
240,3180
239,3191
472,3193
412,3274
521,3279
345,3359
184,3413
167,3465
168,3465
167,3466
168,3466
167,3467
168,3467
477,3468
521,3516
297,3578
194,3705
500,3711
197,3755
161,3848
239,3886
166,3888
234,3888
222,3912
185,3943
164,3952
232,3952
173,3974
117,4011
180,4042
158,4097
159,4098
160,4099
161,4100
162,4101
163,4102
164,4103
232,4103
184,4104
326,4126
327,4127
166,4138
234,4138
167,4139
168,4139
477,4140
388,4156
276,4201
161,4204
164,4216
232,4216
523,4218
524,4219
520,4249
166,4281
234,4281
169,4282
235,4282
523,4312
194,4336
457,4374
458,4375
183,4388
165,4389
233,4389
166,4390
234,4390
477,4391
48,4483
166,4498
234,4498
167,4499
168,4499
48,4501
388,4504
499,4611
128,4616
129,4617
523,4671
524,4672
500,4677
432,4736
152,4740
240,4755
472,4798
165,4849
233,4849
166,4850
234,4850
73,4852
173,4907
239,4949
166,4951
234,4951
477,4952
185,4968
388,5011
194,5019
482,5049
325,5067
326,5068
327,5069
440,5080
441,5081
127,5098
222,5103
521,5148
521,5157
522,5158
194,5202
340,5237
521,5324
326,5440
327,5441
165,5448
233,5448
459,5489
345,5520
388,5525
48,5551
49,5552
458,5584
161,5601
163,5602
164,5603
232,5603
184,5604
185,5605
477,5662
76,5674
194,5682
471,5737
159,5866
160,5867
161,5868
163,5869
66,5876
478,5934
193,5956
161,5964
163,5965
412,5995
413,5996
325,6075
326,6076
437,6105
150,6112
151,6113
164,6119
232,6119
66,6130
67,6131
500,6165
414,6171
161,6201
163,6202
164,6203
232,6203
165,6204
233,6204
441,6258
478,6347
167,6364
168,6364
477,6365
239,6386
414,6398
165,6409
233,6409
171,6419
117,6434
163,6436
458,6444
521,6447
173,6470
51,6475
76,6484
171,6524
437,6585
479,6597
469,6653
150,6675
65,6705
326,6737
196,6797
197,6798
158,6831
437,6860
438,6861
414,6879
169,6896
235,6896
521,6914
237,7064
412,7305
469,7363
199,7375
65,7447
482,7482
387,7504
478,7521
479,7522
469,7544
120,7577
477,7581
437,7587
478,7612
479,7613
183,7671
414,7717
474,7733
239,7750
289,7829
437,7843
77,7867
384,7905
385,7906
239,7910
325,7944
479,7946
480,7947
194,7958
367,7981
327,7997
409,8088
185,8209
327,8210
521,8217
479,8229
173,8252
65,8298
522,8366
76,8386
158,8406
437,8465
438,8466
48,8545
469,8561
521,8570
66,8587
414,8697
164,8840
232,8840
165,8841
233,8841
166,8842
234,8842
477,8843
469,8894
458,8912
459,8913
105,8940
514,8957
76,9059
471,9205
523,9206
197,9251
193,9289
211,9302
194,9373
500,9405
75,9414
239,9465
325,9483
459,9561
253,9631
194,9722
469,9764
438,9824
384,9826
385,9827
120,9875
512,9956
211,10009
500,10038
521,10089
400,10140
326,10147
458,10247
92,10283
479,10301
196,10303
197,10304
65,10320
211,10426
191,10471
478,10547
239,10583
500,10629
266,10810
478,10859
239,10913
222,10914
326,10933
327,10934
76,10939
327,10955
436,10980
469,11058
184,11085
386,11313
197,11359
166,11379
234,11379
167,11380
168,11380
477,11381
388,11500
512,11512
73,11530
74,11531
75,11532
521,11550
185,11552
327,11553
77,11556
76,11793
327,11798
194,11847
479,11919
165,12058
233,12058
340,12083
437,12145
469,12170
65,12197
165,12204
233,12204
521,12212
121,12258
436,12268
384,12295
166,12324
234,12324
169,12325
235,12325
65,12333
65,12377
284,12441
285,12442
167,12550
168,12550
481,12589
469,12686
164,12788
232,12788
165,12789
233,12789
166,12790
234,12790
167,12791
168,12791
486,12827
356,12932
158,12954
400,13006
479,13106
150,13113
185,13149
327,13150
197,13155
66,13189
67,13190
400,13223
430,13243
184,13299
339,13338
325,13364
430,13368
65,13393
414,13435
479,13437
480,13438
325,13443
500,13562
412,13591
161,13608
162,13609
163,13610
222,13619
185,13620
412,13632
388,13647
499,13717
500,13718
180,13808
222,13844
438,13867
412,13885
326,13893
481,13964
75,14036
50,14045
177,14054
469,14074
122,14239
164,14268
232,14268
165,14269
233,14269
479,14326
380,14414
474,14440
388,14457
327,14491
478,14545
197,14553
437,14726
165,14730
233,14730
521,14741
223,14743
388,14850
521,14855
173,14857
474,14863
500,14939
387,15033
437,15088
438,15089
500,15107
514,15150
223,15157
384,15299
439,15308
478,15329
458,15347
178,15399
179,15400
150,15401
438,15635
437,15775
73,15903
326,15906
306,15935
48,16063
325,16070
161,16102
162,16103
204,16109
325,16222
166,16429
234,16429
197,16481
121,16494
75,16682
76,16683
137,16684
470,16697
478,16717
166,16819
234,16819
167,16820
168,16820
211,16863
415,16899
478,16976
247,17023
479,17035
159,17041
65,17045
185,17059
327,17060
194,17109
474,17173
183,17187
237,17190
478,17228
471,17276
77,17319
521,17383
185,17385
327,17386
499,17429
76,17462
77,17463
478,17573
158,17615
327,17665
165,17723
233,17723
162,17754
121,17981
340,17993
472,18063
479,18223
194,18306
183,18309
165,18310
233,18310
166,18311
234,18311
48,18313
512,18316
165,18329
233,18329
327,18376
474,18409
472,18530
199,18534
65,18607
150,18693
151,18694
92,18727
93,18728
94,18729
95,18730
414,18761
326,18762
120,18773
385,18839
400,18883
390,18910
222,18946
223,18947
163,18965
159,18987
509,19001
445,19011
325,19067
239,19126
385,19389
194,19415
356,19440
414,19520
48,19674
65,19718
474,19729
478,19738
440,19750
441,19751
385,19772
469,19834
388,19845
76,19851
499,19894
194,19911
469,20032
458,20039
171,20050
120,20104
167,20123
168,20123
169,20124
235,20124
193,20148
65,20159
477,20245
478,20246
178,20262
179,20263
412,20344
292,20346
390,20373
150,20378
521,20405
223,20407
239,20413
55,20450
326,20514
76,20523
441,20533
282,20627
356,20646
83,20666
185,20676
356,20701
163,20722
164,20723
232,20723
184,20724
194,20806
177,20828
178,20829
173,20851
500,20900
522,20927
161,21077
163,21078
166,21093
234,21093
500,21155
385,21242
167,21348
168,21348
169,21349
235,21349
239,21445
222,21446
458,21536
457,21569
458,21570
458,21722
459,21723
480,21776
469,21779
166,21846
234,21846
477,21847
478,21848
285,21856
441,21860
65,22009
171,22019
222,22020
457,22082
458,22083
166,22128
234,22128
414,22149
520,22192
173,22296
432,22319
500,22335
478,22515
76,22537
164,22626
232,22626
165,22627
233,22627
325,22647
415,22648
73,22768
478,22776
479,22777
472,22809
137,22811
325,22815
65,22890
473,22920
166,22929
234,22929
477,22930
478,22931
239,22953
166,22955
234,22955
477,22956
367,22978
469,23000
412,23018
469,23060
211,23071
500,23124
388,23132
389,23133
390,23134
391,23135
194,23173
458,23211
76,23263
137,23264
477,23414
478,23415
482,23441
387,23521
194,23524
522,23562
128,23566
306,23629
77,23636
164,23663
232,23663
199,23771
158,23940
306,23982
166,24000
234,24000
477,24001
239,24014
514,24057
522,24195
400,24221
522,24228
469,24278
177,24283
66,24289
437,24311
438,24312
469,24341
194,24349
237,24396
356,24420
55,24500
65,24516
521,24519
413,24536
414,24537
173,24674
165,24692
233,24692
479,24720
480,24721
436,24775
437,24776
239,24833
164,24877
232,24877
165,24878
233,24878
326,24937
327,24938
478,24951
479,24952
223,24989
166,25005
234,25005
167,25006
168,25006
167,25007
168,25007
327,25046
165,25102
233,25102
478,25104
171,25170
499,25207
500,25208
469,25243
458,25303
388,25307
389,25308
165,25356
233,25356
166,25357
234,25357
368,25383
521,25432
180,25594
181,25595
482,25632
524,25738
477,25782
412,25843
469,25870
55,25924
522,26045
441,26090
356,26092
474,26098
240,26111
387,26115
521,26147
173,26149
325,26225
368,26235
457,26299
458,26300
197,26357
470,26386
471,26435
92,26486
239,26550
137,26757
285,26765
469,26768
500,26798
139,26828
164,26922
232,26922
184,26923
165,27017
233,27017
458,27047
522,27082
325,27106
486,27116
477,27235
193,27248
472,27312
437,27334
438,27335
240,27359
120,27369
413,27376
414,27377
415,27378
184,27394
223,27395
457,27405
458,27406
437,27485
183,27510
325,27539
514,27650
239,27660
166,27662
234,27662
457,27691
458,27692
469,27708
161,27741
162,27742
163,27743
412,27770
458,27898
128,27981
129,27982
326,27989
152,28015
164,28045
232,28045
479,28066
48,28218
237,28454
479,28519
480,28520
239,28533
522,28547
184,28575
414,28581
167,28677
168,28677
169,28678
235,28678
165,28792
233,28792
166,28878
234,28878
169,28879
235,28879
357,28946
183,28960
152,29031
437,29037
165,29119
233,29119
166,29120
234,29120
477,29237
239,29392
323,29395
324,29396
325,29397
494,29558
166,29698
234,29698
438,29711
166,29774
234,29774
167,29775
168,29775
169,29776
235,29776
171,29792
357,29810
166,29858
234,29858
169,29859
235,29859
440,29865
437,29946
357,29982
83,30062
158,30120
472,30124
137,30126
128,30166
129,30167
183,30176
165,30177
233,30177
65,30279
521,30282
479,30285
480,30286
412,30311
167,30320
168,30320
167,30321
168,30321
239,30348
477,30441
512,30507
513,30508
514,30509
515,30510
479,30535
520,30548
239,30551
49,30554
239,30586
240,30587
479,30611
161,30709
296,30738
521,30754
211,30821
167,30911
168,30911
167,30912
168,30912
521,30939
458,30945
98,30956
183,30977
171,30980
166,30982
234,30982
169,30983
235,30983
511,30997
183,31043
165,31044
233,31044
166,31045
234,31045
76,31071
522,31085
523,31086
524,31087
76,31152
166,31165
234,31165
167,31166
168,31166
477,31167
478,31168
230,31172
438,31201
439,31202
400,31245
522,31247
194,31299
183,31328
165,31329
233,31329
166,31330
234,31330
167,31331
168,31331
521,31357
193,31388
521,31461
387,31482
296,31639
184,31655
169,31665
235,31665
158,31739
326,31825
327,31826
521,31830
522,31831
500,31868
326,31880
159,31890
160,31891
121,31926
438,31958
438,31991
161,31999
163,32000
521,32061
185,32075
327,32076
436,32108
223,32110
167,32116
168,32116
477,32117
159,32215
479,32223
479,32240
522,32279
472,32280
77,32282
171,32301
240,32302
523,32321
185,32375
327,32376
436,32395
437,32396
438,32397
480,32449
183,32451
438,32453
292,32466
469,32549
199,32617
511,32694
161,32751
162,32752
414,32797
222,32835
425,32855
183,32921
171,32924
327,32928
164,32984
232,32984
48,32995
500,32998
170,33122
236,33122
171,33123
222,33124
223,33125
479,33172
306,33187
437,33196
438,33197
357,33287
171,33340
239,33357
183,33378
165,33379
233,33379
439,33482
250,33499
165,33504
233,33504
479,33623
197,33668
239,33722
105,33726
430,33747
65,33760
521,33763
522,33764
500,33770
469,33778
325,33812
438,33873
173,33918
66,33920
469,33943
161,33971
163,33972
356,33991
120,33996
121,33997
163,34097
164,34098
232,34098
165,34099
233,34099
166,34100
234,34100
169,34101
235,34101
159,34127
49,34132
167,34191
168,34191
477,34192
521,34215
513,34276
161,34283
163,34284
164,34285
232,34285
165,34286
233,34286
166,34287
234,34287
477,34288
166,34337
234,34337
48,34339
151,34363
65,34369
66,34370
196,34384
514,34469
180,34563
521,34682
479,34689
521,34702
185,34704
388,34904
183,34970
165,34971
233,34971
170,34973
236,34973
171,34974
222,34975
173,35017
457,35025
458,35026
167,35083
168,35083
169,35084
235,35084
170,35085
236,35085
185,35096
223,35171
412,35207
521,35212
521,35236
356,35332
357,35333
159,35365
521,35395
163,35425
164,35426
232,35426
184,35427
521,35437
479,35462
477,35591
477,35618
509,35703
76,35769
164,35774
232,35774
184,35775
436,35835
223,35837
158,35940
196,35956
197,35957
198,35958
199,35959
472,35987
521,36003
199,36025
180,36102
181,36103
183,36197
165,36198
233,36198
166,36199
234,36199
167,36200
168,36200
167,36201
168,36201
477,36202
120,36244
509,36372
388,36503
389,36504
194,36528
76,36551
437,36563
76,36573
173,36613
478,36620
282,36685
173,36690
161,36699
163,36700
164,36701
232,36701
171,36771
222,36772
49,36806
158,36848
159,36849
472,36920
473,36921
445,36931
520,37084
237,37118
478,37130
166,37253
234,37253
120,37264
121,37265
239,37353
166,37355
234,37355
163,37416
164,37417
232,37417
184,37418
239,37431
222,37432
285,37443
239,37478
327,37537
194,37549
167,37591
168,37591
120,37612
514,37646
478,37685
161,37715
162,37716
163,37717
164,37718
232,37718
493,37720
515,37783
356,37836
357,37837
356,37913
161,38066
162,38067
163,38068
164,38069
232,38069
184,38070
65,38088
521,38091
165,38148
233,38148
167,38165
168,38165
477,38166
223,38189
296,38215
441,38220
438,38274
165,38325
233,38325
167,38392
168,38392
167,38393
168,38393
167,38394
168,38394
440,38412
437,38416
438,38417
223,38434
93,38437
94,38438
95,38439
129,38460
185,38540
387,38787
65,38815
521,38818
384,38938
521,38999
522,39000
98,39010
239,39064
222,39065
223,39105
509,39115
469,39218
438,39375
439,39376
440,39377
441,39378
180,39495
152,39499
150,39532
412,39618
458,39642
469,39649
441,39756
513,39797
514,39810
458,39855
499,39858
414,39867
509,39940
193,39963
194,39964
185,39968
185,40140
185,40198
340,40238
500,40252
127,40409
412,40440
159,40471
160,40472
65,40539
445,40607
521,40736
211,40764
239,40777
469,40883
194,41186
172,41232
199,41262
165,41291
233,41291
166,41292
234,41292
477,41293
413,41329
414,41330
386,41372
49,41382
479,41452
438,41498
306,41505
336,41512
522,41538
48,41556
194,41641
520,41663
521,41664
522,41665
472,41666
520,41669
194,41674
48,41685
49,41686
197,41688
482,41813
509,41875
521,41924
339,41954
65,41977
521,41998
439,42031
440,42032
194,42217
387,42259
390,42266
223,42297
191,42325
247,42333
514,42444
521,42517
522,42518
521,42528
522,42529
472,42530
522,42562
523,42563
524,42564
216,42578
171,42666
48,42669
76,42772
77,42773
194,42796
185,42800
327,42801
524,42808
194,42884
49,42971
50,42972
211,43056
184,43073
336,43102
266,43160
521,43176
327,43193
479,43252
237,43324
120,43331
521,43382
326,43454
327,43455
474,43458
522,43538
472,43539
49,43584
197,43586
327,43628
385,43688
458,43696
76,43704
150,43774
437,43874
171,43876
183,43920
413,43952
414,43953
414,43959
151,43974
437,44006
48,44090
183,44102
165,44103
233,44103
194,44149
55,44162
356,44182
106,44338
107,44339
440,44350
178,44393
179,44394
150,44395
49,44413
229,44512
425,44608
469,44637
194,44659
500,44689
65,44743
128,44773
164,44781
232,44781
441,44819
356,44821
149,44826
326,44881
523,44925
509,45016
165,45043
233,45043
158,45075
159,45076
438,45080
356,45119
161,45142
500,45166
161,45174
120,45201
128,45277
308,45385
438,45412
439,45413
440,45414
441,45415
512,45451
513,45452
514,45453
515,45454
470,45537
479,45583
194,45589
339,45615
441,45653
479,45736
194,45746
478,45788
479,45789
414,45878
196,45915
514,45957
158,45970
197,45995
152,46047
158,46056
159,46057
165,46060
233,46060
500,46078
184,46134
479,46171
512,46174
513,46175
457,46189
458,46190
500,46234
339,46263
121,46370
173,46380
325,46563
194,46593
197,46637
150,46683
159,46722
117,46730
163,46732
164,46733
232,46733
184,46734
521,46746
479,46749
480,46750
441,46847
524,46851
512,47040
513,47041
512,47087
101,47112
102,47113
478,47135
479,47136
480,47137
158,47145
159,47146
441,47159
479,47184
325,47259
48,47350
474,47389
521,47402
522,47403
161,47437
216,47502
513,47525
482,47536
509,47631
159,47667
160,47668
165,47687
233,47687
117,47790
164,47792
232,47792
184,47793
159,47839
165,47842
233,47842
65,47902
477,48051
522,48064
478,48117
413,48119
414,48120
521,48137
163,48231
325,48477
325,48493
509,48567
164,48608
232,48608
171,48611
166,48632
234,48632
477,48633
159,48666
247,48679
159,48696
184,48699
521,48742
522,48743
523,48744
390,48752
479,48778
196,48780
197,48800
171,48835
222,48836
159,48867
127,48957
445,48974
161,48988
163,48989
164,48990
232,48990
165,48991
233,48991
194,49005
479,49086
480,49087
183,49089
165,49090
233,49090
194,49188
65,49208
152,49215
325,49282
437,49328
438,49329
191,49338
469,49342
478,49349
253,49363
521,49429
65,49525
478,49553
514,49649
211,49715
477,49725
500,49758
73,49764
65,49808
183,49824
437,49909
477,49938
523,49992
165,50025
233,50025
158,50036
437,50069
438,50070
412,50113
163,50125
164,50126
232,50126
49,50138
284,50145
437,50282
438,50283
158,50297
325,50372
500,50391
501,50392
325,50406
521,50431
223,50433
117,50483
469,50508
65,50604
327,50638
166,50645
234,50645
477,50646
439,50660
513,50662
479,50776
325,50805
326,50806
479,50817
327,50854
76,50962
120,50981
76,51051
522,51086
514,51098
164,51132
232,51132
184,51133
479,51135
327,51164
509,51183
149,51223
150,51224
151,51225
194,51310
481,51312
184,51321
48,51484
512,51487
194,51552
413,51558
414,51559
439,51636
520,51709
65,51735
387,51747
185,51880
514,51905
120,51925
469,51932
238,51983
238,51985
239,51986
122,52089
445,52186
196,52193
388,52196
152,52244
285,52362
441,52366
239,52381
222,52382
199,52421
223,52427
478,52454
441,52463
436,52539
437,52540
438,52541
469,52705
180,52730
521,52800
357,52806
158,52809
437,52812
436,52869
223,52871
196,53005
441,53013
356,53015
438,53023
161,53102
162,53103
163,53104
164,53105
232,53105
178,53119
179,53120
150,53121
478,53231
479,53232
197,53260
486,53373
479,53424
326,53473
92,53542
128,53577
129,53578
166,53605
234,53605
167,53606
168,53606
48,53608
49,53609
521,53682
458,53693
194,53736
356,53755
479,53757
439,53819
440,53820
441,53821
478,53825
479,53826
458,53834
469,53841
430,53867
514,53882
515,53883
173,54017
522,54105
164,54215
232,54215
184,54216
479,54318
480,54319
522,54459
76,54485
327,54491
158,54641
513,54664
385,54700
425,54732
515,54738
469,54835
161,54855
162,54856
162,54857
163,54858
164,54859
232,54859
165,54860
233,54860
472,54872
486,54915
197,54974
441,55034
165,55063
233,55063
183,55131
474,55231
445,55417
458,55441
120,55462
520,55547
521,55548
524,55634
164,55705
232,55705
184,55706
185,55707
194,55713
472,55751
194,55764
356,55773
182,55790
183,55791
165,55792
233,55792
76,55816
458,55847
481,55940
482,55941
158,56052
325,56088
469,56096
325,56119
415,56120
173,56148
521,56152
472,56210
128,56266
129,56267
481,56282
482,56283
469,56470
173,56508
412,56524
239,56631
240,56632
477,56642
445,56655
194,56699
65,56703
432,56723
432,56741
167,56760
168,56760
163,56767
164,56768
232,56768
438,56786
385,56826
520,56858
185,56878
430,56939
514,56999
185,57012
327,57016
521,57092
239,57100
74,57103
75,57104
120,57206
248,57269
167,57296
168,57296
477,57297
239,57316
222,57317
430,57385
521,57399
522,57400
523,57401
478,57464
479,57465
480,57466
472,57484
340,57492
158,57500
521,57579
437,57614
185,57690
327,57691
473,57756
169,57892
235,57892
184,57896
413,57899
445,57973
356,58012
486,58022
521,58040
250,58097
414,58154
326,58155
327,58156
120,58272
76,58284
180,58289
469,58327
479,58413
173,58580
229,58618
522,58637
513,58654
514,58655
166,58711
234,58711
169,58712
235,58712
239,58741
194,58869
441,58874
356,58876
211,58910
239,58926
222,58927
166,58946
234,58946
167,58947
168,58947
48,58949
513,58954
180,58985
522,59027
458,59062
425,59145
458,59162
239,59172
521,59350
185,59402
327,59403
65,59491
414,59547
325,59577
326,59578
171,59621
222,59622
65,59631
194,59646
471,59682
523,59683
522,59703
65,59762
170,59784
236,59784
171,59785
523,59787
524,59788
