539,10
276,53
121,62
416,82
541,84
77,106
78,107
247,133
78,136
398,162
399,163
160,217
161,218
396,241
252,254
357,264
188,273
186,302
524,303
415,412
531,415
78,418
530,453
531,454
532,455
533,456
342,525
304,532
305,533
306,534
264,559
265,560
266,561
342,562
343,563
75,569
188,582
440,584
151,599
479,605
480,606
265,607
462,619
480,640
254,649
342,655
422,667
430,704
431,705
437,779
541,833
43,834
399,842
345,856
319,905
522,906
523,907
188,924
302,969
279,994
359,1029
253,1044
357,1063
482,1069
483,1070
309,1087
444,1197
445,1198
328,1199
221,1210
302,1223
541,1292
188,1369
522,1370
523,1371
235,1375
272,1400
540,1486
321,1527
113,1552
106,1583
247,1605
248,1606
317,1729
264,1780
265,1781
252,1800
40,1805
343,1832
79,1850
80,1851
356,1970
223,1980
399,2094
400,2095
252,2158
253,2159
494,2166
495,2167
511,2219
252,2267
253,2268
359,2271
416,2325
345,2370
108,2404
109,2405
252,2415
398,2417
253,2473
357,2508
264,2572
265,2573
209,2614
449,2634
252,2652
129,2658
266,2681
342,2682
539,2695
515,2762
306,2850
357,2859
415,2883
541,2884
43,2885
429,2903
79,2922
80,2923
342,2995
343,2996
415,3067
511,3169
43,3237
399,3242
511,3286
340,3329
480,3346
303,3399
264,3426
329,3455
357,3463
272,3584
403,3618
240,3726
416,3755
318,3788
336,3848
530,3927
252,3952
281,4094
336,4100
38,4101
39,4101
252,4103
309,4111
342,4180
336,4204
252,4216
253,4389
212,4432
117,4484
117,4502
356,4521
479,4539
303,4588
304,4589
305,4590
272,4600
422,4710
277,4819
115,4830
281,4842
253,4849
398,4861
355,4897
356,4898
266,4902
342,4903
343,4904
344,4905
75,4934
76,4935
399,4954
186,5046
524,5047
254,5150
345,5158
216,5257
188,5356
342,5374
343,5375
344,5376
130,5392
253,5448
530,5504
531,5505
266,5510
342,5511
336,5601
252,5603
357,5660
482,5681
498,5705
235,5712
267,5716
78,5732
264,5734
265,5735
264,5746
265,5747
479,5755
480,5756
481,5757
336,5868
336,5964
223,5980
224,5981
479,5993
399,6059
511,6092
111,6099
252,6119
342,6162
336,6201
252,6203
253,6204
254,6205
271,6281
272,6282
342,6284
115,6327
253,6409
303,6417
131,6475
216,6568
309,6660
388,6676
416,6798
359,6828
91,6858
482,6876
121,6932
502,6966
130,7048
46,7050
130,7105
46,7107
263,7137
264,7138
531,7225
279,7274
280,7275
75,7280
209,7336
340,7337
263,7338
264,7339
265,7340
266,7341
530,7348
531,7349
401,7383
188,7432
320,7433
398,7526
280,7569
357,7579
272,7604
342,7642
343,7643
209,7654
340,7655
263,7656
94,7658
150,7695
151,7696
152,7697
153,7698
422,7743
480,7746
265,7747
430,7794
431,7795
160,7915
511,7960
356,7976
263,7988
264,7989
481,7990
266,8007
91,8124
511,8165
249,8167
511,8173
512,8174
513,8175
514,8176
398,8219
247,8274
345,8366
263,8579
469,8629
120,8650
121,8651
266,8700
342,8701
343,8702
278,8726
279,8727
266,8784
342,8785
343,8786
252,8840
253,8841
482,8879
389,8891
273,9012
80,9013
398,9014
311,9130
33,9148
266,9185
342,9186
216,9202
273,9204
357,9237
416,9251
264,9262
265,9263
266,9264
342,9319
115,9333
511,9367
342,9409
343,9410
415,9417
541,9418
43,9419
264,9429
302,9455
343,9476
129,9530
130,9531
272,9566
75,9592
479,9640
480,9641
480,9733
265,9734
130,9800
94,9845
279,9937
254,9943
479,9984
480,9985
151,10064
98,10072
99,10073
319,10162
522,10163
268,10252
264,10261
209,10282
280,10292
416,10304
327,10314
328,10315
329,10316
479,10388
342,10486
343,10487
317,10514
318,10515
533,10618
249,10627
415,10746
541,10747
237,10787
356,10821
357,10822
144,10847
302,10877
321,10894
272,11017
117,11111
209,11113
319,11145
235,11157
150,11300
317,11303
318,11304
317,11356
416,11359
266,11370
75,11390
302,11396
188,11425
320,11426
264,11431
192,11485
117,11498
318,11510
78,11576
264,11578
76,11586
479,11590
480,11591
169,11594
130,11629
75,11631
306,11778
44,11806
415,11815
480,11868
265,11869
160,11908
161,11912
186,11936
144,11962
303,11977
151,11990
253,12058
303,12073
431,12148
532,12155
281,12189
253,12204
398,12214
43,12218
79,12228
398,12270
399,12271
309,12433
531,12438
249,12460
534,12461
535,12462
503,12464
389,12469
266,12516
263,12594
359,12600
341,12603
153,12658
430,12689
78,12692
302,12712
216,12775
252,12788
253,12789
130,12801
75,12803
421,12823
264,13024
357,13035
432,13097
388,13114
122,13146
415,13154
416,13155
153,13201
343,13226
160,13266
117,13382
303,13388
152,13424
278,13547
336,13608
38,13609
39,13609
109,13710
188,13713
522,13714
523,13715
524,13716
280,13820
405,13828
398,13845
272,13882
152,13938
531,13974
342,14076
78,14081
224,14129
321,14179
252,14268
253,14269
321,14303
98,14397
99,14398
264,14423
151,14431
494,14540
495,14541
415,14552
416,14553
144,14584
264,14589
265,14590
356,14602
317,14661
318,14662
319,14663
484,14670
485,14671
430,14688
120,14709
494,14723
495,14724
253,14730
81,14743
76,14752
77,14753
264,14772
266,14888
342,14889
208,14897
209,14898
357,14962
358,14963
428,14967
188,14979
320,14980
532,15031
341,15080
91,15086
342,15111
153,15135
81,15157
254,15186
264,15197
265,15198
172,15208
115,15213
342,15222
94,15256
415,15372
541,15373
82,15398
388,15402
389,15403
303,15429
541,15442
43,15443
161,15478
162,15479
507,15485
188,15525
320,15526
321,15527
317,15531
318,15532
266,15569
342,15570
272,15610
302,15620
272,15651
415,15725
264,15761
188,15795
302,15866
272,15885
302,15900
302,15985
266,15989
522,16051
117,16064
75,16086
336,16102
38,16103
39,16103
76,16170
272,16189
302,16199
303,16200
422,16228
430,16265
398,16276
263,16354
306,16413
415,16480
416,16481
306,16619
318,16671
449,16764
480,16925
531,16983
511,16993
512,16994
279,17019
507,17076
271,17082
272,17083
264,17144
358,17253
398,17273
346,17277
342,17293
130,17304
188,17390
479,17393
479,17442
304,17474
479,17503
480,17504
431,17513
399,17605
327,17612
479,17640
253,17723
246,17737
38,17754
39,17754
318,17758
357,17785
358,17786
533,17886
302,17909
43,18022
42,18024
398,18074
439,18091
270,18161
271,18162
437,18196
482,18305
253,18310
117,18314
253,18329
254,18330
479,18443
404,18472
272,18643
280,18660
75,18701
216,18723
276,18808
188,18816
299,18824
264,18828
115,18867
116,18868
117,18869
318,18877
319,18878
340,18916
81,18947
413,18958
414,18959
511,18972
502,19047
359,19129
216,19135
217,19136
266,19172
342,19173
266,19280
342,19281
49,19312
441,19313
264,19412
481,19413
482,19414
169,19453
415,19513
430,19609
344,19676
279,19689
469,19699
117,19843
276,19869
524,19893
479,19913
266,19988
431,20011
188,20042
357,20106
358,20107
263,20116
479,20144
188,20171
522,20172
523,20173
303,20187
359,20260
82,20261
532,20284
531,20313
494,20390
495,20391
81,20407
268,20434
222,20450
188,20498
188,20506
122,20541
121,20560
122,20561
319,20567
398,20619
399,20620
400,20621
272,20651
91,20707
252,20723
398,20725
266,20750
318,20802
130,20834
122,20908
480,20914
345,20927
68,20942
340,21037
263,21038
94,21040
336,21077
75,21210
76,21211
342,21220
43,21226
220,21229
161,21256
44,21291
302,21394
263,21479
431,21491
94,21529
479,21598
480,21599
481,21600
305,21621
306,21622
479,21625
188,21667
524,21737
508,21774
509,21775
33,21958
188,21988
398,22021
216,22039
302,22105
340,22187
341,22188
115,22251
116,22252
117,22253
209,22255
188,22351
320,22352
511,22369
317,22427
130,22429
398,22457
192,22504
185,22516
186,22517
357,22527
343,22574
344,22575
357,22621
252,22626
253,22627
249,22634
318,22638
357,22699
358,22700
280,22743
504,22764
356,22803
192,22870
121,22886
122,22887
343,22895
480,22897
265,22898
272,23034
524,23049
264,23088
265,23089
266,23090
430,23105
511,23120
249,23122
33,23175
79,23217
80,23218
75,23300
108,23306
343,23336
118,23340
521,23340
479,23343
357,23412
532,23519
345,23562
306,23584
264,23614
43,23618
252,23663
346,23665
217,23690
340,23717
263,23718
479,23741
480,23742
481,23743
79,23799
80,23800
444,23805
272,23841
356,23862
479,23936
209,24010
340,24011
275,24016
276,24017
75,24038
303,24160
76,24178
345,24195
76,24205
345,24228
112,24268
113,24269
357,24296
358,24297
111,24326
306,24365
430,24398
398,24406
510,24413
445,24415
221,24499
222,24500
430,24557
306,24583
263,24593
504,24597
303,24613
321,24646
75,24656
303,24688
253,24692
342,24733
264,24738
431,24754
440,24761
117,24836
252,24877
253,24878
216,24906
342,24928
272,24986
273,24987
80,24988
81,24989
82,24990
253,25102
532,25178
267,25199
324,25240
153,25270
152,25343
153,25344
479,25346
253,25356
312,25390
303,25419
258,25428
462,25449
43,25596
357,25780
98,25790
151,25796
152,25797
414,25856
479,25885
222,25924
151,25962
149,25980
150,25981
317,25984
318,25985
415,25991
130,26029
479,26040
345,26045
530,26063
531,26064
532,26065
278,26084
483,26118
271,26129
272,26130
528,26145
529,26146
529,26160
480,26162
76,26291
266,26311
415,26356
416,26357
80,26387
79,26434
346,26436
121,26465
501,26484
324,26585
311,26608
312,26609
357,26642
401,26691
413,26692
480,26695
258,26699
511,26878
153,26906
252,26922
398,26924
437,26931
317,26942
462,27002
253,27017
531,27039
532,27040
188,27050
345,27082
306,27087
109,27118
42,27123
43,27124
272,27140
199,27146
200,27147
98,27148
482,27238
479,27348
507,27373
508,27374
531,27386
81,27395
415,27432
431,27558
33,27573
249,27705
534,27706
336,27741
38,27742
39,27742
263,27768
216,27777
220,27795
221,27796
188,27826
275,27857
303,27866
531,27886
302,27891
439,27917
216,28011
217,28012
502,28028
503,28029
504,28030
252,28045
80,28064
272,28148
341,28153
399,28277
413,28339
480,28345
358,28353
357,28357
303,28369
304,28370
139,28394
185,28505
345,28547
346,28548
266,28554
342,28555
343,28556
185,28583
398,28589
266,28591
303,28788
253,28792
255,28880
399,28897
42,28904
152,28951
153,28952
151,28980
152,28981
153,28982
503,28998
317,29002
318,29003
276,29016
532,29051
330,29116
331,29117
253,29119
507,29130
508,29131
331,29150
115,29177
98,29356
99,29357
303,29367
303,29401
304,29402
305,29403
306,29404
317,29440
306,29513
437,29532
246,29624
247,29625
258,29654
259,29655
480,29683
461,29695
398,29752
480,29759
265,29760
480,29820
265,29821
507,29967
357,29999
309,30008
129,30039
342,30081
343,30082
511,30146
422,30173
253,30177
112,30234
415,30252
301,30264
272,30276
311,30298
312,30299
160,30325
431,30481
33,30513
510,30536
200,30544
98,30545
479,30569
98,30581
303,30595
153,30626
224,30661
336,30709
415,30725
480,30735
400,30737
254,30756
281,30785
341,30788
220,30817
319,30854
320,30855
235,30880
42,31028
253,31044
415,31051
109,31079
110,31080
345,31085
185,31169
186,31170
524,31171
115,31192
116,31193
345,31247
346,31248
342,31257
33,31277
479,31301
253,31329
404,31336
405,31337
398,31340
398,31359
399,31360
152,31372
480,31383
481,31384
210,31387
321,31390
398,31588
262,31624
341,31625
65,31633
263,31645
357,31663
79,31695
80,31696
153,31712
161,31720
479,31735
240,31745
279,31754
345,31831
399,31954
398,31967
399,31968
331,31988
336,31999
398,32063
81,32110
82,32111
246,32178
247,32179
303,32271
342,32276
343,32277
344,32278
345,32279
98,32295
462,32307
343,32350
94,32353
302,32496
255,32529
263,32554
264,32555
357,32648
358,32649
111,32673
444,32698
272,32707
273,32708
80,32709
336,32751
38,32752
39,32752
266,32817
186,32822
398,32836
482,32838
508,32849
422,32864
357,32908
358,32909
399,32911
252,32984
321,33116
254,33121
81,33125
263,33133
254,33203
254,33232
255,33233
511,33250
480,33254
305,33349
306,33350
253,33379
306,33409
271,33440
272,33441
253,33504
415,33667
416,33668
414,33710
511,33735
479,33741
480,33742
481,33743
479,33754
345,33764
264,33774
342,33858
343,33859
399,33902
341,33957
342,33958
336,33971
399,33993
252,34098
253,34099
398,34176
532,34246
336,34283
252,34285
253,34286
254,34293
414,34297
415,34298
235,34343
249,34521
153,34572
33,34691
507,34733
318,34832
264,34893
346,34916
479,34936
480,34937
253,34971
254,34972
398,34976
415,35013
302,35068
240,35073
106,35086
188,35134
522,35135
81,35171
82,35172
263,35205
319,35285
82,35334
303,35337
303,35421
252,35426
398,35428
80,35431
524,35512
428,35667
330,35675
130,35683
303,35742
153,35745
252,35774
264,35821
81,35837
343,35864
431,35887
430,35898
416,35957
275,36005
342,36072
503,36115
504,36116
249,36124
79,36129
264,36153
253,36198
359,36203
263,36206
273,36211
80,36212
117,36248
135,36284
137,36285
249,36294
301,36366
224,36438
276,36490
212,36499
480,36522
265,36523
264,36525
481,36526
482,36527
306,36578
479,36581
79,36611
445,36639
328,36640
263,36647
336,36699
252,36701
511,36731
263,36740
398,36773
511,36791
511,36905
160,36958
264,36964
265,36965
266,36966
303,37006
263,37061
303,37116
224,37175
98,37180
302,37193
276,37202
342,37206
429,37217
430,37218
480,37320
265,37321
107,37325
511,37332
279,37348
252,37417
398,37433
100,37439
318,37463
319,37464
522,37465
523,37466
280,37504
94,37534
271,37546
276,37557
151,37582
152,37583
507,37594
508,37595
329,37657
515,37704
336,37715
38,37716
39,37716
252,37718
306,37772
264,37805
151,37821
82,37838
341,37868
342,37869
209,37878
462,37891
266,37916
188,37938
320,37939
479,37955
341,38012
303,38061
336,38066
38,38067
39,38067
252,38069
319,38120
320,38121
321,38122
399,38127
253,38148
359,38150
263,38153
264,38154
81,38189
264,38212
400,38214
42,38216
253,38325
341,38383
493,38387
437,38403
79,38432
80,38433
81,38434
398,38511
479,38523
263,38559
264,38560
430,38597
431,38598
200,38614
98,38615
151,38699
508,38769
275,38820
79,38851
274,38852
249,38862
533,38894
272,38904
153,38926
389,38967
345,39000
399,39036
81,39105
82,39106
356,39141
247,39231
160,39281
399,39288
302,39345
303,39346
130,39361
319,39366
388,39419
186,39424
388,39533
273,39596
80,39597
247,39627
317,39657
318,39658
279,39718
424,39746
422,39768
480,39823
265,39824
80,39826
398,39827
266,39829
303,39905
480,39934
481,39935
440,39950
402,40007
504,40017
399,40035
209,40099
76,40118
188,40130
309,40145
121,40176
98,40202
111,40211
153,40249
160,40260
237,40265
480,40361
265,40362
266,40363
267,40364
268,40365
299,40397
300,40398
301,40399
319,40416
320,40417
321,40418
399,40423
151,40432
264,40436
265,40437
342,40478
421,40500
264,40555
481,40556
482,40557
276,40563
277,40564
278,40565
359,40578
82,40579
188,40638
358,40643
541,40649
216,40673
356,40783
357,40784
479,40866
485,40888
43,40920
311,40972
530,41030
531,41031
532,41032
481,41096
303,41110
235,41116
482,41185
319,41226
320,41227
321,41228
481,41244
200,41284
98,41285
253,41291
265,41310
266,41311
302,41316
275,41367
276,41368
208,41373
209,41374
210,41375
249,41408
33,41454
153,41500
345,41538
266,41573
117,41628
117,41637
511,41643
345,41665
480,41671
481,41672
482,41673
511,41676
416,41688
94,41717
216,41730
430,41799
431,41800
115,41806
117,41850
264,41869
276,41886
479,41916
480,41917
398,41926
216,41948
343,41982
305,42001
415,42092
541,42093
43,42094
188,42189
480,42214
481,42215
482,42216
511,42228
247,42236
79,42295
80,42296
81,42297
82,42298
303,42301
264,42317
266,42343
398,42350
531,42357
247,42408
504,42415
415,42427
541,42428
43,42429
421,42486
422,42487
345,42518
346,42519
345,42529
345,42562
42,42629
531,42660
153,42685
511,42750
482,42795
479,42816
480,42817
265,42818
266,42819
192,42823
415,42839
541,42840
264,42848
482,42883
235,42944
479,43017
265,43041
266,43042
342,43043
343,43044
99,43064
310,43067
319,43086
268,43187
188,43222
522,43223
484,43224
485,43225
479,43254
480,43255
511,43272
497,43299
188,43304
271,43316
389,43328
439,43399
303,43409
345,43538
91,43545
416,43586
306,43605
263,43638
144,43775
278,43830
532,43836
533,43837
534,43838
135,43845
137,43846
415,43912
301,43933
302,43934
185,43961
186,43962
399,43999
253,44103
254,44104
222,44162
115,44195
415,44305
541,44306
271,44330
264,44345
265,44346
388,44396
415,44434
235,44475
236,44476
237,44477
344,44525
98,44592
264,44617
303,44649
317,44652
318,44653
479,44661
217,44705
111,44745
462,44752
252,44781
79,44809
274,44810
275,44811
431,44885
272,45031
253,45043
336,45142
336,45174
324,45198
533,45215
511,45234
266,45250
439,45289
266,45323
342,45324
528,45328
264,45377
265,45378
272,45469
185,45490
479,45585
480,45586
481,45587
482,45588
272,45617
515,45623
463,45624
276,45658
277,45659
278,45660
357,45667
302,45696
449,45705
275,45708
357,45786
358,45787
46,45793
303,45892
160,45899
439,45904
415,45994
416,45995
217,46044
121,46049
253,46060
398,46135
511,46146
482,46254
317,46432
318,46433
100,46454
43,46540
249,46545
108,46578
153,46623
479,46631
480,46632
416,46637
272,46656
263,46661
356,46686
252,46733
398,46735
399,46736
129,46790
541,46792
43,46793
42,46795
43,46796
240,46873
117,46880
181,46979
42,47071
360,47175
344,47181
309,47189
278,47231
272,47252
117,47351
118,47352
521,47352
320,47353
399,47392
345,47403
336,47437
524,47534
430,47590
530,47656
531,47657
532,47658
253,47687
254,47688
303,47701
462,47716
188,47729
522,47730
523,47731
252,47792
398,47794
479,47822
480,47823
265,47824
266,47825
342,47826
253,47842
272,47876
317,47960
480,47967
511,47996
218,48061
345,48064
346,48065
265,48099
254,48150
398,48158
151,48172
511,48248
535,48273
272,48302
273,48303
80,48304
398,48305
507,48323
508,48324
398,48388
482,48390
441,48411
263,48462
264,48463
480,48600
400,48602
252,48608
151,48735
345,48743
398,48766
398,48784
479,48793
480,48794
265,48795
266,48796
342,48797
416,48800
398,48837
272,48845
188,48853
119,48854
189,48854
115,48876
192,48886
480,48934
265,48935
266,48936
530,48982
531,48983
336,48988
252,48990
253,48991
75,49039
76,49040
253,49090
249,49117
463,49207
480,49246
265,49247
266,49248
511,49304
141,49325
495,49326
266,49383
342,49384
343,49385
117,49454
109,49463
327,49484
272,49494
482,49510
483,49511
523,49512
524,49513
272,49522
530,49528
531,49529
82,49560
431,49565
422,49568
235,49601
151,49660
481,49670
532,49755
533,49756
342,49780
272,49805
220,49829
172,49846
249,49849
250,49850
415,49869
75,49897
188,49901
399,49940
253,50025
153,50072
252,50126
531,50142
263,50186
302,50260
480,50268
265,50269
43,50303
483,50412
81,50433
263,50436
264,50437
265,50438
266,50439
340,50452
263,50453
115,50461
422,50466
275,50500
276,50501
359,50647
321,50686
304,50689
531,50752
511,50786
249,50788
534,50789
535,50790
479,50819
480,50820
266,50841
342,50842
306,50875
152,50948
341,50999
235,51043
236,51044
345,51086
415,51110
252,51132
302,51161
258,51211
259,51212
479,51232
302,51383
309,51399
310,51400
117,51485
112,51506
113,51507
114,51508
115,51509
116,51510
188,51524
479,51539
480,51540
280,51548
122,51572
79,51606
274,51607
303,51634
188,51656
119,51657
189,51657
120,51658
463,51734
532,51745
319,51962
119,51963
189,51963
153,52011
479,52085
188,52095
479,52098
357,52163
358,52164
272,52173
272,52182
220,52210
192,52245
308,52355
398,52383
81,52427
263,52430
303,52603
264,52608
265,52609
115,52637
116,52638
117,52639
118,52640
521,52640
119,52641
189,52641
153,52686
268,52690
263,52715
280,52738
268,52747
82,52770
249,52792
355,52817
81,52871
360,52872
303,52897
75,52982
76,52983
272,53000
341,53039
480,53076
336,53102
38,53103
39,53103
252,53105
404,53133
331,53135
249,53152
302,53164
356,53195
266,53199
281,53213
249,53245
534,53246
416,53260
541,53262
511,53267
49,53433
248,53504
209,53541
221,53594
281,53597
151,53661
258,53668
259,53669
511,53706
160,53719
161,53720
482,53735
431,53766
522,53847
523,53848
524,53849
33,53861
532,53940
280,53993
111,54020
264,54044
265,54045
479,54053
480,54054
532,54102
345,54105
240,54111
356,54147
541,54157
281,54197
252,54215
398,54217
188,54268
200,54291
399,54336
188,54380
250,54416
280,54436
345,54459
330,54467
399,54505
400,54506
480,54579
415,54627
342,54632
343,54633
357,54658
358,54659
302,54709
480,54723
188,54763
76,54844
336,54855
38,54856
39,54856
38,54857
39,54857
252,54859
253,54860
188,54875
115,54901
109,54917
415,54973
416,54974
188,54982
522,54983
508,54994
509,54995
253,55063
398,55070
162,55095
507,55134
531,55148
532,55149
533,55150
250,55151
399,55190
481,55226
441,55358
272,55362
115,55414
399,55459
266,55467
111,55559
479,55607
480,55608
265,55609
266,55610
252,55705
482,55712
399,55732
400,55733
276,55740
541,55789
253,55792
254,55793
511,55829
111,55892
511,55925
43,56009
342,56034
151,56078
399,56090
398,56154
265,56249
341,56258
342,56259
160,56272
405,56313
405,56342
188,56429
479,56432
153,56571
161,56594
399,56644
479,56671
480,56672
265,56673
160,56677
252,56768
153,56788
404,56794
265,56820
266,56821
342,56822
534,56828
480,56860
265,56861
266,56862
265,56870
266,56871
221,56995
480,57051
481,57052
398,57066
398,57094
531,57165
532,57166
342,57193
76,57286
398,57318
301,57346
302,57347
345,57400
188,57550
305,57616
329,57631
330,57632
153,57647
462,57654
356,57753
535,57765
80,57774
531,57780
532,57781
479,57804
480,57805
265,57806
357,57864
530,57871
531,57872
531,57914
532,57915
533,57916
479,57948
258,58006
259,58007
223,58063
496,58186
321,58363
216,58408
273,58410
80,58411
264,58473
300,58546
301,58547
302,58548
76,58571
345,58637
346,58638
493,58706
494,58707
495,58708
117,58744
118,58745
521,58745
117,58778
263,58865
264,58866
481,58867
482,58868
185,58878
186,58879
301,58901
302,58902
303,58903
357,58967
398,58989
345,59027
98,59053
247,59131
188,59153
100,59204
302,59209
79,59251
80,59252
302,59296
528,59314
529,59315
530,59316
531,59317
122,59399
442,59433
355,59567
356,59568
249,59610
480,59655
265,59656
209,59666
340,59667
263,59668
235,59693
345,59703
302,59742
276,59745
277,59746
278,59747
357,59782
