289,160
179,161
290,161
107,171
151,302
152,303
125,366
383,366
384,367
221,368
222,368
221,369
222,369
221,370
222,370
125,381
383,381
180,403
177,413
297,415
296,453
297,454
298,455
392,473
140,480
119,506
112,522
113,523
214,523
114,524
115,525
140,545
115,562
116,563
137,573
402,646
219,648
334,648
112,652
113,653
214,653
114,654
115,655
432,656
220,797
335,797
221,798
222,798
417,827
176,832
136,908
295,908
384,936
221,937
222,937
221,938
222,938
320,943
124,969
125,970
383,970
126,971
458,974
459,975
137,979
381,1007
382,1008
425,1043
221,1065
222,1065
124,1223
125,1224
383,1224
283,1285
219,1301
334,1301
246,1355
114,1383
139,1385
194,1436
126,1458
117,1461
384,1481
246,1574
247,1575
456,1575
457,1576
384,1580
136,1589
295,1589
180,1594
455,1649
247,1650
456,1650
137,1653
125,1725
383,1725
425,1814
426,1815
116,1832
337,1841
242,1850
236,1851
237,1852
125,1875
383,1875
384,1876
117,2070
322,2123
194,2151
384,2199
221,2200
222,2200
220,2269
335,2269
384,2277
221,2278
222,2278
221,2279
222,2279
63,2326
282,2369
244,2371
249,2373
194,2463
425,2472
221,2489
222,2489
221,2490
222,2490
221,2491
222,2491
221,2492
222,2492
221,2493
222,2493
220,2523
335,2523
223,2524
314,2584
373,2590
137,2598
426,2653
115,2682
219,2825
334,2825
220,2826
335,2826
178,2888
179,2889
290,2889
242,2922
236,2923
329,2926
109,2939
125,2960
383,2960
126,2961
127,2962
114,2994
115,2995
116,2996
177,3068
382,3102
137,3147
109,3174
244,3193
306,3314
235,3330
256,3384
425,3412
221,3465
222,3465
221,3466
222,3466
221,3467
222,3467
192,3490
190,3593
426,3633
140,3644
417,3648
322,3665
425,3668
213,3712
113,3713
214,3713
114,3714
347,3729
63,3756
333,3865
237,3867
402,3883
220,3888
335,3888
223,3889
296,3927
247,4019
456,4019
247,4071
456,4071
137,4074
180,4105
181,4106
220,4138
335,4138
221,4139
222,4139
425,4174
115,4180
432,4181
125,4192
383,4192
426,4217
220,4281
335,4281
180,4304
219,4349
334,4349
219,4357
334,4357
220,4390
335,4390
176,4435
125,4440
383,4440
126,4482
220,4498
335,4498
221,4499
222,4499
247,4596
456,4596
165,4652
109,4752
402,4795
244,4798
209,4805
210,4824
425,4848
220,4850
335,4850
256,4860
397,4881
115,4903
116,4904
192,4930
193,4931
220,4951
335,4951
202,5045
151,5046
152,5047
210,5170
387,5177
396,5177
397,5178
180,5225
125,5228
383,5228
178,5270
179,5271
290,5271
180,5272
212,5278
246,5299
247,5300
456,5300
115,5374
116,5375
314,5377
333,5496
219,5497
334,5497
296,5504
297,5505
115,5511
320,5514
126,5550
282,5611
179,5612
290,5612
457,5674
243,5737
425,5787
165,5809
166,5810
428,5810
237,5825
209,5845
306,5897
402,6103
115,6162
432,6163
213,6166
440,6256
114,6283
115,6284
320,6287
306,6314
125,6345
383,6345
384,6363
221,6364
222,6364
108,6404
109,6405
387,6422
396,6422
397,6423
179,6448
290,6448
180,6449
282,6468
457,6484
256,6515
247,6708
456,6708
137,6711
315,6861
241,6905
241,6988
112,7067
297,7225
472,7276
296,7348
297,7349
320,7487
261,7496
282,7524
179,7525
290,7525
455,7538
125,7610
383,7610
115,7642
116,7643
317,7698
387,7706
396,7706
397,7707
213,7783
113,7784
214,7784
402,7858
403,7859
163,7943
394,7977
395,7978
137,8001
112,8113
113,8114
214,8114
219,8126
334,8126
282,8192
179,8193
290,8193
180,8194
402,8206
246,8213
247,8214
456,8214
179,8218
290,8218
348,8320
333,8375
237,8377
457,8386
333,8464
315,8466
180,8532
126,8544
117,8547
306,8566
125,8674
383,8674
112,8692
115,8701
116,8702
108,8728
115,8785
116,8786
220,8842
335,8842
137,8928
137,8937
236,9013
455,9057
247,9058
456,9058
457,9059
434,9070
140,9146
115,9186
243,9205
393,9236
112,9241
113,9242
214,9242
115,9319
139,9364
140,9365
321,9387
213,9406
113,9407
214,9407
114,9408
115,9409
116,9410
124,9455
116,9476
163,9482
473,9490
140,9638
137,9665
458,9686
459,9687
137,9777
425,9822
315,9824
108,9938
109,9939
247,9952
456,9952
418,9981
320,10097
194,10143
464,10145
108,10187
109,10188
137,10250
238,10325
140,10367
247,10399
456,10399
210,10403
434,10430
380,10437
381,10438
382,10439
125,10440
383,10440
126,10441
115,10486
116,10487
117,10488
213,10630
113,10631
214,10631
114,10632
210,10642
380,10752
381,10753
382,10754
125,10755
383,10755
126,10756
348,10792
63,10843
64,10844
219,10857
334,10857
124,10877
117,10899
180,10915
246,10937
247,10938
456,10938
457,10939
209,11016
202,11044
126,11049
434,11057
320,11079
321,11080
322,11081
425,11084
473,11266
63,11360
320,11361
220,11379
335,11379
221,11380
222,11380
124,11396
210,11506
211,11507
384,11528
179,11551
290,11551
454,11609
463,11609
111,11620
112,11621
247,11635
456,11635
382,11729
457,11793
137,11802
432,11804
433,11825
282,11849
179,11850
290,11850
180,11851
319,11921
434,11930
150,11935
151,11936
210,11945
402,11965
126,12027
127,12028
177,12053
382,12072
298,12155
108,12179
179,12213
290,12213
242,12228
394,12310
395,12311
220,12324
335,12324
297,12438
221,12550
222,12550
336,12551
385,12551
337,12552
179,12573
290,12573
180,12574
125,12598
383,12598
316,12657
317,12658
138,12661
124,12712
220,12790
335,12790
221,12791
222,12791
127,12793
402,12922
403,12923
127,12979
137,12990
106,13013
112,13021
113,13022
214,13022
138,13048
139,13049
140,13050
64,13070
125,13120
383,13120
228,13125
229,13126
191,13146
114,13167
316,13200
317,13201
386,13217
116,13226
394,13263
402,13279
403,13280
195,13337
165,13473
213,13563
249,13693
152,13716
190,13726
210,13803
107,13819
425,13865
315,13867
258,13900
114,13920
297,13974
246,14038
247,14039
456,14039
137,14042
237,14067
434,14073
115,14076
117,14120
246,14154
247,14438
456,14438
219,14543
334,14543
329,14547
347,14564
432,14628
179,14742
290,14742
257,14743
291,14743
247,14861
456,14861
247,14880
456,14880
115,14889
432,14890
213,14940
109,14972
322,14998
298,15031
315,15089
213,15108
113,15109
214,15109
114,15110
115,15111
472,15123
317,15135
257,15157
291,15157
125,15164
383,15164
337,15166
115,15222
282,15424
179,15425
290,15425
180,15426
119,15435
211,15493
212,15494
115,15570
124,15620
315,15635
177,15660
162,15711
347,15713
256,15755
237,15756
212,15764
402,15773
108,15820
348,15846
402,15855
403,15856
124,15866
123,15899
124,15900
125,15901
383,15901
126,15902
386,15944
387,15945
396,15945
397,15946
124,15985
384,16061
210,16091
181,16165
124,16199
138,16257
220,16429
335,16429
127,16431
263,16465
373,16476
63,16482
137,16526
432,16528
112,16570
219,16657
334,16657
457,16683
223,16734
220,16819
335,16819
221,16820
222,16820
425,16837
426,16838
282,16866
137,16895
258,16900
377,16921
297,16983
282,17008
179,17009
290,17009
180,17010
137,17048
114,17084
243,17276
140,17279
115,17293
179,17336
290,17336
125,17355
383,17355
434,17363
179,17384
290,17384
457,17462
189,17469
316,17485
138,17499
139,17500
140,17501
63,17508
322,17517
136,17532
295,17532
314,17547
125,17571
383,17571
177,17586
178,17587
179,17588
290,17588
180,17589
402,17625
425,17722
229,17738
414,17751
123,17908
124,17909
180,17939
126,18004
438,18037
244,18063
256,18073
420,18133
348,18156
210,18163
192,18189
392,18227
220,18311
335,18311
175,18391
108,18426
402,18527
244,18530
162,18567
125,18573
383,18573
382,18619
125,18620
383,18620
64,18630
110,18669
465,18734
106,18741
289,18884
179,18885
290,18885
180,18886
112,18907
257,18947
291,18947
137,19031
192,19124
258,19130
259,19131
115,19173
126,19190
434,19197
139,19219
372,19221
373,19222
115,19281
432,19282
256,19334
180,19335
347,19379
179,19392
290,19392
282,19417
179,19418
290,19418
249,19469
418,19611
382,19671
125,19672
383,19672
126,19673
100,19679
305,19683
402,19715
403,19716
384,19818
127,19820
166,19821
428,19821
434,19833
457,19851
152,19893
117,20054
125,20121
383,20121
384,20122
221,20123
222,20123
126,20220
336,20234
385,20234
386,20235
298,20284
297,20313
179,20406
290,20406
257,20407
291,20407
457,20523
191,20541
472,20552
473,20553
191,20561
209,20650
282,20674
179,20675
290,20675
219,20709
334,20709
402,20766
434,20809
435,20810
402,20880
219,20882
334,20882
191,20908
192,20909
193,20910
289,20926
282,20947
137,20990
377,21010
261,21069
402,21090
219,21092
334,21092
220,21093
335,21093
223,21094
402,21161
180,21164
115,21220
179,21245
290,21245
384,21347
221,21348
222,21348
138,21362
139,21363
436,21372
124,21394
384,21418
427,21486
382,21512
247,21518
456,21518
247,21539
456,21539
282,21687
140,21705
152,21737
434,21778
209,21802
66,21835
219,21845
334,21845
220,21846
335,21846
384,21863
194,21897
454,21913
463,21913
455,21914
246,21935
247,21936
456,21936
176,21949
177,21950
178,21951
283,21952
402,21997
402,22006
403,22007
114,22041
124,22105
125,22106
383,22106
220,22128
335,22128
137,22193
137,22235
213,22336
113,22337
214,22337
114,22338
386,22469
418,22502
151,22517
386,22529
455,22535
247,22536
456,22536
457,22537
116,22574
414,22623
386,22629
258,22649
259,22650
139,22667
125,22774
383,22774
426,22808
244,22809
126,22866
191,22887
137,22893
116,22895
117,22896
245,22920
220,22929
335,22929
220,22955
335,22955
125,22969
383,22969
386,22971
152,23049
125,23083
383,23083
237,23144
417,23183
418,23184
434,23188
242,23217
236,23218
457,23263
347,23268
387,23291
396,23291
116,23336
313,23498
215,23517
298,23519
381,23537
382,23538
348,23545
137,23556
313,23561
427,23563
137,23655
426,23664
459,23673
242,23799
236,23800
402,23884
394,23909
395,23910
220,24000
335,24000
179,24045
290,24045
392,24059
402,24116
403,24117
404,24118
178,24194
313,24227
427,24229
315,24312
401,24316
402,24317
418,24400
136,24461
295,24461
125,24526
383,24526
126,24527
418,24559
219,24607
334,24607
337,24609
333,24672
115,24733
211,24785
212,24786
215,24908
114,24927
115,24928
236,24988
257,24989
291,24989
220,25005
335,25005
221,25006
222,25006
221,25007
222,25007
223,25008
435,25020
425,25101
126,25131
427,25172
298,25178
194,25226
317,25270
306,25272
317,25344
220,25357
335,25357
336,25358
385,25358
386,25359
322,25401
219,25404
334,25404
427,25440
337,25445
282,25465
283,25466
454,25527
463,25527
455,25528
247,25529
456,25529
134,25607
246,25641
247,25642
456,25642
282,25691
314,25692
126,25736
125,25763
383,25763
354,25799
320,25858
210,25867
209,25920
215,25928
137,25946
125,25974
383,25974
282,26044
296,26063
297,26064
298,26065
109,26108
282,26257
314,26258
440,26333
434,26373
455,26377
247,26378
456,26378
236,26387
180,26388
242,26434
243,26435
241,26507
471,26632
320,26656
239,26745
126,26754
194,26771
464,26786
140,26852
317,26906
314,26939
391,26999
425,27016
386,27019
297,27039
298,27040
414,27063
136,27150
295,27150
137,27151
382,27195
384,27234
322,27252
465,27284
244,27312
315,27335
297,27386
322,27390
425,27393
257,27395
291,27395
258,27396
259,27397
181,27417
177,27433
377,27506
138,27516
106,27609
107,27610
220,27662
335,27662
223,27663
134,27682
135,27683
136,27684
295,27684
454,27696
463,27696
434,27707
64,27784
297,27886
124,27891
125,27892
383,27892
209,27919
210,27920
211,27921
473,27948
473,27983
209,28001
241,28058
235,28063
236,28064
125,28079
383,28079
140,28101
117,28177
137,28320
136,28486
295,28486
178,28546
115,28555
116,28556
237,28576
112,28624
125,28675
383,28675
384,28676
221,28677
222,28677
333,28697
401,28772
425,28775
219,28853
334,28853
140,28857
135,28863
136,28864
295,28864
220,28878
335,28878
317,28952
317,28982
219,29013
334,29013
125,29026
383,29026
298,29051
299,29052
210,29072
202,29102
203,29103
220,29120
335,29120
418,29201
282,29214
393,29314
382,29366
283,29463
194,29523
178,29551
179,29552
290,29552
380,29631
473,29647
241,29657
241,29677
220,29698
335,29698
223,29699
315,29711
282,29729
314,29730
179,29751
290,29751
220,29774
335,29774
221,29775
222,29775
220,29858
335,29858
333,29896
37,29903
37,29904
37,29905
37,29906
37,29907
37,29908
37,29909
37,29910
37,29911
37,29912
37,29913
37,29914
37,29915
37,29916
37,29917
37,29918
37,29919
37,29920
37,29921
37,29922
37,29923
37,29924
37,29925
37,29926
165,30070
166,30071
428,30071
115,30081
116,30082
368,30112
369,30113
244,30124
473,30168
179,30283
290,30283
384,30319
221,30320
222,30320
221,30321
222,30321
336,30322
385,30322
414,30344
137,30435
140,30469
63,30530
136,30583
295,30583
299,30590
125,30603
383,30603
317,30626
239,30667
283,30780
247,30805
456,30805
246,30807
247,30808
456,30808
246,30810
247,30811
456,30811
111,30841
112,30842
384,30910
221,30911
222,30911
221,30912
222,30912
223,30913
283,30940
410,30964
411,30965
220,30982
335,30982
220,31045
335,31045
223,31046
246,31069
247,31070
456,31070
457,31071
458,31072
459,31073
457,31152
458,31153
220,31165
335,31165
221,31166
222,31166
151,31170
152,31171
153,31172
117,31195
315,31201
289,31246
114,31256
115,31257
432,31258
432,31272
433,31273
118,31283
119,31284
220,31330
335,31330
221,31331
222,31331
179,31358
290,31358
193,31377
373,31441
306,31457
125,31468
383,31468
100,31492
373,31516
125,31550
383,31550
386,31552
249,31628
242,31695
236,31696
316,31711
317,31712
114,31730
139,31732
140,31733
427,31743
137,31857
219,31900
334,31900
315,31958
333,31965
315,31991
386,32023
179,32062
290,32062
178,32067
257,32110
291,32110
125,32114
383,32114
384,32115
221,32116
222,32116
110,32187
282,32225
179,32226
290,32226
180,32227
247,32253
456,32253
115,32276
116,32277
244,32280
137,32348
116,32350
117,32351
178,32373
179,32374
290,32374
315,32397
373,32427
315,32453
124,32496
256,32538
237,32539
109,32579
249,32666
236,32709
237,32710
314,32730
151,32822
107,32978
108,32979
109,32980
125,32993
383,32993
126,32994
213,32999
113,33000
214,33000
139,33042
257,33125
291,33125
402,33144
315,33197
373,33221
435,33318
140,33362
282,33364
283,33365
265,33415
314,33447
212,33463
213,33464
113,33465
214,33465
425,33503
373,33630
135,33649
177,33670
178,33671
283,33672
282,33690
213,33771
113,33772
214,33772
107,33782
108,33783
125,33785
383,33785
320,33799
114,33857
115,33858
116,33859
117,33860
118,33861
119,33862
315,33873
247,33883
456,33883
125,33899
383,33899
427,33935
119,33946
115,33958
192,34029
193,34030
219,34069
334,34069
402,34086
220,34100
335,34100
194,34110
425,34129
426,34130
177,34134
178,34135
179,34136
290,34136
261,34145
384,34190
221,34191
222,34191
298,34246
219,34254
334,34254
220,34287
335,34287
432,34316
220,34337
335,34337
136,34379
295,34379
177,34385
387,34405
396,34405
317,34572
314,34683
179,34703
290,34703
210,34711
114,34755
139,34808
246,34837
247,34838
456,34838
209,34854
261,34927
177,35014
178,35015
124,35068
125,35069
383,35069
126,35070
127,35071
347,35076
125,35081
383,35081
384,35082
221,35083
222,35083
402,35114
347,35151
137,35159
257,35171
291,35171
179,35213
290,35213
237,35214
126,35321
236,35431
180,35432
283,35438
306,35464
320,35504
135,35511
152,35512
384,35617
177,35644
426,35652
125,35694
383,35694
316,35744
317,35745
457,35769
180,35776
459,35801
435,35825
64,35831
257,35837
291,35837
241,35857
116,35864
117,35865
402,35963
333,35985
244,35987
114,36057
115,36072
322,36100
242,36129
220,36199
335,36199
221,36200
222,36200
221,36201
222,36201
236,36212
237,36213
381,36263
247,36269
456,36269
382,36377
402,36407
333,36467
457,36551
457,36573
242,36611
426,36702
137,36724
425,36768
337,36914
244,36920
245,36921
246,36922
247,36923
456,36923
249,36969
241,37079
256,37112
180,37113
123,37192
124,37193
114,37205
115,37206
432,37207
401,37226
425,37229
220,37253
335,37253
336,37254
385,37254
386,37255
220,37355
335,37355
223,37356
472,37383
109,37473
336,37490
385,37490
386,37491
434,37564
125,37589
383,37589
384,37590
221,37591
222,37591
223,37592
229,37642
259,37747
401,37818
402,37819
125,37841
383,37841
126,37842
115,37869
432,37870
282,37905
401,37922
402,37923
125,37959
383,37959
392,38002
202,38023
179,38092
290,38092
180,38093
384,38164
221,38165
222,38165
257,38189
291,38189
368,38196
247,38253
456,38253
315,38274
384,38391
221,38392
222,38392
221,38393
222,38393
221,38394
222,38394
249,38398
402,38414
315,38417
242,38432
236,38433
257,38434
291,38434
256,38530
282,38538
179,38539
290,38539
150,38589
402,38604
242,38851
114,38905
392,38921
393,38922
316,38925
317,38926
427,39001
237,39066
257,39105
291,39105
125,39200
383,39200
434,39217
108,39245
391,39283
392,39284
393,39285
124,39345
315,39375
139,39390
425,39396
426,39397
202,39423
151,39424
136,39425
295,39425
139,39537
219,39544
334,39544
337,39546
236,39597
228,39626
136,39677
295,39677
192,39697
193,39698
108,39719
236,39826
202,39922
282,39966
179,39967
290,39967
114,39982
320,40085
108,40183
125,40185
383,40185
256,40197
317,40249
213,40475
113,40476
214,40476
114,40477
115,40478
125,40485
383,40485
209,40521
138,40605
139,40606
177,40631
178,40632
283,40633
373,40720
434,40768
140,40879
434,40882
202,40886
110,40925
209,40947
210,40948
108,40986
246,41026
247,41027
456,41027
296,41030
297,41031
298,41032
381,41053
110,41055
108,41100
106,41127
107,41128
381,41136
382,41144
209,41159
220,41292
335,41292
124,41316
125,41317
383,41317
136,41336
295,41336
218,41365
194,41433
314,41497
315,41498
316,41499
317,41500
244,41666
125,41683
383,41683
126,41684
63,41689
136,41714
295,41714
219,41742
334,41742
125,41789
383,41789
402,41823
179,41925
290,41925
194,41952
195,41953
137,41980
116,41982
117,41983
202,41985
314,41999
176,42014
177,42015
178,42016
179,42017
290,42017
427,42026
402,42034
219,42069
334,42069
179,42109
290,42109
180,42110
181,42128
228,42235
368,42291
369,42292
242,42295
236,42296
257,42297
291,42297
313,42348
179,42349
290,42349
297,42357
434,42370
125,42437
383,42437
244,42530
313,42561
110,42642
297,42660
117,42671
317,42685
117,42718
125,42726
383,42726
457,42772
125,42791
383,42791
282,42798
179,42799
290,42799
139,42821
241,42909
247,42922
456,42922
426,42969
209,42980
346,43009
229,43013
115,43043
116,43044
117,43045
180,43074
432,43145
179,43177
290,43177
180,43178
401,43296
402,43297
210,43317
210,43351
179,43383
290,43383
237,43384
209,43401
119,43471
125,43529
383,43529
176,43535
177,43536
178,43537
244,43539
282,43624
457,43704
402,43778
298,43836
124,43934
256,43949
151,43962
402,44004
139,44468
136,44594
295,44594
432,44606
213,44624
434,44636
108,44674
163,44693
164,44694
381,44747
320,44771
321,44772
426,44782
242,44809
107,44824
417,44939
418,44940
246,44976
247,44977
456,44977
137,44980
464,45011
209,45030
215,45032
139,45054
140,45055
425,45078
315,45080
237,45099
246,45152
247,45153
456,45153
108,45317
125,45319
383,45319
115,45324
202,45381
315,45412
435,45496
195,45614
210,45681
320,45693
321,45694
124,45696
125,45697
383,45697
306,45716
209,45906
178,45981
411,46017
425,46059
459,46071
460,46072
213,46079
137,46121
337,46161
194,46261
195,46262
165,46301
178,46310
347,46359
209,46388
210,46389
387,46587
396,46587
317,46623
459,46706
460,46707
179,46747
290,46747
305,46930
261,47152
210,47155
179,47182
290,47182
114,47313
229,47321
384,47348
246,47386
247,47387
456,47387
246,47398
247,47399
456,47399
152,47534
140,47568
282,47570
283,47571
417,47614
418,47615
296,47656
297,47657
298,47658
108,47699
415,47780
115,47826
425,47841
320,47853
194,47871
114,47877
219,47918
334,47918
178,48063
179,48138
290,48138
333,48148
219,48149
334,48149
402,48170
369,48205
125,48209
383,48209
306,48221
401,48276
402,48277
236,48304
194,48349
464,48351
179,48387
290,48387
402,48619
220,48632
335,48632
425,48698
333,48727
256,48765
386,48771
177,48781
178,48782
179,48783
290,48783
115,48797
425,48869
426,48870
427,48871
440,48889
373,48916
138,48972
139,48973
296,48982
297,48983
135,49239
139,49250
315,49329
125,49347
383,49347
115,49384
116,49385
333,49414
179,49430
290,49430
152,49513
434,49515
229,49517
209,49521
296,49528
297,49529
219,49551
334,49551
384,49612
313,49618
179,49619
290,49619
210,49701
298,49755
125,49762
383,49762
126,49763
115,49780
392,49798
393,49799
125,49815
383,49815
402,49907
384,49937
425,49990
426,49991
425,50024
402,50067
315,50070
316,50071
317,50072
125,50091
383,50091
426,50127
402,50134
177,50140
297,50142
425,50175
123,50259
124,50260
125,50261
383,50261
126,50262
315,50283
401,50324
163,50371
179,50432
290,50432
257,50433
291,50433
472,50504
246,50515
337,50597
247,50607
456,50607
427,50633
220,50645
335,50645
108,50720
137,50729
297,50752
256,50774
140,50784
115,50842
320,50845
219,50886
334,50886
333,50895
237,50897
247,50961
456,50961
457,50962
457,51051
458,51052
124,51161
241,51214
246,51272
247,51273
456,51273
108,51295
459,51338
460,51339
124,51383
125,51384
383,51384
163,51456
237,51476
209,51527
210,51528
472,51549
282,51554
179,51555
290,51555
191,51572
192,51573
193,51574
140,51579
242,51606
256,51641
180,51642
373,51719
137,51723
298,51745
391,51762
392,51763
367,51841
454,51868
463,51868
179,51879
290,51879
434,51931
317,52011
180,52031
112,52079
113,52080
214,52080
417,52132
114,52183
139,52185
136,52188
295,52188
209,52325
125,52405
383,52405
386,52407
314,52411
257,52427
291,52427
440,52461
438,52483
194,52528
315,52541
401,52551
402,52552
401,52574
180,52600
320,52616
402,52645
219,52647
334,52647
386,52649
427,52678
316,52685
317,52686
434,52704
472,52739
179,52801
290,52801
180,52802
435,52852
257,52871
291,52871
418,52881
108,52987
425,53021
315,53023
192,53027
124,53164
417,53326
418,53327
418,53451
391,53460
392,53461
283,53467
320,53507
246,53551
247,53552
456,53552
219,53604
334,53604
220,53605
335,53605
221,53606
222,53606
384,53656
314,53763
473,53780
137,53790
152,53849
249,53889
320,53917
298,53940
107,53992
298,54102
425,54128
426,54129
386,54311
402,54407
403,54408
460,54414
472,54437
417,54470
418,54471
247,54484
456,54484
457,54485
180,54512
247,54521
456,54521
115,54632
116,54633
179,54703
290,54703
124,54709
125,54800
383,54800
244,54872
426,54881
219,54956
334,54956
63,54975
297,55148
298,55149
348,55240
114,55259
256,55267
179,55549
290,55549
434,55716
244,55751
176,55788
247,55815
456,55815
457,55816
115,56034
219,56055
334,56055
401,56075
402,56076
179,56153
290,56153
244,56210
210,56229
115,56259
432,56260
246,56296
247,56297
456,56297
137,56300
432,56302
229,56446
434,56469
282,56506
247,56566
456,56566
317,56571
384,56641
125,56758
383,56758
384,56759
221,56760
222,56760
314,56785
315,56786
316,56787
317,56788
115,56822
139,56873
140,56874
282,56876
179,56877
290,56877
392,57001
401,57062
402,57063
137,57078
179,57093
290,57093
297,57165
298,57166
115,57193
221,57296
222,57296
124,57347
434,57453
401,57480
402,57481
244,57484
219,57503
334,57503
215,57511
417,57635
317,57647
386,57711
210,57748
245,57756
246,57757
247,57758
456,57758
137,57761
432,57763
433,57764
236,57774
180,57775
297,57780
298,57781
126,57818
246,57833
247,57834
456,57834
296,57871
297,57872
384,57891
414,57893
297,57914
298,57915
402,57938
136,57975
295,57975
179,58041
290,58041
125,58089
383,58089
333,58100
192,58200
193,58201
471,58244
247,58283
456,58283
457,58284
322,58287
425,58303
434,58326
236,58411
364,58479
124,58548
137,58611
306,58680
219,58710
334,58710
220,58711
335,58711
425,58775
426,58776
138,58786
151,58879
124,58902
180,58928
220,58946
335,58946
221,58947
222,58947
433,58951
247,58973
456,58973
178,58987
179,58988
290,58988
425,59067
114,59193
124,59209
125,59210
383,59210
242,59251
236,59252
124,59296
125,59297
383,59297
126,59298
296,59316
297,59317
314,59351
417,59371
191,59399
180,59623
243,59682
282,59702
124,59742
