482,16
483,17
88,27
89,28
90,29
327,149
371,220
349,264
487,266
488,267
485,367
263,368
486,368
263,369
486,369
263,370
486,370
466,503
523,519
460,524
461,525
134,530
187,533
461,562
522,572
521,580
460,654
461,655
275,660
283,761
212,796
307,796
262,797
263,798
486,798
487,799
211,855
485,936
263,937
486,937
263,938
486,938
467,963
468,964
383,969
325,972
522,978
483,1026
197,1027
484,1027
261,1044
349,1063
263,1065
486,1065
137,1068
357,1080
90,1114
334,1125
283,1142
383,1223
490,1258
322,1262
508,1377
460,1383
468,1402
465,1405
466,1406
512,1411
523,1416
334,1439
339,1468
197,1480
484,1480
485,1481
135,1569
294,1571
483,1578
197,1579
484,1579
485,1580
487,1581
351,1582
523,1590
436,1593
483,1614
348,1712
272,1730
211,1770
284,1782
429,1837
308,1840
485,1876
314,1905
483,1917
395,1994
255,2077
188,2130
523,2149
523,2154
261,2159
483,2197
197,2198
484,2198
485,2199
263,2200
486,2200
197,2233
484,2233
261,2268
262,2269
485,2277
263,2278
486,2278
263,2279
486,2279
214,2281
293,2281
137,2418
261,2473
213,2474
292,2474
263,2489
486,2489
263,2490
486,2490
263,2491
486,2491
263,2492
486,2492
263,2493
486,2493
348,2507
349,2508
214,2511
293,2511
294,2512
262,2523
264,2524
511,2531
334,2534
320,2576
211,2583
283,2680
461,2682
215,2741
357,2748
213,2772
292,2772
523,2790
262,2826
523,2847
349,2859
396,2869
483,2951
135,2952
459,2993
460,2994
461,2995
360,3023
483,3041
135,3042
523,3084
150,3087
371,3091
436,3117
197,3141
484,3141
483,3200
135,3201
283,3209
211,3279
255,3319
289,3329
290,3330
291,3331
213,3332
292,3332
283,3334
359,3393
88,3420
349,3463
263,3465
486,3465
263,3466
486,3466
263,3467
486,3467
214,3469
293,3469
197,3477
484,3477
488,3479
211,3516
373,3647
370,3708
371,3709
460,3714
135,3759
197,3834
484,3834
213,3843
292,3843
395,3873
262,3888
264,3889
265,3890
514,3903
436,3912
523,3969
347,3988
348,3989
514,4027
491,4044
105,4055
359,4080
360,4081
327,4082
294,4127
255,4132
262,4138
263,4139
486,4139
214,4141
293,4141
461,4180
301,4211
196,4255
434,4278
435,4279
262,4281
487,4282
488,4283
490,4291
483,4365
483,4378
197,4379
484,4379
261,4389
262,4390
281,4420
488,4442
453,4461
262,4498
263,4499
486,4499
370,4564
187,4590
483,4637
515,4718
261,4849
262,4850
493,4880
255,4890
283,4901
461,4903
301,4946
262,4951
508,5017
294,5069
123,5077
124,5078
436,5103
215,5132
211,5148
212,5149
307,5149
211,5157
508,5200
490,5269
211,5324
493,5333
429,5366
461,5374
490,5422
294,5441
261,5448
396,5457
482,5482
105,5483
213,5498
292,5498
522,5503
461,5511
320,5558
349,5660
137,5680
467,5703
94,5737
357,5795
358,5796
359,5797
108,5843
88,5895
513,5904
213,5933
292,5933
88,6011
89,6012
90,6013
394,6028
88,6086
137,6158
461,6162
261,6204
488,6206
453,6252
460,6283
461,6284
87,6311
88,6312
483,6318
195,6349
197,6362
484,6362
485,6363
263,6364
486,6364
261,6409
213,6410
292,6410
283,6412
522,6446
211,6447
359,6483
88,6495
89,6496
90,6497
459,6569
137,6607
334,6617
459,6792
137,6875
487,6896
488,6897
211,6914
212,6915
307,6915
213,6916
292,6916
90,6998
482,7030
523,7073
105,7145
197,7236
484,7236
453,7315
289,7337
522,7347
514,7398
371,7480
137,7492
409,7505
213,7520
292,7520
267,7557
349,7579
461,7642
289,7655
283,7736
213,7752
292,7752
514,7881
283,7892
308,7912
373,7949
138,7991
294,7997
283,8006
212,8013
307,8013
371,8059
372,8060
188,8085
189,8086
197,8109
484,8109
213,8127
292,8127
137,8129
219,8132
220,8133
509,8145
510,8146
511,8147
360,8185
294,8210
211,8217
137,8220
334,8301
459,8426
453,8496
211,8570
151,8645
327,8660
283,8699
461,8701
461,8785
261,8841
262,8842
137,8878
370,8991
371,8992
372,8993
373,8994
283,9184
461,9186
459,9203
94,9205
349,9237
350,9238
368,9253
135,9268
461,9319
135,9324
365,9402
460,9408
461,9409
453,9420
383,9455
152,9487
406,9546
513,9690
523,9786
272,9799
514,9892
515,9893
151,9957
90,10012
197,10049
484,10049
211,10089
212,10090
307,10090
215,10148
89,10199
90,10200
522,10249
196,10275
355,10326
492,10333
90,10369
325,10442
461,10486
453,10554
360,10606
327,10607
490,10610
460,10632
492,10711
467,10767
327,10790
349,10822
325,10824
483,10835
135,10836
213,10858
292,10858
383,10877
196,10895
436,10914
294,10934
196,10952
135,10953
294,10955
104,11046
483,11047
197,11048
484,11048
240,11120
373,11202
483,11236
465,11255
371,11320
272,11357
283,11369
262,11379
263,11380
486,11380
137,11383
383,11396
136,11398
137,11399
510,11401
511,11402
483,11441
514,11469
196,11495
271,11509
151,11513
483,11526
197,11527
484,11527
485,11528
360,11533
211,11550
294,11553
515,11596
90,11661
178,11710
483,11721
135,11722
483,11795
135,11796
294,11798
368,11816
123,11842
124,11843
512,11874
196,11898
197,11899
484,11899
489,11979
197,12026
484,12026
96,12029
261,12058
213,12059
292,12059
489,12075
523,12200
261,12204
213,12205
292,12205
211,12212
453,12219
151,12248
483,12263
92,12303
467,12304
468,12305
348,12309
262,12324
487,12325
488,12326
240,12344
370,12406
283,12515
263,12550
486,12550
135,12567
306,12572
255,12586
383,12712
136,12714
137,12715
510,12717
511,12718
215,12755
216,12756
261,12789
262,12790
263,12791
486,12791
483,12833
110,12849
214,12856
293,12856
347,12880
348,12881
136,12933
283,12934
291,12936
213,12937
292,12937
214,12938
293,12938
522,12989
347,13017
349,13035
134,13082
135,13083
198,13121
492,13131
294,13150
460,13167
196,13196
197,13197
484,13197
357,13288
260,13298
430,13303
180,13363
509,13385
429,13477
430,13478
137,13522
197,13533
484,13533
436,13619
215,13621
216,13622
514,13695
465,13763
466,13764
428,13822
436,13844
283,13846
460,13920
104,13941
483,13942
135,13943
360,14037
136,14058
283,14059
461,14076
196,14116
196,14180
197,14181
484,14181
197,14195
484,14195
327,14206
261,14269
216,14345
347,14406
360,14439
283,14443
453,14465
281,14489
294,14491
428,14511
213,14544
292,14544
283,14674
284,14675
261,14730
211,14741
437,14743
514,14808
211,14855
360,14862
283,14887
461,14889
340,14905
394,14928
349,14962
396,14993
409,15034
151,15040
144,15054
460,15110
461,15111
437,15157
461,15222
514,15252
105,15285
150,15309
373,15375
136,15409
196,15466
197,15482
484,15482
198,15483
283,15568
461,15570
383,15620
136,15622
137,15623
327,15646
257,15752
459,15759
281,15783
395,15839
383,15866
384,15867
383,15900
482,15930
483,15931
135,15968
383,15985
136,15987
283,15988
197,16060
484,16060
485,16061
137,16072
107,16117
194,16180
195,16181
196,16182
383,16199
180,16221
306,16230
483,16238
197,16239
484,16239
488,16241
137,16277
281,16314
508,16330
104,16389
105,16390
357,16395
137,16399
138,16400
262,16429
467,16435
508,16520
84,16636
271,16670
511,16674
291,16698
213,16699
292,16699
213,16716
292,16716
264,16734
393,16746
394,16747
89,16759
90,16760
262,16819
263,16820
486,16820
212,16867
307,16867
320,16962
470,16964
338,16965
281,17033
294,17060
104,17072
483,17073
460,17084
466,17142
373,17153
214,17254
293,17254
283,17274
94,17276
461,17293
509,17297
281,17312
376,17332
211,17383
294,17386
196,17399
523,17533
140,17555
360,17577
327,17578
86,17627
214,17664
293,17664
294,17665
261,17723
483,17748
197,17749
484,17749
271,17757
349,17785
144,17820
197,17842
484,17842
428,17904
383,17909
384,17910
196,17930
348,17995
483,18002
197,18003
484,18003
213,18017
292,18017
283,18075
178,18096
327,18121
327,18154
523,18296
137,18304
261,18310
262,18311
151,18317
261,18329
453,18358
135,18374
294,18376
384,18428
104,18436
483,18437
196,18510
197,18511
484,18511
511,18586
214,18622
293,18622
468,18645
469,18646
374,18798
375,18799
453,18842
327,18904
289,18916
283,18937
436,18946
437,18947
513,19115
213,19128
292,19128
136,19170
283,19171
461,19173
367,19175
197,19189
484,19189
325,19191
89,19261
357,19275
283,19279
461,19281
153,19388
283,19410
368,19514
513,19526
271,19545
513,19583
514,19584
347,19592
196,19614
212,19677
307,19677
283,19723
334,19745
523,19781
88,19808
196,19816
197,19817
484,19817
485,19818
483,19840
359,19850
47,19863
357,19865
88,19946
453,19949
283,19987
432,19990
283,19999
213,20021
292,20021
106,20081
107,20082
349,20106
485,20122
263,20123
486,20123
487,20124
283,20164
196,20202
197,20203
484,20203
325,20211
325,20221
466,20341
211,20405
437,20407
483,20525
153,20626
335,20662
240,20683
213,20710
292,20710
283,20749
136,20781
137,20782
138,20783
271,20801
272,20833
196,20893
490,20912
64,20942
271,21003
272,21004
453,21014
289,21037
262,21093
264,21094
483,21143
197,21144
484,21144
198,21145
483,21180
197,21181
484,21181
461,21220
151,21322
281,21332
197,21346
484,21346
485,21347
263,21348
486,21348
487,21349
383,21394
485,21418
436,21446
95,21486
513,21493
514,21494
360,21519
459,21526
187,21621
117,21652
508,21764
347,21770
198,21789
283,21821
262,21846
485,21863
105,21887
135,21981
436,22020
283,22022
196,22029
459,22040
460,22041
523,22062
383,22105
283,22109
284,22110
262,22128
289,22187
141,22220
142,22221
460,22338
373,22347
272,22428
483,22466
197,22467
484,22467
349,22527
483,22539
196,22593
105,22615
349,22621
350,22622
261,22627
308,22628
271,22637
349,22699
137,22702
280,22764
104,22792
483,22793
196,22835
135,22836
306,22847
483,22864
197,22865
484,22865
326,22920
262,22929
301,22950
262,22955
453,22965
523,23007
90,23074
283,23086
523,23103
373,23182
135,23205
359,23262
522,23303
359,23316
349,23412
306,23435
136,23540
95,23563
453,23619
492,23627
522,23654
419,23681
289,23717
138,23744
453,23796
91,23806
92,23807
348,23908
196,23978
87,23990
262,24000
289,24011
95,24229
240,24254
513,24267
348,24295
349,24296
214,24298
293,24298
90,24330
483,24393
137,24407
90,24414
211,24519
212,24520
307,24520
281,24533
490,24554
280,24597
308,24608
123,24640
124,24641
196,24647
197,24648
484,24648
261,24692
139,24708
466,24731
461,24733
153,24749
261,24878
467,24888
459,24907
459,24926
460,24927
461,24928
357,24934
294,24938
213,24950
292,24950
437,24989
262,25005
263,25006
486,25006
263,25007
486,25007
264,25008
265,25009
196,25013
135,25014
196,25043
135,25044
294,25046
261,25102
213,25103
292,25103
325,25132
483,25167
95,25172
459,25340
261,25356
262,25357
308,25405
211,25432
429,25437
95,25440
197,25443
484,25443
347,25499
196,25557
453,25597
213,25613
292,25613
214,25614
293,25614
360,25643
197,25735
484,25735
349,25780
453,25818
196,25900
459,25927
196,25941
271,26027
272,26028
360,26097
283,26101
211,26147
283,26182
151,26335
94,26435
483,26500
523,26548
393,26581
394,26582
459,26623
349,26642
350,26643
197,26753
484,26753
325,26755
511,26776
492,26855
283,26925
320,26940
272,26943
357,26944
272,26992
357,26993
261,27017
308,27018
195,27059
196,27060
197,27061
484,27061
180,27105
453,27125
430,27186
327,27211
134,27232
197,27233
484,27233
485,27234
137,27237
105,27276
437,27395
213,27453
292,27453
137,27455
489,27513
490,27514
196,27626
262,27662
264,27663
522,27846
523,27847
383,27891
370,27972
215,27990
280,28030
290,28063
283,28119
195,28172
196,28173
483,28242
123,28267
124,28268
84,28297
349,28357
259,28450
260,28451
406,28495
104,28507
483,28508
135,28509
215,28511
216,28512
320,28535
490,28545
461,28555
490,28562
283,28590
350,28621
110,28633
453,28671
485,28676
263,28677
486,28677
487,28678
488,28679
259,28757
261,28792
134,28797
197,28798
484,28798
523,28865
262,28878
487,28879
333,28925
373,28955
301,28959
459,28973
308,29014
488,29028
377,29045
261,29119
262,29120
350,29136
488,29137
212,29215
307,29215
213,29216
292,29216
137,29218
138,29219
139,29220
196,29249
178,29267
281,29281
216,29289
255,29355
187,29403
272,29441
357,29442
314,29478
490,29550
348,29638
262,29698
264,29699
212,29740
307,29740
262,29774
263,29775
486,29775
487,29776
262,29858
487,29859
314,29939
349,29999
110,30024
461,30081
110,30100
111,30101
240,30129
107,30143
240,30164
261,30177
213,30195
292,30195
134,30216
211,30282
483,30317
197,30318
484,30318
485,30319
263,30320
486,30320
263,30321
486,30321
134,30341
197,30342
484,30342
213,30350
292,30350
371,30400
483,30425
432,30437
214,30442
293,30442
90,30471
483,30491
197,30492
484,30492
135,30533
90,30537
523,30549
255,30580
523,30584
488,30605
521,30647
354,30666
333,30706
334,30707
211,30754
212,30755
307,30755
488,30757
375,30775
376,30776
360,30806
360,30809
375,30860
376,30861
375,30863
134,30908
197,30909
484,30909
485,30910
263,30911
486,30911
263,30912
486,30912
264,30913
211,30939
522,30947
523,30948
262,30982
487,30983
488,30984
489,31019
261,31044
262,31045
264,31046
358,31108
262,31165
263,31166
486,31166
395,31217
459,31255
460,31256
461,31257
261,31329
262,31330
263,31331
486,31331
325,31333
211,31357
196,31391
135,31392
196,31402
520,31425
211,31461
198,31469
265,31470
108,31472
409,31483
212,31490
307,31490
483,31545
135,31546
260,31654
349,31663
487,31665
460,31730
95,31743
419,31767
213,31788
292,31788
283,31790
371,31809
453,31811
294,31826
211,31830
522,31856
197,31861
484,31861
308,32022
211,32061
294,32076
437,32110
485,32115
263,32116
486,32116
522,32128
523,32129
283,32147
281,32221
370,32257
371,32258
453,32260
454,32261
461,32276
429,32306
348,32366
294,32376
370,32381
196,32478
135,32479
383,32496
348,32647
349,32648
283,32651
514,32668
492,32678
376,32767
490,32788
137,32799
138,32800
348,32813
283,32816
91,32825
436,32835
137,32837
319,32881
459,32889
349,32908
301,32920
213,32926
292,32926
214,32927
293,32927
294,32928
428,33068
375,33072
376,33073
375,33075
275,33107
351,33122
436,33124
437,33125
488,33204
255,33226
256,33227
257,33228
105,33268
453,33281
197,33346
484,33346
187,33349
261,33379
213,33380
292,33380
320,33448
261,33504
104,33540
483,33541
371,33572
372,33573
373,33574
135,33714
377,33736
378,33737
406,33739
211,33763
283,33788
291,33790
213,33791
292,33791
180,33811
104,33824
105,33825
460,33857
461,33858
256,33868
257,33869
429,33932
95,33935
461,33958
90,33965
136,33992
213,34070
292,34070
261,34099
262,34100
487,34101
488,34102
375,34115
376,34116
367,34133
283,34177
196,34188
197,34189
484,34189
485,34190
263,34191
486,34191
211,34215
212,34216
307,34216
197,34231
484,34231
334,34281
261,34286
262,34287
283,34290
291,34292
488,34294
368,34299
369,34300
337,34319
262,34337
523,34445
469,34447
196,34457
197,34458
484,34458
453,34523
491,34565
453,34575
393,34585
483,34639
211,34682
211,34702
196,34730
138,34736
460,34755
271,34831
360,34839
327,34840
88,34934
483,34950
261,34971
351,34973
436,34975
197,35004
484,35004
383,35068
485,35082
263,35083
486,35083
487,35084
351,35085
375,35164
437,35171
134,35177
197,35178
484,35178
211,35212
211,35236
212,35237
307,35237
213,35238
292,35238
372,35279
483,35319
197,35320
484,35320
325,35322
211,35395
283,35429
522,35436
211,35437
339,35454
491,35471
214,35592
293,35592
197,35616
484,35616
485,35617
91,35706
490,35721
491,35722
137,35759
138,35760
334,35771
437,35837
483,35905
135,35906
511,35917
255,35921
453,35928
211,36003
137,36038
510,36040
511,36041
522,36043
460,36057
461,36072
280,36116
453,36126
261,36198
262,36199
263,36200
486,36200
263,36201
486,36201
459,36210
396,36265
360,36270
327,36271
213,36350
292,36350
376,36413
375,36415
376,36416
213,36428
292,36428
214,36429
293,36429
137,36497
90,36530
91,36531
483,36553
483,36617
197,36618
484,36618
108,36662
153,36684
89,36730
377,36732
378,36733
396,36744
483,36748
197,36749
484,36749
436,36772
377,36792
378,36793
483,36834
135,36886
136,36887
283,36888
326,36921
514,36971
91,36984
92,36985
134,37069
212,37128
307,37128
213,37129
292,37129
375,37153
376,37154
383,37193
460,37205
461,37206
262,37253
107,37289
262,37355
264,37356
265,37357
514,37403
523,37429
436,37432
271,37462
308,37480
483,37525
294,37537
485,37590
263,37591
486,37591
264,37592
110,37670
483,37682
197,37683
484,37683
108,37707
459,37768
360,37794
461,37869
136,37914
283,37915
378,37972
432,37988
482,38026
483,38027
211,38091
196,38123
197,38124
484,38124
378,38134
261,38148
213,38149
292,38149
197,38163
484,38163
485,38164
263,38165
486,38165
283,38168
437,38189
360,38239
319,38273
261,38325
213,38326
292,38326
485,38391
263,38392
486,38392
263,38393
486,38393
263,38394
486,38394
325,38396
508,38405
437,38434
358,38444
283,38512
215,38544
212,38584
307,38584
213,38585
292,38585
214,38586
293,38586
466,38594
467,38595
513,38600
214,38622
293,38622
238,38634
148,38677
428,38689
429,38690
211,38818
271,38897
272,38898
460,38905
515,38942
452,38964
453,38965
211,38999
95,39001
523,39062
436,39065
419,39078
437,39105
376,39117
135,39155
105,39257
196,39318
135,39319
136,39320
283,39321
383,39345
492,39427
308,39545
459,39595
196,39612
135,39613
136,39614
283,39615
378,39629
371,39635
372,39636
512,39643
513,39644
514,39645
515,39646
468,39655
314,39675
105,39711
136,39722
150,39796
371,39800
490,39821
283,39828
406,39883
482,39925
483,39926
135,39927
91,39943
459,39981
460,39982
280,40017
281,40018
136,40034
377,40069
378,40070
371,40076
372,40077
92,40091
104,40204
483,40205
197,40206
484,40206
198,40207
281,40222
212,40279
307,40279
213,40280
292,40280
459,40284
137,40306
138,40307
459,40312
196,40419
197,40420
484,40420
460,40477
461,40478
367,40480
483,40542
135,40543
371,40730
372,40731
373,40732
522,40735
211,40736
212,40737
307,40737
349,40784
508,40820
523,40826
347,40837
377,40894
453,40921
138,41097
106,41155
107,41156
108,41157
137,41184
144,41190
150,41197
151,41198
261,41291
262,41292
383,41316
214,41319
293,41319
523,41337
420,41355
421,41356
347,41360
348,41361
367,41383
368,41384
369,41385
370,41386
134,41400
453,41410
393,41435
281,41450
365,41473
492,41503
508,41518
509,41519
510,41520
511,41521
512,41522
513,41523
283,41572
136,41603
281,41613
196,41634
211,41664
367,41687
459,41731
213,41743
292,41743
373,41761
359,41839
459,41867
213,41903
292,41903
283,41905
468,41907
211,41924
283,41927
459,41949
211,41998
187,42001
95,42026
314,42047
134,42054
523,42158
437,42297
459,42315
283,42351
134,42360
327,42404
280,42415
86,42450
490,42477
211,42517
211,42528
178,42548
134,42663
260,42676
196,42714
283,42760
284,42761
137,42794
294,42801
483,42805
137,42882
461,43043
91,43111
523,43152
522,43175
211,43176
135,43191
294,43193
123,43202
124,43203
211,43382
357,43393
321,43411
294,43455
465,43467
466,43468
283,43497
367,43585
212,43625
307,43625
213,43626
292,43626
214,43627
293,43627
294,43628
508,43658
219,43670
429,43708
430,43709
301,43919
383,43934
266,43937
267,43938
360,43990
301,44101
261,44103
370,44212
373,44266
522,44380
523,44381
283,44457
275,44463
212,44526
307,44526
90,44570
255,44591
339,44716
359,44760
87,44853
88,44854
360,44875
327,44876
215,44882
370,44932
453,44944
360,44975
135,44984
261,45043
213,45044
292,45044
214,45045
293,45045
213,45107
292,45107
334,45140
374,45145
360,45151
430,45160
134,45228
375,45236
348,45246
283,45249
283,45322
461,45324
483,45334
259,45409
260,45410
197,45440
484,45440
483,45475
291,45538
213,45539
292,45539
428,45568
429,45569
281,45581
349,45667
350,45668
383,45696
349,45786
490,45980
212,45982
307,45982
213,45983
292,45983
327,46012
508,46034
261,46060
213,46061
292,46061
281,46097
137,46136
483,46193
197,46194
484,46194
325,46220
87,46230
88,46231
135,46251
136,46252
137,46253
490,46309
371,46354
490,46423
468,46430
281,46504
180,46562
283,46689
211,46746
373,46776
453,46797
364,46925
151,47088
134,47132
197,47133
484,47133
488,47163
514,47306
459,47312
460,47313
485,47348
256,47359
257,47360
258,47361
259,47362
260,47363
360,47388
211,47402
466,47431
105,47506
106,47507
522,47655
261,47687
488,47689
429,47715
283,47795
461,47826
238,47830
261,47842
213,47843
292,47843
137,47845
523,47869
460,47877
482,47881
483,47882
135,47883
459,47899
213,47919
292,47919
272,47961
523,48023
483,48044
283,48053
378,48109
213,48116
292,48116
211,48137
489,48239
213,48314
292,48314
137,48389
180,48492
88,48510
365,48522
370,48525
90,48537
508,48542
453,48563
262,48632
374,48669
211,48742
123,48757
283,48767
291,48769
308,48770
461,48797
367,48799
436,48836
468,48847
95,48871
419,48887
376,48968
261,48991
265,48993
108,48995
365,49000
261,49090
240,49145
108,49199
466,49233
467,49234
180,49281
88,49302
89,49303
467,49317
195,49351
196,49352
385,49354
378,49375
196,49379
135,49380
136,49381
283,49382
461,49384
211,49429
370,49473
137,49509
213,49552
292,49552
508,49603
196,49610
197,49611
484,49611
485,49612
509,49627
510,49628
511,49629
372,49709
196,49718
135,49719
461,49780
301,49823
489,49827
216,49840
453,49862
368,49870
369,49871
123,49887
124,49888
485,49937
483,49965
135,49966
261,50025
283,50058
213,50080
292,50080
92,50110
367,50139
378,50227
196,50231
135,50232
383,50260
136,50292
137,50293
453,50304
211,50431
437,50433
289,50452
406,50553
348,50572
489,50624
95,50633
135,50636
294,50638
262,50645
150,50661
467,50669
468,50670
196,50687
489,50714
238,50767
283,50840
461,50842
294,50854
281,50880
213,50887
292,50887
88,50934
91,50973
92,50974
453,51020
508,51029
134,51071
135,51072
306,51085
368,51111
369,51112
334,51129
465,51155
466,51156
383,51161
294,51164
376,51185
348,51203
90,51228
360,51271
260,51320
337,51343
338,51344
255,51368
383,51383
255,51396
212,51482
307,51482
151,51488
238,51589
523,51625
359,51653
453,51699
92,51862
467,51863
213,51988
292,51988
137,51990
373,52131
349,52163
460,52183
436,52382
437,52427
86,52554
453,52566
284,52610
308,52648
95,52678
211,52800
515,52849
437,52871
489,52899
369,52901
91,53008
378,53058
365,53127
453,53154
383,53164
429,53171
393,53185
283,53198
515,53311
432,53371
196,53393
483,53406
453,53481
86,53500
196,53515
262,53605
263,53606
486,53606
367,53610
514,53621
281,53650
195,53653
196,53654
197,53655
484,53655
485,53656
211,53682
512,53694
513,53695
514,53696
137,53734
370,53760
356,53813
512,53835
513,53836
514,53837
515,53838
378,53878
357,53960
358,53961
429,53978
514,54029
348,54070
373,54159
507,54225
483,54328
420,54363
421,54364
511,54377
483,54487
197,54488
484,54488
214,54490
293,54490
294,54491
461,54632
349,54658
137,54661
152,54698
153,54699
383,54709
370,54729
371,54730
327,54776
508,54781
198,54801
261,54860
213,54861
292,54861
137,54863
197,54905
484,54905
137,54908
432,54913
90,55013
283,55019
196,55046
135,55047
261,55063
213,55064
292,55064
429,55109
320,55112
271,55120
301,55130
151,55171
483,55215
460,55259
483,55338
490,55366
213,55457
292,55457
283,55466
211,55548
137,55711
213,55730
292,55730
197,55737
484,55737
136,55774
261,55792
104,55808
483,55809
453,55872
87,55901
88,55902
89,55903
255,55937
333,55944
483,55974
453,56010
461,56034
213,56056
292,56056
211,56152
137,56155
490,56196
461,56259
334,56390
123,56454
459,56475
523,56512
523,56530
360,56567
327,56568
360,56582
327,56583
523,56629
376,56636
134,56639
197,56640
484,56640
485,56641
283,56708
485,56759
263,56760
486,56760
461,56822
429,56867
490,56923
294,57016
151,57055
211,57092
360,57105
509,57152
461,57193
90,57200
255,57236
263,57296
486,57296
214,57298
293,57298
436,57317
283,57319
284,57320
197,57331
484,57331
383,57347
493,57392
211,57399
213,57504
292,57504
137,57506
138,57507
459,57510
211,57579
212,57580
307,57580
213,57581
292,57581
187,57616
92,57679
294,57691
212,57709
307,57709
308,57710
453,57715
378,57724
326,57756
47,57812
197,57817
484,57817
349,57864
197,57890
484,57890
485,57891
487,57892
281,57930
523,57976
211,58040
514,58049
294,58156
327,58159
197,58175
484,58175
214,58177
293,58177
314,58217
213,58349
292,58349
106,58398
107,58399
108,58400
459,58409
197,58454
484,58454
348,58468
283,58471
492,58488
283,58519
383,58548
453,58620
150,58653
523,58684
325,58703
262,58711
487,58712
255,58808
92,58822
152,58829
452,58843
255,58886
383,58902
436,58927
262,58946
263,58947
486,58947
348,58966
349,58967
396,59019
334,59065
483,59118
460,59193
383,59209
198,59211
137,59228
150,59244
90,59279
383,59296
283,59326
256,59343
211,59350
373,59370
348,59386
238,59395
294,59403
327,59406
306,59435
212,59436
307,59436
213,59437
292,59437
467,59480
483,59513
196,59519
436,59622
490,59628
289,59667
94,59682
384,59718
383,59742
348,59781
349,59782
350,59783
351,59784
