392,29
120,126
121,127
204,129
99,138
491,138
152,207
153,208
427,222
198,241
496,241
84,243
105,265
500,302
373,367
10,368
10,369
10,370
201,371
65,490
311,490
395,504
416,510
223,532
65,537
311,537
64,546
490,558
97,560
209,573
185,592
95,605
96,606
97,607
241,627
96,640
525,707
98,762
317,796
200,797
10,798
316,855
420,855
472,856
373,936
10,937
10,938
513,977
209,979
154,1014
372,1027
202,1029
375,1046
349,1058
105,1064
10,1065
201,1066
241,1110
392,1114
160,1118
161,1119
536,1131
45,1146
489,1238
423,1245
312,1256
375,1303
473,1318
418,1364
132,1366
501,1372
245,1381
105,1390
201,1391
128,1396
271,1400
395,1407
312,1435
313,1436
240,1448
241,1449
372,1480
373,1481
414,1488
372,1579
373,1580
364,1633
209,1653
316,1770
420,1770
449,1771
490,1779
97,1781
365,1801
228,1802
362,1802
473,1816
310,1829
210,1831
409,1861
373,1876
131,1889
371,2066
312,2150
313,2151
314,2152
208,2153
315,2153
66,2155
84,2173
372,2198
373,2199
10,2200
201,2201
418,2212
141,2216
142,2217
184,2224
513,2228
372,2233
200,2269
201,2270
202,2271
373,2277
10,2278
10,2279
201,2280
94,2286
65,2287
311,2287
312,2288
310,2345
448,2369
471,2369
472,2370
228,2434
362,2434
363,2435
364,2436
365,2437
314,2440
526,2442
313,2463
10,2489
10,2490
10,2491
10,2492
10,2493
454,2501
435,2506
105,2509
201,2510
200,2523
458,2545
97,2573
316,2583
420,2583
361,2584
421,2584
209,2598
82,2635
295,2645
473,2654
474,2815
475,2816
200,2826
201,2827
105,2860
201,2861
416,2880
131,2882
69,2887
210,2916
498,2924
43,2940
457,2946
458,2947
65,3008
311,3008
312,3009
66,3070
160,3127
161,3128
437,3133
372,3141
375,3143
209,3147
527,3238
241,3264
120,3272
99,3273
491,3273
316,3279
420,3279
94,3321
65,3322
311,3322
312,3323
273,3331
96,3346
335,3361
312,3390
363,3401
364,3402
365,3403
120,3425
59,3441
105,3464
10,3465
10,3466
10,3467
201,3468
152,3473
372,3477
316,3516
420,3516
449,3517
18,3535
210,3562
271,3584
416,3609
416,3624
84,3634
349,3645
427,3680
371,3684
372,3834
535,3849
200,3888
437,3916
415,3965
416,3966
66,3970
364,3972
363,3992
364,3993
365,3994
204,4037
209,4074
158,4133
159,4134
160,4135
161,4136
200,4138
10,4139
201,4140
535,4205
473,4218
395,4230
99,4231
491,4231
419,4249
200,4281
473,4312
372,4379
200,4390
201,4391
371,4406
363,4409
364,4410
203,4422
204,4423
200,4498
10,4499
95,4539
426,4553
223,4589
271,4600
525,4610
363,4640
364,4641
365,4642
473,4671
242,4694
241,4735
241,4738
83,4797
270,4823
200,4850
360,4905
200,4951
201,4952
355,4963
270,4974
120,4979
492,5045
500,5046
316,5148
420,5148
317,5149
316,5157
420,5157
472,5158
435,5238
437,5267
316,5324
420,5324
41,5360
318,5369
360,5376
361,5377
421,5377
211,5512
94,5610
448,5611
471,5611
490,5628
105,5661
201,5662
97,5735
97,5747
98,5748
99,5749
491,5749
470,5754
95,5755
96,5756
353,5757
490,5760
365,5788
366,5789
422,5789
203,5910
98,5916
490,5952
121,5953
95,5993
392,6013
523,6025
484,6026
459,6080
365,6120
366,6121
422,6121
303,6184
304,6185
295,6225
416,6240
271,6282
211,6285
372,6362
373,6363
10,6364
201,6365
364,6408
98,6413
316,6447
420,6447
448,6468
471,6468
392,6497
498,6516
526,6531
354,6608
490,6654
99,6679
491,6679
72,6705
209,6711
99,6760
491,6760
132,6785
133,6786
99,6794
491,6794
202,6828
163,6861
121,6907
316,6914
420,6914
317,6915
392,6998
46,7008
41,7058
42,7059
489,7124
490,7125
372,7236
153,7323
154,7324
97,7340
490,7364
121,7365
206,7383
363,7444
72,7447
416,7458
131,7460
458,7468
416,7495
448,7524
471,7524
490,7545
105,7580
201,7581
437,7597
270,7603
271,7604
121,7606
415,7616
99,7621
491,7621
98,7737
96,7746
97,7747
99,7786
491,7786
416,7878
98,7893
465,7918
353,7990
209,8001
317,8013
505,8040
204,8045
372,8109
425,8167
64,8191
448,8192
471,8192
316,8217
420,8217
72,8298
513,8330
472,8366
84,8367
85,8368
245,8380
490,8451
163,8466
416,8517
490,8562
99,8563
491,8563
316,8570
420,8570
121,8580
210,8704
59,8776
210,8788
200,8842
201,8843
209,8928
209,8937
210,8938
272,9012
310,9046
64,9147
65,9168
311,9168
272,9204
473,9206
364,9231
97,9263
474,9274
475,9275
203,9287
41,9293
451,9297
489,9317
211,9320
310,9374
131,9416
490,9428
366,9467
422,9467
367,9468
210,9475
241,9512
242,9513
271,9566
64,9639
95,9640
96,9641
209,9665
96,9733
97,9734
98,9735
99,9736
491,9736
490,9755
490,9765
55,9773
209,9777
66,9787
364,9789
365,9790
56,9798
365,9823
163,9824
490,9843
64,9983
95,9984
96,9985
392,10012
372,10049
494,10074
316,10089
420,10089
317,10090
489,10115
312,10142
313,10143
392,10200
99,10207
491,10207
100,10208
209,10250
72,10320
194,10325
58,10328
59,10329
310,10331
392,10369
94,10387
95,10388
355,10456
84,10585
85,10586
312,10612
426,10619
425,10627
426,10628
470,10709
245,10722
502,10740
99,10762
491,10762
100,10763
416,10788
437,10817
395,10945
433,11015
271,11017
492,11044
372,11048
490,11059
395,11216
415,11306
416,11307
179,11317
395,11327
200,11379
10,11380
201,11381
395,11430
185,11460
134,11525
372,11527
373,11528
414,11545
415,11546
416,11547
316,11550
420,11550
242,11568
64,11589
95,11590
96,11591
132,11608
392,11661
371,11737
209,11802
210,11803
84,11823
310,11848
448,11849
471,11849
96,11868
97,11869
98,11870
372,11899
500,11936
371,12025
372,12026
66,12055
364,12057
435,12084
436,12085
437,12086
366,12146
422,12146
423,12147
72,12197
66,12201
364,12203
316,12212
420,12212
411,12237
394,12303
200,12324
72,12333
395,12353
72,12377
120,12411
425,12460
65,12485
311,12485
312,12486
409,12532
179,12535
131,12544
105,12549
10,12550
106,12551
202,12600
203,12601
532,12630
132,12639
133,12640
310,12659
490,12759
200,12790
10,12791
164,12836
273,12936
209,12990
210,12991
436,13018
105,13036
349,13051
498,13105
99,13138
491,13138
415,13142
131,13153
99,13174
491,13174
65,13177
311,13177
312,13178
372,13197
210,13225
185,13342
363,13390
72,13393
372,13533
302,13578
99,13590
491,13590
454,13602
99,13631
491,13631
364,13685
292,13749
252,13773
312,13811
98,13847
99,13848
491,13848
365,13866
163,13867
271,13882
99,13884
491,13884
131,13889
82,14026
209,14042
210,14043
211,14044
93,14070
131,14134
372,14181
45,14185
372,14195
415,14203
416,14204
415,14329
416,14330
131,14363
98,14444
131,14494
97,14590
94,14625
210,14627
228,14727
362,14727
363,14728
364,14729
316,14741
420,14741
241,14755
98,14771
316,14855
420,14855
167,14967
349,14988
163,15089
203,15158
395,15196
97,15198
98,15199
121,15200
415,15237
120,15254
131,15371
448,15424
471,15424
490,15433
527,15444
372,15482
513,15499
490,15509
59,15539
271,15610
163,15635
295,15649
271,15651
131,15724
414,15727
409,15744
366,15776
422,15776
416,15831
271,15885
294,15953
61,16052
372,16060
373,16061
415,16131
416,16132
271,16189
372,16239
314,16243
203,16352
413,16373
414,16374
160,16426
161,16427
200,16429
131,16479
416,16523
209,16526
210,16527
527,16530
416,16538
153,16631
82,16637
273,16698
437,16743
392,16760
82,16765
498,16767
145,16786
395,16802
200,16819
10,16820
470,16865
448,16866
471,16866
317,16867
416,16892
209,16895
96,16925
142,17006
94,17007
448,17008
471,17008
72,17045
209,17048
210,17049
271,17083
395,17143
365,17188
395,17222
316,17383
420,17383
310,17392
95,17393
95,17442
223,17474
94,17497
64,17502
95,17503
96,17504
361,17547
421,17547
95,17640
465,17688
98,17716
372,17749
371,17841
372,17842
164,17851
43,17942
435,17994
372,18003
166,18014
435,18032
436,18033
83,18062
489,18067
490,18068
304,18108
416,18152
295,18183
66,18264
364,18266
365,18267
312,18297
350,18308
200,18311
502,18380
503,18381
95,18443
41,18460
372,18511
83,18529
131,18532
45,18602
71,18606
72,18607
271,18643
64,18696
65,18697
311,18697
312,18698
371,18784
85,18787
395,18827
99,18929
491,18929
203,18948
204,18949
207,18958
241,19019
242,19020
209,19031
210,19032
489,19102
202,19129
302,19154
211,19174
212,19175
372,19189
527,19284
120,19356
99,19357
491,19357
98,19411
353,19413
310,19416
448,19417
471,19417
131,19512
93,19541
45,19550
416,19640
360,19676
317,19677
204,19696
72,19718
98,19724
150,19777
372,19817
373,19818
128,19874
427,19895
310,19912
95,19913
98,20000
99,20001
491,20001
490,20033
84,20052
270,20068
437,20092
121,20117
373,20122
10,20123
64,20143
95,20144
72,20159
98,20165
120,20178
99,20179
491,20179
335,20191
336,20192
372,20203
105,20233
106,20234
201,20245
202,20260
64,20311
395,20342
99,20343
491,20343
316,20405
420,20405
244,20423
414,20488
458,20502
271,20651
448,20674
471,20674
96,20914
79,20918
472,20927
513,20937
26,20942
64,20946
448,20947
471,20947
449,20948
71,20975
349,20979
209,20990
416,21068
200,21093
372,21144
372,21181
451,21190
149,21264
121,21272
395,21281
99,21282
491,21282
526,21290
372,21346
373,21347
10,21348
245,21376
373,21418
498,21447
83,21485
120,21496
121,21497
132,21578
99,21595
491,21595
95,21598
96,21599
353,21600
95,21625
98,21660
94,21686
448,21687
471,21687
449,21688
349,21706
482,21715
483,21716
416,21741
98,21822
17,21835
200,21846
201,21847
373,21863
64,21892
65,21893
311,21893
313,21897
132,21912
416,21933
94,21957
72,22009
154,22045
65,22095
311,22095
66,22096
364,22098
365,22099
200,22128
11,22129
374,22129
375,22130
418,22191
419,22192
209,22193
30,22197
31,22198
292,22227
209,22235
241,22318
241,22321
185,22357
503,22370
41,22414
372,22467
499,22516
500,22517
501,22518
210,22573
360,22575
425,22634
426,22635
71,22749
395,22760
121,22761
363,22806
364,22807
120,22821
99,22822
491,22822
372,22865
72,22890
209,22893
210,22894
96,22897
97,22898
98,22899
99,22900
491,22900
120,22905
99,22906
491,22906
161,22927
200,22929
201,22930
437,22942
200,22955
201,22956
312,22979
85,22985
490,23001
99,23017
491,23017
270,23033
271,23034
59,23051
490,23061
392,23074
98,23087
97,23089
425,23122
426,23123
310,23174
349,23186
371,23204
498,23219
526,23253
210,23335
210,23338
310,23342
95,23343
105,23413
201,23414
449,23436
525,23454
209,23556
472,23562
65,23587
311,23587
312,23588
69,23604
490,23613
209,23655
95,23741
96,23742
353,23743
131,23769
489,23786
349,23794
393,23806
394,23807
271,23841
121,23843
502,23858
95,23936
210,23950
200,24000
201,24001
154,24043
312,24052
41,24154
472,24195
472,24228
435,24294
163,24312
498,24320
392,24330
490,24342
160,24361
160,24403
161,24404
490,24410
99,24411
491,24411
392,24414
436,24427
368,24430
72,24516
316,24519
420,24519
317,24520
312,24552
153,24569
154,24570
312,24572
120,24589
121,24590
121,24594
82,24606
372,24648
457,24678
363,24690
364,24691
489,24736
490,24737
366,24777
422,24777
423,24778
244,24782
245,24783
84,24835
271,24986
272,24987
43,24993
200,25005
10,25006
10,25007
457,25050
458,25051
204,25073
312,25225
313,25226
490,25250
99,25251
491,25251
409,25285
310,25345
95,25346
200,25357
106,25358
244,25411
245,25412
121,25415
316,25432
420,25432
372,25443
64,25464
448,25465
471,25465
193,25496
436,25500
437,25501
524,25524
132,25526
454,25565
161,25611
448,25691
471,25691
361,25692
421,25692
372,25735
105,25781
201,25782
99,25842
491,25842
490,25871
241,25881
64,25884
95,25885
209,25946
210,25947
415,25987
416,25988
131,25990
64,26013
65,26014
311,26014
312,26015
95,26040
448,26044
471,26044
472,26045
415,26068
416,26069
241,26077
295,26105
271,26130
316,26147
420,26147
96,26162
310,26172
252,26212
436,26220
94,26256
448,26257
471,26257
361,26258
421,26258
228,26259
362,26259
363,26260
204,26274
131,26355
30,26361
489,26385
240,26438
241,26439
242,26440
99,26462
491,26462
312,26471
70,26523
71,26524
501,26529
502,26530
366,26552
422,26552
245,26596
242,26599
242,26618
121,26662
206,26691
207,26692
208,26693
315,26693
96,26695
203,26739
372,26753
313,26771
314,26772
94,26817
65,26818
311,26818
490,26846
64,26853
240,26871
241,26872
241,26899
242,26900
310,26907
65,26908
311,26908
312,26909
361,26939
421,26939
416,26968
308,27033
372,27061
472,27082
526,27121
271,27140
209,27151
210,27152
513,27176
372,27233
373,27234
201,27235
121,27245
120,27304
121,27305
418,27314
163,27335
470,27347
95,27348
525,27408
368,27437
416,27458
365,27511
513,27586
200,27662
132,27695
425,27705
490,27709
99,27769
491,27769
526,27792
242,27805
99,27817
491,27817
160,27909
242,28004
121,28060
498,28065
64,28102
98,28120
99,28121
491,28121
100,28122
270,28147
271,28148
121,28150
489,28184
30,28189
82,28298
209,28320
210,28321
71,28332
349,28336
207,28339
526,28341
69,28343
96,28345
105,28358
223,28370
365,28452
499,28505
356,28515
65,28531
311,28531
65,28542
311,28542
312,28543
472,28547
364,28574
499,28583
373,28676
10,28677
65,28685
311,28685
498,28699
365,28776
363,28790
364,28791
372,28798
490,28836
349,28858
312,28866
200,28878
423,28881
203,28947
525,28958
435,29082
436,29083
69,29093
98,29100
99,29101
491,29101
492,29102
200,29120
11,29121
374,29121
365,29152
526,29170
63,29194
486,29194
349,29195
349,29203
64,29213
448,29214
471,29214
317,29215
201,29237
295,29263
203,29283
376,29395
223,29402
363,29428
364,29429
65,29521
311,29521
312,29522
313,29523
96,29683
200,29698
482,29702
483,29703
364,29709
365,29710
163,29711
64,29728
448,29729
471,29729
361,29730
421,29730
294,29732
317,29740
96,29759
97,29760
120,29765
200,29774
10,29775
203,29811
96,29820
97,29821
98,29822
160,29855
161,29856
200,29858
203,29983
437,30014
416,30106
83,30123
489,30255
490,30256
396,30257
295,30274
271,30276
72,30279
316,30282
420,30282
498,30284
372,30318
373,30319
10,30320
10,30321
106,30322
372,30342
363,30345
314,30389
208,30390
315,30390
241,30407
209,30435
105,30440
201,30441
392,30471
451,30486
372,30492
375,30494
392,30537
419,30548
84,30553
95,30569
203,30655
535,30710
415,30716
416,30717
131,30724
96,30735
69,30739
316,30754
420,30754
317,30755
526,30799
526,30814
470,30823
65,30824
311,30824
312,30825
94,30848
372,30909
373,30910
10,30911
10,30912
41,30932
316,30939
420,30939
365,30978
200,30982
416,31032
350,31042
200,31045
472,31085
473,31086
451,31098
210,31105
211,31106
59,31131
200,31165
10,31166
201,31167
499,31169
500,31170
163,31201
472,31247
210,31271
59,31274
310,31276
310,31300
95,31301
121,31308
200,31330
10,31331
48,31349
416,31354
316,31357
420,31357
365,31363
96,31383
353,31384
354,31385
437,31396
316,31461
420,31461
449,31462
317,31490
457,31504
242,31591
69,31640
99,31646
491,31646
100,31647
105,31664
120,31674
99,31675
491,31675
458,31704
292,31709
64,31734
95,31735
83,31742
292,31781
316,31830
420,31830
472,31831
252,31842
243,31848
209,31857
372,31861
365,31957
163,31958
120,31978
121,31979
365,31990
163,31991
257,32009
204,32029
64,32040
316,32061
420,32061
48,32092
373,32115
10,32116
201,32117
448,32225
471,32225
360,32278
472,32279
414,32291
473,32321
131,32328
209,32348
210,32349
434,32364
435,32365
69,32372
163,32397
79,32433
99,32447
491,32447
350,32450
365,32452
163,32453
99,32491
491,32491
100,32492
490,32550
121,32551
98,32652
426,32685
295,32705
271,32707
272,32708
361,32730
421,32730
120,32773
70,32789
434,32811
435,32812
500,32822
501,32823
393,32825
71,32867
99,32891
491,32891
365,32922
295,33014
437,33091
59,33114
203,33126
99,33134
491,33134
295,33148
242,33152
437,33166
163,33197
294,33205
295,33206
367,33234
96,33254
372,33346
64,33363
448,33364
471,33364
271,33441
361,33447
421,33447
510,33499
454,33538
98,33600
131,33666
64,33689
448,33690
471,33690
132,33708
84,33724
95,33741
96,33742
353,33743
95,33754
71,33759
72,33760
316,33763
420,33763
472,33764
490,33779
273,33790
94,33839
163,33873
482,33879
483,33880
131,33885
490,33909
121,33910
364,33916
490,33944
121,33954
392,33965
501,34018
200,34100
313,34110
314,34111
502,34113
84,34131
212,34133
372,34189
373,34190
10,34191
201,34192
48,34202
316,34215
420,34215
317,34216
372,34231
200,34287
201,34288
273,34292
314,34296
154,34313
210,34315
200,34337
85,34340
72,34369
372,34458
153,34478
425,34521
120,34544
99,34545
491,34545
356,34590
525,34669
526,34670
316,34682
420,34682
361,34683
421,34683
316,34702
420,34702
270,34710
204,34723
65,34796
311,34796
415,34834
416,34835
244,34848
245,34849
470,34870
65,34871
311,34871
312,34872
295,34874
416,34883
395,34892
415,34925
416,34926
95,34936
96,34937
372,35004
243,35060
373,35082
10,35083
209,35159
210,35160
372,35178
121,35202
99,35206
491,35206
316,35212
420,35212
316,35236
420,35236
317,35237
349,35272
160,35288
372,35320
316,35395
420,35395
316,35437
420,35437
526,35468
69,35470
295,35525
501,35583
105,35590
201,35591
372,35616
373,35617
201,35618
84,35653
395,35663
167,35667
393,35706
160,35717
465,35752
349,35785
513,35803
451,35853
99,35859
491,35859
210,35863
241,35931
99,35953
491,35953
83,35986
316,36003
420,36003
449,36004
131,36023
489,36070
425,36124
120,36152
185,36156
350,36196
200,36199
10,36200
10,36201
201,36202
202,36203
203,36204
272,36211
355,36289
425,36294
293,36322
482,36381
96,36522
97,36523
98,36524
353,36526
392,36530
393,36531
363,36556
82,36562
366,36564
422,36564
95,36581
372,36618
203,36645
209,36724
210,36725
372,36749
365,36769
121,36779
84,36805
295,36817
98,36889
99,36890
491,36890
120,36895
99,36896
491,36896
97,36965
120,36973
99,36974
491,36974
393,36984
394,36985
99,37035
491,37035
418,37083
419,37084
317,37128
365,37230
251,37241
355,37248
200,37253
106,37254
96,37320
97,37321
200,37355
498,37419
501,37467
502,37468
105,37489
106,37490
373,37590
10,37591
203,37608
204,37609
292,37626
164,37628
372,37683
83,37739
489,37803
490,37804
64,37904
448,37905
471,37905
449,37906
526,37930
470,37954
95,37955
437,38004
492,38023
245,38084
72,38088
316,38091
420,38091
372,38124
185,38143
364,38147
202,38150
203,38151
371,38162
372,38163
373,38164
10,38165
201,38166
98,38169
99,38170
491,38170
71,38174
79,38182
203,38190
163,38274
99,38299
491,38299
364,38324
457,38343
458,38344
373,38391
10,38392
10,38393
10,38394
163,38417
203,38435
98,38513
99,38514
491,38514
95,38523
64,38537
448,38538
471,38538
317,38584
493,38590
131,38671
493,38771
72,38815
316,38818
420,38818
449,38819
425,38862
426,38863
426,38895
271,38904
316,38999
420,38999
472,39000
43,39109
457,39124
458,39125
490,39219
163,39375
99,39422
491,39422
492,39423
500,39424
94,39485
65,39486
311,39486
41,39566
272,39596
98,39616
99,39617
491,39617
490,39650
121,39651
204,39681
79,39726
252,39728
437,39731
96,39823
97,39824
525,39857
489,39919
490,39920
99,39921
491,39921
492,39922
96,39934
353,39935
354,39936
393,39943
203,39961
310,39965
448,39966
471,39966
526,40005
416,40039
394,40091
395,40092
372,40206
252,40230
435,40239
436,40240
437,40241
416,40266
317,40279
96,40361
97,40362
372,40420
490,40435
97,40437
98,40438
99,40439
491,40439
203,40450
211,40479
212,40480
65,40527
311,40527
312,40528
72,40539
353,40556
202,40578
240,40669
241,40670
242,40671
247,40675
316,40736
420,40736
317,40737
105,40785
11,40786
374,40786
375,40787
409,40791
416,40823
312,40827
436,40838
437,40839
95,40866
349,40880
490,40884
99,40885
491,40885
492,40886
483,40976
79,40996
80,40997
353,41096
353,41244
200,41292
201,41293
97,41310
312,41338
212,41383
425,41408
313,41433
361,41497
421,41497
163,41498
310,41501
241,41531
242,41532
472,41538
415,41549
416,41550
85,41557
242,41606
419,41663
316,41664
420,41664
472,41665
418,41668
419,41669
96,41671
353,41672
212,41687
159,41795
160,41796
84,41849
94,41915
95,41916
96,41917
316,41924
420,41924
120,41939
313,41952
71,41976
72,41977
209,41980
210,41981
492,41985
451,41993
316,41998
420,41998
361,41999
421,41999
498,42018
154,42107
458,42164
96,42214
353,42215
98,42352
99,42353
491,42353
120,42380
65,42474
311,42474
312,42475
416,42514
316,42517
420,42517
472,42518
316,42528
420,42528
472,42529
418,42532
472,42562
473,42563
437,42589
365,42677
470,42707
310,42797
448,42798
471,42798
310,42815
95,42816
96,42817
97,42818
120,42830
185,42851
131,42924
120,42953
84,42970
95,43017
97,43041
454,43063
364,43072
310,43088
65,43089
311,43089
312,43090
210,43108
393,43111
210,43144
316,43176
420,43176
94,43184
150,43218
95,43254
96,43255
458,43346
316,43382
420,43382
395,43469
150,43481
98,43498
472,43538
435,43552
436,43553
437,43554
63,43558
486,43558
212,43585
448,43624
471,43624
317,43625
259,43692
94,43793
502,43902
131,43911
414,43914
415,43915
416,43916
55,43940
498,43950
499,43961
500,43962
64,43976
65,43977
311,43977
312,43978
244,44136
415,44188
416,44189
526,44256
433,44314
97,44346
131,44433
414,44436
294,44461
439,44462
416,44478
59,44514
84,44523
360,44525
317,44526
308,44538
415,44561
416,44562
131,44564
392,44570
210,44605
310,44660
95,44661
154,44698
71,44742
72,44743
458,44861
204,44897
58,44903
473,44925
474,44926
349,44942
209,44980
98,44999
271,45031
364,45042
365,45079
163,45080
470,45125
535,45143
535,45175
426,45216
435,45245
97,45378
98,45379
99,45380
491,45380
492,45381
365,45411
163,45412
371,45439
372,45440
179,45445
271,45469
210,45480
499,45490
502,45523
273,45538
95,45585
96,45586
353,45587
271,45617
99,45619
491,45619
82,45706
310,45747
15,45776
525,45811
120,45911
99,45912
491,45912
245,45945
99,45948
491,45948
317,45982
131,45993
416,46118
209,46121
210,46122
364,46133
121,46165
372,46194
120,46205
121,46206
161,46217
131,46247
313,46261
131,46347
58,46396
425,46545
69,46548
310,46594
65,46595
311,46595
131,46613
132,46614
133,46615
310,46624
95,46631
96,46632
271,46656
121,46658
252,46697
316,46746
420,46746
498,46748
69,46753
295,46895
84,46903
295,47000
415,47017
416,47018
489,47022
490,47023
489,47062
128,47101
372,47133
360,47181
498,47183
271,47252
416,47274
131,47276
172,47283
416,47303
120,47308
373,47348
416,47396
316,47402
420,47402
472,47403
395,47432
535,47438
409,47445
449,47484
172,47556
64,47569
448,47570
471,47570
241,47594
349,47597
210,47661
363,47685
364,47686
501,47732
242,47741
243,47742
244,47743
98,47796
365,47816
64,47821
95,47822
96,47823
97,47824
131,47851
312,47870
313,47871
271,47876
72,47902
96,47967
416,48014
105,48050
201,48051
98,48054
99,48055
491,48055
472,48064
97,48099
527,48131
316,48137
420,48137
58,48272
271,48302
272,48303
313,48349
160,48393
392,48537
349,48561
96,48600
365,48609
84,48613
200,48632
201,48633
312,48672
316,48742
420,48742
472,48743
473,48744
273,48769
95,48793
96,48794
97,48795
211,48798
212,48799
271,48845
153,48931
154,48932
96,48934
97,48935
395,49012
415,49019
416,49020
120,49033
99,49034
491,49034
489,49075
490,49076
350,49088
425,49117
426,49118
513,49172
72,49208
96,49246
97,49247
163,49329
490,49343
437,49400
316,49429
420,49429
271,49494
271,49522
72,49525
120,49588
121,49589
372,49611
373,49612
498,49620
353,49670
201,49725
426,49757
489,49778
294,49802
295,49803
271,49805
72,49808
365,49825
425,49849
373,49937
201,49938
473,49992
241,50008
83,50015
303,50043
98,50059
99,50060
491,50060
163,50070
394,50110
395,50111
99,50112
491,50112
83,50136
84,50137
212,50139
96,50268
97,50269
163,50283
354,50294
243,50306
168,50359
169,50360
170,50361
416,50364
316,50431
420,50431
203,50434
97,50438
72,50604
161,50643
200,50645
201,50646
202,50647
203,50648
223,50689
224,50690
170,50691
209,50729
210,50730
498,50775
425,50788
435,50799
436,50800
498,50816
95,50819
96,50820
211,50843
168,50873
65,50927
311,50927
312,50928
65,50936
311,50936
393,50973
394,50974
437,50983
56,51017
57,51018
472,51086
498,51134
210,51138
435,51202
121,51216
392,51228
95,51232
426,51341
94,51370
451,51387
416,51413
131,51415
442,51436
443,51437
204,51439
160,51473
161,51474
317,51482
95,51539
96,51540
310,51553
448,51554
471,51554
498,51556
349,51682
419,51709
209,51723
72,51735
395,51856
394,51862
457,51870
153,51876
154,51877
241,51886
242,51887
457,51897
458,51898
204,51922
437,51927
240,52045
241,52046
242,52047
99,52082
491,52082
95,52085
310,52097
95,52098
427,52158
271,52173
121,52175
271,52182
173,52291
251,52297
435,52311
361,52411
421,52411
203,52428
121,52431
59,52506
310,52508
313,52528
163,52541
164,52542
490,52607
97,52609
310,52687
169,52759
425,52792
527,52794
316,52800
420,52800
437,52819
490,52888
121,52889
98,52949
375,52976
271,53000
99,53002
491,53002
393,53008
365,53022
163,53023
121,53036
96,53076
120,53116
121,53117
425,53152
85,53167
425,53245
59,53264
241,53389
312,53417
498,53423
64,53453
45,53537
75,53587
200,53605
10,53606
212,53610
489,53613
490,53614
372,53655
373,53656
316,53682
420,53682
361,53763
421,53763
366,53764
422,53764
423,53765
209,53790
99,53802
491,53802
79,53807
330,53828
490,53842
99,53843
491,53843
131,53915
252,53976
97,54045
98,54046
99,54047
491,54047
470,54052
95,54053
96,54054
472,54105
84,54106
131,54141
84,54181
158,54292
159,54293
160,54294
416,54325
472,54459
84,54460
349,54473
372,54488
96,54579
458,54584
459,54585
489,54630
498,54704
96,54723
416,54809
490,54836
372,54905
392,55013
364,55062
66,55102
364,55104
426,55118
57,55121
416,55176
353,55226
416,55229
45,55349
271,55362
419,55547
316,55548
420,55548
99,55565
491,55565
259,55591
94,55606
95,55607
96,55608
97,55609
372,55737
48,55754
204,55759
241,55825
435,55833
436,55834
368,55837
457,55841
142,55923
451,55930
154,56028
423,56109
316,56152
420,56152
242,56159
97,56249
98,56250
99,56251
491,56251
349,56281
335,56285
209,56300
210,56301
310,56431
95,56432
241,56459
242,56460
349,56467
490,56471
99,56503
491,56503
448,56506
471,56506
312,56513
120,56522
99,56523
491,56523
241,56608
241,56620
372,56640
373,56641
201,56642
95,56671
96,56672
97,56673
64,56683
310,56700
71,56702
72,56703
241,56722
241,56725
242,56726
243,56727
244,56728
245,56729
241,56740
241,56743
373,56759
10,56760
361,56785
421,56785
163,56786
310,56789
65,56804
311,56804
97,56820
419,56858
96,56860
97,56861
97,56870
64,56875
448,56876
471,56876
312,56921
71,56946
349,56950
437,56960
96,57051
353,57052
209,57078
316,57092
420,57092
457,57158
94,57163
204,57181
211,57194
392,57200
79,57245
159,57263
160,57264
105,57295
10,57296
201,57297
372,57331
314,57354
316,57399
420,57399
472,57400
473,57401
30,57404
31,57405
83,57483
435,57493
436,57494
371,57538
316,57579
420,57579
317,57580
418,57588
310,57648
70,57659
394,57679
317,57709
209,57761
210,57762
356,57767
95,57804
96,57805
97,57806
372,57817
159,57880
160,57881
161,57882
372,57890
373,57891
363,57894
364,57895
498,57897
95,57948
316,58040
420,58040
46,58047
510,58097
372,58175
64,58207
270,58238
272,58410
498,58412
372,58454
98,58472
470,58498
45,58523
245,58559
209,58611
526,58619
472,58637
490,58688
200,58711
84,58743
84,58777
394,58822
353,58867
499,58878
500,58879
367,58905
160,58943
161,58944
200,58946
10,58947
294,58961
472,59027
84,59028
450,59069
64,59260
71,59262
392,59279
64,59307
65,59308
311,59308
316,59350
420,59350
361,59351
421,59351
317,59436
312,59468
72,59491
425,59610
70,59629
71,59630
72,59631
96,59655
97,59656
98,59657
121,59658
99,59669
491,59669
100,59670
473,59683
59,59699
310,59701
448,59702
471,59702
472,59703
72,59762
435,59780
473,59787
